0.186193
0.002583
0.002583
0.003527
0.003149
0.002771
0.002016
0.001512
0.003842
0.002646
0.003401
0.001701
0.003590
0.002457
0.002142
0.004976
0.003275
0.001701
0.001575
0.004094
0.001953
0.002457
0.003401
0.001512
0.002897
0.002457
0.003779
0.003464
0.003275
0.002457
0.003653
0.010771
0.005102
0.003968
0.003149
0.003275
0.002834
0.004157
0.004031
0.001197
0.001953
0.001953
0.003149
0.001575
0.003590
0.001701
0.003779
0.001575
0.003149
0.002394
0.002897
0.002897
0.002394
0.003149
0.001890
0.001701
0.002583
0.003401
0.009574
0.002331
0.006236
0.003905
0.004913
0.003968
0.004976
0.003023
0.002960
0.003590
0.002205
0.006362
0.002583
0.001575
0.001512
0.005039
0.001197
0.000945
0.002142
0.004598
0.001827
0.003779
0.002079
0.003779
0.001701
0.001638
0.001764
0.002331
0.001701
0.000693
0.004220
0.008440
0.003212
0.001071
0.004283
0.003842
0.003968
0.004535
0.005228
0.003212
0.002834
0.003527
0.003527
0.004157
0.002268
0.002708
0.002897
0.005291
0.002394
0.003149
0.008251
0.002394
0.001890
0.002708
0.005102
0.002457
0.001512
0.002708
0.001638
0.005039
0.002205
0.001764
0.004535
0.007307
0.002016
0.001764
0.012283
0.003905
0.001638
0.001827
0.002646
0.002646
0.003275
0.008377
0.002646
0.002394
0.003590
0.002960
0.001764
0.002583
0.002960
0.001134
0.003842
0.002331
0.001197
0.003779
0.003653
0.001701
0.002268
0.005858
0.002771
0.002897
0.002708
0.001827
0.003779
0.002897
0.002457
0.001827
0.005606
0.003149
0.002960
0.003149
0.005921
0.003338
0.003401
0.002897
0.002708
0.004094
0.008881
0.001953
0.002331
0.002331
0.002016
0.000630
0.002960
0.002268
0.003275
0.002079
0.002960
0.002268
0.003212
0.001071
0.002079
0.002268
0.002583
0.000945
0.002079
0.003275
0.005165
0.001701
0.005228
0.004346
0.002960
0.003842
0.004850
0.003212
0.003023
0.005039
0.003779
0.009763
0.002708
0.001701
0.001260
0.002708
0.001260
0.001386
0.002520
0.002834
0.002016
0.002016
0.002079
0.003401
0.002079
0.003023
0.001890
0.004661
0.001260
0.001575
0.002897
0.005606
0.003212
0.001638
0.004472
0.003338
0.003653
0.003212
0.009826
0.003716
0.002268
0.002520
0.004220
0.005669
0.001386
0.001953
0.001575
0.005795
0.002394
0.000756
0.005228
0.003275
0.002142
0.003590
0.005165
0.002771
0.001827
0.002583
0.001953
0.006236
0.002394
0.001890
0.003401
0.005102
0.002268
0.001953
0.005480
0.002897
0.003779
0.003338
