0.151424
0.002897
0.003653
0.006173
0.001575
0.001575
0.003968
0.004787
0.002268
0.001449
0.005228
0.004031
0.000882
0.001890
0.002960
0.009007
0.001512
0.001953
0.001071
0.007496
0.001008
0.001827
0.003842
0.001827
0.002331
0.002457
0.006362
0.007370
0.001764
0.001701
0.007811
0.018770
0.004031
0.002834
0.003590
0.003968
0.001260
0.002079
0.006173
0.001575
0.001512
0.001386
0.006047
0.001323
0.003023
0.001008
0.008377
0.001575
0.000819
0.001386
0.003275
0.001953
0.001260
0.000819
0.002520
0.001512
0.002771
0.003401
0.009385
0.002583
0.008566
0.002142
0.012472
0.002520
0.002771
0.003023
0.005165
0.007685
0.001008
0.005732
0.002394
0.002708
0.000756
0.006173
0.002142
0.004913
0.000756
0.007999
0.002016
0.006803
0.001008
0.003779
0.001386
0.003716
0.000630
0.002142
0.001197
0.002771
0.001638
0.009511
0.003338
0.005732
0.001323
0.007874
0.001575
0.008566
0.002771
0.002583
0.003338
0.005291
0.002457
0.003212
0.001638
0.003968
0.001323
0.004094
0.001197
0.002583
0.006110
0.002268
0.001575
0.002331
0.003905
0.001449
0.001764
0.003590
0.001008
0.003716
0.001197
0.001260
0.004535
0.005228
0.001638
0.002897
0.011212
0.004157
0.001323
0.003401
0.000756
0.001386
0.002834
0.015369
0.001638
0.002016
0.004535
0.005606
0.000882
0.001260
0.004913
0.001701
0.001701
0.002394
0.001449
0.006803
0.001638
0.001197
0.002142
0.006425
0.001890
0.003149
0.004535
0.003527
0.001890
0.001953
0.004220
0.006173
0.003464
0.003149
0.004094
0.007999
0.004283
0.001512
0.004535
0.001953
0.001386
0.003275
0.010645
0.002834
0.001260
0.001008
0.002457
0.001323
0.001449
0.001953
0.003653
0.001953
0.001827
0.001134
0.006299
0.001008
0.001449
0.001008
0.003149
0.001827
0.001008
0.002520
0.007811
0.001575
0.004913
0.003401
0.003779
0.004157
0.000567
0.004094
0.001764
0.005858
0.001575
0.009259
0.003086
0.004472
0.000819
0.001827
0.001449
0.002520
0.001197
0.003968
0.001764
0.003779
0.000504
0.005732
0.001071
0.004913
0.000378
0.004661
0.001008
0.003275
0.000945
0.007055
0.003086
0.004031
0.002394
0.004472
0.005228
0.008944
0.009385
0.002079
0.000819
0.003275
0.002771
0.003527
0.001449
0.002583
0.000882
0.003590
0.001512
0.001953
0.004220
0.001197
0.001575
0.002205
0.004094
0.002205
0.002205
0.002142
0.002079
0.003590
0.001764
0.003968
0.002331
0.003212
0.001701
0.003968
0.004283
0.002897
0.003401
0.005165
