0.185815
0.002457
0.003212
0.004661
0.002583
0.002583
0.003590
0.003338
0.003149
0.002394
0.004913
0.003716
0.002583
0.002457
0.002457
0.007999
0.001827
0.001701
0.001827
0.005480
0.002142
0.002897
0.004346
0.002457
0.002834
0.001386
0.006425
0.005480
0.002646
0.001953
0.003212
0.014550
0.004094
0.003149
0.004031
0.003527
0.001827
0.003275
0.006677
0.001701
0.001953
0.002016
0.003905
0.001512
0.002520
0.001575
0.004283
0.002331
0.002142
0.001638
0.002520
0.003086
0.001386
0.002520
0.003275
0.002205
0.002708
0.002834
0.008503
0.003905
0.005291
0.002331
0.005165
0.004220
0.003275
0.002079
0.004220
0.005480
0.002205
0.003716
0.003653
0.002394
0.001134
0.004409
0.002331
0.002394
0.001323
0.002520
0.002016
0.005228
0.001890
0.001260
0.002394
0.002897
0.001323
0.001764
0.002394
0.001197
0.003149
0.006740
0.005480
0.003212
0.002079
0.002142
0.005165
0.007307
0.003716
0.001575
0.003338
0.003968
0.003338
0.002331
0.003338
0.002142
0.001953
0.004031
0.003779
0.003464
0.006677
0.001701
0.003338
0.003464
0.004031
0.001323
0.002520
0.003149
0.001449
0.003023
0.002205
0.001827
0.003968
0.004976
0.002268
0.002834
0.009448
0.002897
0.002583
0.002394
0.001953
0.001638
0.003716
0.008944
0.002205
0.001701
0.004472
0.004535
0.001764
0.002331
0.004976
0.001638
0.003023
0.001512
0.001953
0.006236
0.002268
0.001638
0.002394
0.006992
0.001638
0.002205
0.003212
0.003212
0.002771
0.001953
0.004346
0.004094
0.004598
0.002016
0.004094
0.005291
0.004976
0.003023
0.003716
0.003527
0.002520
0.003464
0.010267
0.003401
0.002142
0.001953
0.003212
0.001764
0.002646
0.001512
0.003023
0.002331
0.002771
0.001197
0.004094
0.002331
0.002394
0.001701
0.003086
0.001701
0.002016
0.002960
0.005480
0.002205
0.004031
0.003212
0.003338
0.004724
0.001512
0.002205
0.004031
0.007622
0.002457
0.008503
0.004535
0.002646
0.000693
0.001260
0.001827
0.001953
0.001260
0.001953
0.002520
0.002834
0.001701
0.002583
0.002142
0.003590
0.001764
0.003212
0.002394
0.002583
0.002331
0.004031
0.005606
0.002646
0.003401
0.002205
0.004346
0.005606
0.007811
0.001827
0.001764
0.002708
0.003527
0.003905
0.002771
0.002205
0.001323
0.003527
0.002834
0.002331
0.003023
0.001134
0.002016
0.003590
0.004220
0.002142
0.002016
0.002457
0.001638
0.005480
0.003401
0.003212
0.003212
0.001638
0.002205
0.002771
0.003842
0.001827
0.003527
0.003149
