0.129063
0.002834
0.003149
0.003842
0.003086
0.003527
0.003905
0.003149
0.004283
0.003086
0.004346
0.001953
0.005921
0.002331
0.002708
0.003968
0.003401
0.001449
0.002708
0.004724
0.001890
0.002079
0.005606
0.001449
0.003779
0.001701
0.004976
0.003842
0.003275
0.002708
0.004535
0.004598
0.005732
0.003716
0.004850
0.004661
0.002834
0.004094
0.009259
0.002834
0.002079
0.001575
0.003023
0.001323
0.002646
0.001575
0.003401
0.001890
0.003275
0.001890
0.002142
0.003779
0.001512
0.002583
0.003716
0.002457
0.003149
0.004535
0.006614
0.006803
0.005102
0.005858
0.004031
0.005858
0.004220
0.002394
0.004850
0.006614
0.002834
0.004850
0.005606
0.002205
0.001512
0.002079
0.002583
0.001701
0.002268
0.001575
0.002016
0.002457
0.002834
0.001071
0.003401
0.002205
0.002520
0.001386
0.003968
0.000945
0.006551
0.004598
0.008503
0.003464
0.004850
0.002205
0.007181
0.004031
0.004472
0.001575
0.004157
0.005228
0.001701
0.001386
0.005039
0.002520
0.001953
0.002646
0.004157
0.004850
0.004220
0.001575
0.005543
0.003149
0.004157
0.001134
0.002583
0.003401
0.001953
0.003842
0.003842
0.000882
0.003527
0.002897
0.003275
0.002834
0.003401
0.002771
0.003905
0.003968
0.003905
0.002457
0.004850
0.009133
0.003023
0.002142
0.007874
0.002646
0.002520
0.001638
0.003338
0.001134
0.004661
0.001890
0.002079
0.003527
0.002394
0.001323
0.003716
0.006173
0.002331
0.001260
0.006362
0.002142
0.003023
0.002142
0.003338
0.003968
0.003527
0.002394
0.005102
0.003590
0.008692
0.003023
0.005984
0.004220
0.004598
0.003338
0.010960
0.003464
0.002205
0.001449
0.003527
0.001701
0.001764
0.001764
0.004031
0.002520
0.003653
0.001260
0.003464
0.002268
0.001638
0.001449
0.003338
0.001512
0.003023
0.004094
0.003842
0.004787
0.003716
0.004535
0.004409
0.006677
0.002646
0.003464
0.004976
0.008062
0.004157
0.009700
0.006614
0.004535
0.001449
0.000693
0.002079
0.001386
0.001953
0.002457
0.002457
0.002457
0.003086
0.002394
0.002520
0.003086
0.001323
0.002583
0.002583
0.001134
0.003401
0.001827
0.006488
0.002520
0.004661
0.003212
0.006299
0.003527
0.007748
0.001764
0.004094
0.003653
0.004157
0.003716
0.003653
0.002646
0.001953
0.001071
0.003527
0.002331
0.003275
0.001449
0.002520
0.003653
0.006173
0.002142
0.003149
0.002268
0.002583
0.003842
0.002394
0.002268
0.002960
0.001890
0.003527
0.002457
0.003086
0.002834
0.002960
0.003338
