0.157533
0.002331
0.005165
0.006173
0.003527
0.001701
0.004661
0.004346
0.001638
0.001197
0.005039
0.002394
0.001323
0.001701
0.002960
0.005291
0.001890
0.000819
0.002205
0.005606
0.000693
0.001008
0.004598
0.000945
0.002079
0.001764
0.008818
0.006236
0.002771
0.002520
0.008881
0.016629
0.004850
0.004724
0.004661
0.006047
0.001575
0.002897
0.006992
0.003212
0.001890
0.001260
0.005102
0.000945
0.003338
0.001008
0.006299
0.001386
0.001260
0.001323
0.003401
0.002205
0.001197
0.001008
0.002142
0.001071
0.002960
0.002834
0.013039
0.003716
0.006047
0.003023
0.007685
0.004472
0.004283
0.003464
0.006677
0.006488
0.002079
0.003527
0.003905
0.001764
0.001260
0.004094
0.001575
0.003338
0.001008
0.005354
0.000882
0.005228
0.001008
0.002583
0.002079
0.001701
0.001008
0.001449
0.002331
0.001953
0.003023
0.006803
0.005102
0.004031
0.002142
0.004850
0.005291
0.007999
0.003212
0.002583
0.003842
0.004661
0.003401
0.001512
0.002520
0.003401
0.002268
0.003086
0.001764
0.001890
0.004661
0.001701
0.002205
0.001953
0.003023
0.000630
0.001386
0.001827
0.000504
0.002331
0.001638
0.001008
0.004346
0.003212
0.002520
0.003716
0.013165
0.002960
0.001890
0.003527
0.002394
0.001512
0.005669
0.012661
0.002016
0.001953
0.006740
0.005291
0.000945
0.001008
0.005102
0.001323
0.001323
0.000945
0.001827
0.005291
0.001512
0.001260
0.002268
0.004094
0.001953
0.001323
0.004598
0.002708
0.002394
0.001260
0.004850
0.005039
0.003905
0.002771
0.003968
0.006173
0.006173
0.002457
0.006677
0.004346
0.002960
0.002771
0.012220
0.004157
0.002142
0.001827
0.002142
0.001827
0.001449
0.001449
0.003023
0.002142
0.002394
0.000945
0.004913
0.001764
0.001638
0.001008
0.003149
0.001260
0.001953
0.002520
0.008818
0.003338
0.005921
0.003716
0.004346
0.006173
0.002016
0.005102
0.005543
0.007496
0.002960
0.007559
0.004661
0.004787
0.000945
0.001323
0.002142
0.001701
0.001512
0.002331
0.001890
0.002205
0.001008
0.003023
0.001827
0.002834
0.001008
0.002960
0.001953
0.001575
0.002079
0.005921
0.005480
0.002834
0.003968
0.003653
0.006362
0.006551
0.010582
0.002079
0.002268
0.003905
0.002708
0.002646
0.002583
0.002834
0.000819
0.003086
0.001512
0.001449
0.003338
0.000945
0.001575
0.001764
0.003275
0.001449
0.002016
0.001827
0.001071
0.002457
0.001953
0.002394
0.003779
0.001701
0.002457
0.003653
0.004220
0.001953
0.003338
0.004850
