0.129000
0.002583
0.002079
0.002142
0.003086
0.003086
0.003023
0.001701
0.004157
0.001953
0.002897
0.001008
0.002960
0.002771
0.001701
0.003968
0.003086
0.001197
0.001512
0.003716
0.001449
0.001638
0.003590
0.000882
0.003464
0.003149
0.005543
0.002205
0.003779
0.001512
0.005480
0.010456
0.007811
0.005984
0.003023
0.002771
0.003023
0.005291
0.007181
0.002016
0.003023
0.002394
0.005228
0.000504
0.004598
0.001638
0.005921
0.001260
0.002394
0.002016
0.003086
0.001575
0.002079
0.002646
0.002331
0.000819
0.003653
0.006866
0.010582
0.002708
0.009637
0.005102
0.004724
0.002268
0.007496
0.003779
0.003653
0.003590
0.003275
0.008503
0.004283
0.001071
0.001575
0.003653
0.001953
0.001449
0.001764
0.002834
0.002457
0.002771
0.002834
0.002016
0.002771
0.001197
0.002079
0.002079
0.002079
0.001071
0.004976
0.009070
0.004913
0.001260
0.004976
0.005291
0.004220
0.004346
0.007307
0.004724
0.003716
0.002331
0.003464
0.004094
0.002646
0.001890
0.002646
0.004157
0.002960
0.002268
0.007622
0.001197
0.002708
0.001764
0.005795
0.001323
0.002079
0.002142
0.001512
0.004031
0.001827
0.001071
0.007370
0.006677
0.002079
0.001575
0.016944
0.004220
0.002394
0.001953
0.004031
0.001386
0.002394
0.006236
0.002834
0.003338
0.003590
0.002205
0.002205
0.002016
0.003275
0.001260
0.003968
0.001701
0.001638
0.003779
0.002708
0.001638
0.002331
0.003023
0.002897
0.001512
0.003464
0.000945
0.003086
0.002268
0.003023
0.002331
0.005291
0.003401
0.002079
0.002205
0.007937
0.003968
0.004598
0.002016
0.004220
0.006614
0.010645
0.001512
0.002708
0.002708
0.002268
0.000693
0.003149
0.002583
0.003086
0.001260
0.005228
0.001512
0.005165
0.001197
0.002583
0.001638
0.003527
0.000945
0.003464
0.005984
0.006992
0.001953
0.008251
0.005795
0.002960
0.003401
0.005102
0.004220
0.002394
0.004472
0.004031
0.010771
0.003842
0.002142
0.001386
0.001638
0.001890
0.001386
0.002834
0.002142
0.001701
0.001575
0.001827
0.002142
0.001764
0.002394
0.001449
0.003527
0.002079
0.000945
0.003779
0.008125
0.005417
0.001386
0.007244
0.003905
0.004598
0.003590
0.012913
0.003779
0.002016
0.001449
0.005354
0.005858
0.002897
0.002016
0.001134
0.003086
0.002897
0.001764
0.005669
0.001386
0.001764
0.002960
0.004976
0.001827
0.002457
0.001953
0.002142
0.002834
0.002646
0.001701
0.005669
0.005480
0.002960
0.002331
0.009322
0.004472
0.003023
0.002268
