0.175359
0.003149
0.004787
0.006110
0.002205
0.001638
0.005480
0.003905
0.001575
0.001134
0.005984
0.002708
0.001008
0.001575
0.002960
0.005354
0.001512
0.000945
0.001890
0.005291
0.000567
0.001764
0.003779
0.001197
0.001764
0.001953
0.009070
0.005858
0.001764
0.001512
0.006677
0.016566
0.005165
0.003905
0.004220
0.005669
0.002142
0.003716
0.007685
0.001827
0.001953
0.001323
0.005228
0.001512
0.003401
0.000693
0.005606
0.001575
0.001323
0.001386
0.003023
0.001827
0.001449
0.001386
0.003023
0.001575
0.003086
0.003023
0.013605
0.002331
0.006173
0.002646
0.007118
0.002205
0.003779
0.002771
0.002771
0.005984
0.001260
0.006551
0.004220
0.001701
0.001260
0.004472
0.001449
0.003401
0.001008
0.003968
0.001827
0.005732
0.000882
0.002079
0.001575
0.002079
0.000756
0.001008
0.001512
0.001260
0.002331
0.008881
0.004283
0.004031
0.001575
0.005669
0.002457
0.011590
0.003653
0.003464
0.002520
0.004346
0.003590
0.002457
0.003086
0.002016
0.001638
0.003464
0.002205
0.002079
0.004283
0.001071
0.001827
0.001764
0.004157
0.001260
0.001260
0.003023
0.000756
0.003023
0.001575
0.001008
0.006173
0.006173
0.002205
0.002834
0.014676
0.002331
0.001575
0.002079
0.001638
0.001827
0.004157
0.012094
0.001575
0.002142
0.005795
0.004283
0.001071
0.001512
0.004283
0.001260
0.002394
0.001260
0.002457
0.004850
0.000945
0.000882
0.002708
0.004535
0.001575
0.001134
0.004913
0.002583
0.002268
0.002646
0.006299
0.003527
0.003401
0.002897
0.005102
0.006992
0.003905
0.001890
0.005165
0.002771
0.002646
0.003779
0.013291
0.002142
0.001575
0.001449
0.003023
0.001449
0.001953
0.001764
0.002834
0.002016
0.003401
0.001071
0.004346
0.001197
0.001638
0.001638
0.004535
0.000756
0.001386
0.004220
0.009700
0.001260
0.004409
0.004157
0.004598
0.006110
0.001449
0.004157
0.002331
0.005228
0.001953
0.010645
0.004535
0.002708
0.000945
0.002268
0.001449
0.001953
0.001701
0.001827
0.001575
0.003716
0.001638
0.002268
0.001197
0.003212
0.001323
0.003023
0.001953
0.001890
0.001575
0.006992
0.004535
0.002205
0.005354
0.003023
0.004157
0.005858
0.011023
0.002646
0.001827
0.002331
0.004031
0.004031
0.002331
0.002897
0.000756
0.003401
0.001764
0.001386
0.003464
0.000945
0.001638
0.002268
0.003842
0.001323
0.002016
0.002079
0.001575
0.002708
0.002079
0.002268
0.003149
0.002771
0.002457
0.002457
0.003968
0.003401
0.002897
0.005039
