0.179264
0.002897
0.004157
0.005732
0.003401
0.001701
0.004220
0.003842
0.002583
0.001071
0.003527
0.002583
0.002079
0.001701
0.003842
0.007118
0.002708
0.001071
0.001197
0.006110
0.001323
0.002268
0.003779
0.001953
0.002708
0.001764
0.007622
0.005417
0.002016
0.001197
0.008062
0.014361
0.005543
0.003149
0.002708
0.003842
0.002394
0.003212
0.005732
0.001764
0.002331
0.001449
0.004220
0.001701
0.004346
0.000882
0.008629
0.001197
0.002960
0.001197
0.001764
0.002016
0.002016
0.000819
0.001638
0.001197
0.002960
0.003149
0.012661
0.002520
0.006992
0.002897
0.011779
0.002708
0.002771
0.003590
0.003464
0.006362
0.001134
0.005543
0.003086
0.002457
0.000945
0.004472
0.001701
0.002708
0.000378
0.006992
0.002142
0.004913
0.001701
0.002583
0.001890
0.003086
0.000504
0.001386
0.001701
0.001638
0.002771
0.009259
0.004157
0.003779
0.001323
0.003905
0.002268
0.005732
0.005354
0.001827
0.003023
0.004724
0.003527
0.002205
0.002268
0.003086
0.002331
0.003527
0.001386
0.002771
0.008377
0.001197
0.001701
0.002646
0.005669
0.001197
0.000945
0.004157
0.001575
0.002331
0.001449
0.001386
0.005354
0.004409
0.002268
0.004094
0.012283
0.002394
0.001323
0.002646
0.002771
0.001575
0.002520
0.012598
0.001890
0.001764
0.004724
0.004850
0.001071
0.001512
0.004157
0.001638
0.003149
0.001638
0.001890
0.006740
0.002520
0.001449
0.002520
0.005732
0.002142
0.001323
0.002834
0.001701
0.002457
0.001575
0.005165
0.003968
0.004409
0.002834
0.003275
0.007118
0.003716
0.001701
0.003968
0.001953
0.002394
0.002960
0.009637
0.002016
0.002079
0.001071
0.001512
0.001134
0.003716
0.001449
0.002583
0.001512
0.003968
0.000693
0.003023
0.000882
0.002457
0.001323
0.002457
0.001701
0.002268
0.003149
0.007874
0.001701
0.005480
0.004031
0.003590
0.005606
0.001701
0.003527
0.002960
0.005291
0.002079
0.009196
0.003842
0.002771
0.001071
0.001638
0.001386
0.002205
0.001638
0.002331
0.001764
0.002520
0.001008
0.004661
0.000882
0.004031
0.000882
0.002205
0.001638
0.002394
0.001386
0.005480
0.004535
0.001890
0.004031
0.003275
0.005039
0.007496
0.009889
0.002520
0.001827
0.002708
0.003275
0.002268
0.002079
0.002583
0.001449
0.003527
0.001449
0.001575
0.005669
0.001134
0.001386
0.003779
0.004535
0.001449
0.001701
0.002016
0.002079
0.002142
0.001638
0.003212
0.003212
0.003338
0.002205
0.004346
0.005669
0.002708
0.002834
0.004535
