0.164651
0.003464
0.003275
0.004535
0.003023
0.001953
0.003590
0.002834
0.003590
0.002457
0.004409
0.002583
0.002394
0.002583
0.003779
0.005165
0.003653
0.002016
0.001764
0.004409
0.000882
0.002457
0.004913
0.001386
0.002960
0.002142
0.004661
0.005228
0.002205
0.001638
0.004661
0.009952
0.006173
0.004535
0.003905
0.003086
0.002394
0.003464
0.006677
0.001638
0.002394
0.002079
0.005543
0.000882
0.004283
0.002331
0.012220
0.000819
0.001953
0.001953
0.003023
0.001575
0.002394
0.001260
0.003023
0.001197
0.002897
0.003590
0.008944
0.002583
0.005795
0.002583
0.005732
0.002268
0.003716
0.002708
0.004472
0.004094
0.001638
0.007622
0.003716
0.001197
0.001386
0.004598
0.002394
0.001449
0.001953
0.006488
0.001449
0.003149
0.001701
0.002834
0.001323
0.002268
0.001197
0.002708
0.001386
0.001386
0.002016
0.008944
0.003653
0.002646
0.001512
0.003338
0.003338
0.005732
0.005480
0.002960
0.003842
0.004220
0.002708
0.002583
0.002708
0.002205
0.003275
0.004094
0.002331
0.002394
0.010204
0.002016
0.001827
0.001764
0.006173
0.001512
0.001890
0.002331
0.001386
0.003779
0.002897
0.000882
0.006677
0.004283
0.003149
0.003086
0.013102
0.003338
0.002331
0.002520
0.002834
0.001323
0.003401
0.008692
0.002897
0.002331
0.004598
0.003905
0.001512
0.002142
0.004220
0.001638
0.003590
0.001953
0.001260
0.004661
0.002708
0.002897
0.002394
0.004598
0.002142
0.001953
0.004535
0.001638
0.003779
0.002646
0.004031
0.003779
0.005354
0.003590
0.003653
0.005732
0.005291
0.001953
0.003653
0.002142
0.002897
0.003275
0.009385
0.001890
0.001764
0.001638
0.002331
0.001260
0.001764
0.001764
0.003149
0.001386
0.003527
0.001953
0.006614
0.001323
0.002205
0.002457
0.003149
0.001008
0.002331
0.003653
0.006236
0.001134
0.006299
0.003905
0.003338
0.004157
0.002079
0.003401
0.003086
0.003968
0.001890
0.011905
0.003527
0.002834
0.000819
0.002583
0.001827
0.002268
0.001701
0.003590
0.001953
0.001575
0.001134
0.004598
0.001449
0.002457
0.001386
0.004283
0.001953
0.001512
0.001638
0.006803
0.003968
0.001323
0.003905
0.004220
0.004661
0.004535
0.011338
0.003023
0.000819
0.002520
0.004724
0.003527
0.003086
0.002079
0.001197
0.004031
0.001953
0.001386
0.005795
0.001449
0.002079
0.003338
0.004598
0.002268
0.001764
0.002016
0.002646
0.003842
0.002394
0.002394
0.004220
0.002771
0.002142
0.002583
0.005291
0.003023
0.003905
0.003401
