0.179453
0.003527
0.003968
0.005921
0.002834
0.001764
0.003464
0.004976
0.001953
0.001449
0.003779
0.001953
0.001638
0.001512
0.002520
0.007181
0.002268
0.000819
0.001512
0.005543
0.000567
0.002394
0.002897
0.001071
0.001890
0.001260
0.008251
0.007433
0.001827
0.001323
0.004787
0.019589
0.005417
0.003149
0.003464
0.004787
0.002583
0.003401
0.006929
0.001323
0.002079
0.001008
0.004031
0.001260
0.004913
0.001008
0.005354
0.001260
0.003275
0.001197
0.002331
0.001827
0.002205
0.000945
0.001890
0.001134
0.003905
0.002834
0.012661
0.003275
0.008062
0.002079
0.006740
0.002268
0.002583
0.002520
0.004031
0.006677
0.001449
0.004787
0.003023
0.002646
0.001323
0.003968
0.001197
0.003653
0.001134
0.008503
0.002016
0.006614
0.001512
0.002394
0.001701
0.002960
0.000504
0.002016
0.001008
0.001953
0.002457
0.010708
0.003086
0.004031
0.001575
0.004409
0.002583
0.008314
0.005354
0.002897
0.002708
0.005165
0.003401
0.002205
0.001512
0.002771
0.001764
0.003842
0.001890
0.002142
0.006614
0.001449
0.001260
0.002708
0.004409
0.001008
0.000756
0.003086
0.001323
0.003212
0.001008
0.001008
0.006488
0.005102
0.001890
0.003086
0.013794
0.003464
0.001764
0.002142
0.002394
0.001071
0.003716
0.012409
0.002079
0.001071
0.004472
0.005354
0.000567
0.001764
0.003212
0.001134
0.002331
0.001512
0.001701
0.004850
0.002079
0.001638
0.001764
0.005795
0.001638
0.001575
0.003653
0.002457
0.002583
0.001638
0.004535
0.004031
0.003968
0.003401
0.004157
0.007118
0.005669
0.001764
0.004598
0.002834
0.002583
0.002394
0.010456
0.002897
0.002079
0.000630
0.001575
0.001260
0.003590
0.000756
0.003590
0.001890
0.004913
0.000693
0.004724
0.000693
0.002646
0.001260
0.002960
0.001008
0.001638
0.003212
0.007496
0.001827
0.006236
0.003716
0.002708
0.005417
0.002016
0.003086
0.002205
0.006110
0.001953
0.009196
0.004283
0.002960
0.000819
0.002079
0.000756
0.002646
0.001512
0.002394
0.001575
0.002834
0.001386
0.005606
0.001134
0.004094
0.000945
0.003023
0.001953
0.002520
0.001575
0.005291
0.003905
0.002268
0.003149
0.003590
0.004535
0.006929
0.008881
0.002583
0.001701
0.002960
0.004409
0.002897
0.001764
0.002079
0.001197
0.002960
0.001701
0.001260
0.004724
0.000693
0.001197
0.002016
0.005291
0.001134
0.000693
0.002771
0.002268
0.002457
0.001512
0.002646
0.002960
0.003149
0.002583
0.003905
0.006047
0.002834
0.003212
0.005354
