0.185815
0.002708
0.003023
0.004598
0.003464
0.002583
0.003527
0.003086
0.003527
0.002834
0.004598
0.003464
0.002079
0.002583
0.002646
0.006929
0.002268
0.001134
0.001638
0.005228
0.002205
0.003149
0.004787
0.002520
0.002583
0.002142
0.006614
0.005606
0.002331
0.001827
0.004850
0.011086
0.003842
0.003149
0.004094
0.003527
0.001449
0.003212
0.006866
0.002268
0.001953
0.002016
0.003086
0.001386
0.002960
0.001827
0.004724
0.002079
0.002016
0.002142
0.002834
0.002897
0.001953
0.002331
0.002646
0.001512
0.002457
0.003338
0.009322
0.003149
0.005606
0.002520
0.009007
0.004031
0.002771
0.002079
0.003590
0.005291
0.001638
0.003779
0.004409
0.002079
0.001449
0.004031
0.001953
0.002016
0.001008
0.002457
0.002079
0.005102
0.002016
0.001512
0.001827
0.003212
0.001197
0.002016
0.002583
0.001512
0.003527
0.006047
0.005354
0.003464
0.002394
0.001953
0.004850
0.006299
0.003653
0.002268
0.003653
0.005417
0.003275
0.002394
0.003716
0.002331
0.002142
0.003779
0.002771
0.003149
0.004724
0.001764
0.003527
0.002960
0.004094
0.001260
0.001701
0.003968
0.001638
0.003338
0.002520
0.001827
0.004094
0.004031
0.002771
0.002520
0.011716
0.003086
0.002646
0.002771
0.002142
0.001638
0.003653
0.009763
0.002897
0.001512
0.004787
0.004598
0.001512
0.002142
0.003968
0.001953
0.003086
0.001512
0.001827
0.006362
0.001953
0.001197
0.003023
0.006992
0.002142
0.002960
0.003212
0.002834
0.003086
0.002142
0.003779
0.004724
0.004661
0.002079
0.003779
0.005102
0.004724
0.002142
0.004472
0.003653
0.002142
0.003338
0.010897
0.003275
0.002016
0.002394
0.003086
0.002079
0.002520
0.000882
0.002960
0.002394
0.003149
0.001638
0.003023
0.002268
0.001575
0.001638
0.003086
0.001701
0.002079
0.003023
0.006047
0.002268
0.003653
0.003212
0.003338
0.004220
0.001575
0.002268
0.004220
0.006803
0.002520
0.008881
0.003968
0.002960
0.001071
0.001701
0.002708
0.002016
0.001323
0.002457
0.002016
0.002960
0.001197
0.002331
0.002016
0.003464
0.001512
0.003212
0.002268
0.002205
0.002331
0.003968
0.004724
0.002142
0.003590
0.001701
0.004031
0.005795
0.007559
0.002331
0.002457
0.003212
0.003086
0.002897
0.002331
0.003086
0.001323
0.002897
0.002834
0.002394
0.003527
0.001386
0.001827
0.003653
0.003842
0.001827
0.002646
0.002016
0.002079
0.004346
0.003023
0.002646
0.003401
0.001890
0.002708
0.002646
0.003968
0.001827
0.003716
0.004157
