0.170005
0.002205
0.004787
0.005039
0.002897
0.002205
0.004094
0.003716
0.002079
0.001953
0.004787
0.002834
0.002708
0.002205
0.002960
0.007244
0.002205
0.000819
0.002331
0.005039
0.001071
0.002016
0.004094
0.001449
0.002079
0.002268
0.007118
0.005039
0.002331
0.001575
0.005795
0.016692
0.004472
0.003023
0.004472
0.004094
0.001575
0.002457
0.006236
0.001764
0.002646
0.001827
0.004850
0.001386
0.003716
0.001323
0.006614
0.001638
0.002079
0.001197
0.003527
0.001449
0.002079
0.001449
0.001827
0.001323
0.002457
0.002331
0.010897
0.003275
0.006299
0.002520
0.009322
0.002646
0.002897
0.003842
0.004409
0.005858
0.001197
0.005039
0.004913
0.001890
0.001134
0.005606
0.002016
0.003590
0.001260
0.004472
0.001386
0.005165
0.001764
0.003023
0.001638
0.001827
0.001008
0.002394
0.001827
0.002331
0.001575
0.009007
0.005039
0.004283
0.001575
0.006929
0.003716
0.007181
0.003716
0.002331
0.003401
0.004031
0.003149
0.002205
0.001701
0.003086
0.002016
0.005354
0.002771
0.002646
0.006488
0.002394
0.002394
0.002457
0.003842
0.001260
0.001953
0.002897
0.000693
0.002708
0.002016
0.001071
0.004724
0.005417
0.002268
0.002079
0.011716
0.003212
0.001764
0.003527
0.002331
0.001071
0.004976
0.012157
0.001890
0.001575
0.004724
0.004157
0.001008
0.002079
0.005984
0.001575
0.002394
0.001890
0.002016
0.005291
0.002834
0.002834
0.002708
0.004976
0.002079
0.001953
0.004787
0.002394
0.002583
0.002016
0.004598
0.003464
0.003842
0.002771
0.004535
0.006803
0.004598
0.002016
0.004913
0.002394
0.002142
0.002205
0.009196
0.003023
0.001386
0.001323
0.002771
0.001449
0.002394
0.001638
0.003527
0.002457
0.002079
0.000630
0.005228
0.001764
0.001134
0.001512
0.003401
0.000504
0.001197
0.002520
0.008377
0.001764
0.006236
0.003590
0.004094
0.003968
0.002394
0.003779
0.002897
0.004850
0.001764
0.007811
0.004031
0.003590
0.001008
0.002834
0.002142
0.002520
0.001260
0.002960
0.002142
0.003842
0.000756
0.004094
0.001071
0.003149
0.001197
0.003401
0.001386
0.002646
0.001449
0.005291
0.003842
0.002331
0.003212
0.004283
0.005732
0.006362
0.007559
0.002331
0.001638
0.002646
0.003212
0.002583
0.002708
0.002142
0.000756
0.003527
0.002205
0.001134
0.004724
0.001575
0.001827
0.002897
0.004976
0.001953
0.001701
0.003590
0.001827
0.003527
0.002394
0.002771
0.003086
0.002897
0.003149
0.002457
0.004409
0.002583
0.003338
0.004661
