0.130637
0.002834
0.004409
0.005291
0.003653
0.002834
0.004094
0.003086
0.003905
0.002079
0.004157
0.002016
0.005039
0.002268
0.002331
0.004346
0.003905
0.001449
0.002834
0.004472
0.001260
0.002520
0.005354
0.001449
0.002771
0.001575
0.005102
0.004346
0.003842
0.002142
0.005039
0.005921
0.005732
0.002205
0.004346
0.005543
0.001890
0.003275
0.006236
0.003464
0.002583
0.001071
0.004220
0.002331
0.003527
0.001764
0.003716
0.002331
0.003023
0.002079
0.003212
0.005291
0.001575
0.002708
0.003401
0.002457
0.002331
0.003527
0.007685
0.005417
0.005417
0.004094
0.004850
0.007181
0.004409
0.002331
0.005354
0.006047
0.002142
0.004220
0.004850
0.001953
0.001638
0.002016
0.002457
0.003527
0.002331
0.002960
0.002268
0.002646
0.003842
0.001449
0.003023
0.002205
0.001827
0.001197
0.002583
0.001071
0.005669
0.004220
0.006236
0.003401
0.005228
0.002016
0.007370
0.006236
0.003212
0.002016
0.003779
0.006299
0.001953
0.001701
0.003275
0.002583
0.002394
0.003023
0.003905
0.004535
0.003527
0.001008
0.004598
0.003149
0.005480
0.001008
0.002331
0.002646
0.001512
0.002897
0.002646
0.002142
0.002897
0.002708
0.003086
0.003338
0.005102
0.001827
0.002960
0.003149
0.003842
0.001764
0.003842
0.009574
0.002834
0.002079
0.006551
0.002897
0.002394
0.002708
0.004157
0.001575
0.004913
0.002079
0.003149
0.004031
0.003905
0.001701
0.003401
0.006047
0.002268
0.001827
0.005984
0.002520
0.002079
0.002079
0.004409
0.003527
0.005228
0.001953
0.005606
0.005291
0.007811
0.003842
0.006110
0.005228
0.003149
0.002079
0.012472
0.004094
0.002897
0.001134
0.002457
0.002205
0.002646
0.001512
0.004031
0.003464
0.004220
0.001764
0.003968
0.002646
0.001449
0.001260
0.004031
0.001260
0.002079
0.003653
0.006110
0.003653
0.004283
0.003338
0.004976
0.006677
0.004157
0.003086
0.004346
0.008629
0.004283
0.007370
0.005858
0.003842
0.001386
0.001512
0.003023
0.001323
0.001890
0.002394
0.002268
0.002520
0.002394
0.001764
0.002897
0.002771
0.002331
0.002079
0.002268
0.001890
0.003653
0.002079
0.005039
0.002205
0.005795
0.003590
0.005228
0.004472
0.007370
0.002016
0.002771
0.003464
0.003779
0.002142
0.003464
0.002646
0.001764
0.001953
0.002960
0.002771
0.003149
0.001575
0.004220
0.003968
0.004850
0.002142
0.001827
0.001575
0.003086
0.004220
0.002331
0.002079
0.002457
0.001260
0.002331
0.002016
0.002771
0.002708
0.003464
0.004976
