0.168178
0.002646
0.003275
0.004724
0.003401
0.002897
0.002583
0.003716
0.003464
0.001764
0.003212
0.002583
0.003779
0.002520
0.002142
0.005291
0.002331
0.001449
0.001008
0.004346
0.001638
0.001890
0.003779
0.001890
0.004850
0.002268
0.004598
0.005669
0.004157
0.002394
0.005417
0.007244
0.006425
0.003716
0.002960
0.002960
0.001638
0.003086
0.003968
0.001260
0.003149
0.001323
0.003338
0.001260
0.004283
0.001638
0.006929
0.001512
0.003338
0.001512
0.002394
0.001386
0.001890
0.001575
0.002205
0.000945
0.003086
0.003338
0.008755
0.002708
0.006488
0.003527
0.009196
0.002834
0.004409
0.002960
0.002646
0.004913
0.002708
0.005732
0.002583
0.001701
0.001071
0.005102
0.001008
0.003023
0.001638
0.006614
0.001323
0.004724
0.002142
0.002205
0.001071
0.002079
0.001260
0.002583
0.001449
0.001512
0.003527
0.009322
0.003464
0.004535
0.003653
0.004724
0.002960
0.007181
0.005543
0.002268
0.002897
0.005228
0.003401
0.003401
0.001827
0.001827
0.002583
0.002771
0.002205
0.003464
0.006740
0.002142
0.002205
0.002708
0.006362
0.001323
0.001260
0.002646
0.001638
0.003590
0.001386
0.001764
0.007811
0.005669
0.002268
0.002960
0.015810
0.003590
0.002268
0.002394
0.003338
0.002205
0.002708
0.008818
0.002897
0.002331
0.003275
0.004220
0.001701
0.001827
0.003464
0.001575
0.003401
0.002016
0.001260
0.004283
0.003023
0.001260
0.002268
0.005354
0.002771
0.002142
0.002394
0.002520
0.002771
0.002331
0.002583
0.003338
0.005480
0.003212
0.003842
0.004283
0.006362
0.003338
0.004472
0.002960
0.002394
0.003464
0.007370
0.002834
0.002520
0.000945
0.001575
0.000567
0.003086
0.001701
0.002268
0.001890
0.004598
0.001827
0.005417
0.001827
0.002708
0.001197
0.003023
0.001638
0.002457
0.003905
0.004724
0.001890
0.006740
0.003716
0.002771
0.004094
0.003023
0.003842
0.002897
0.005417
0.002834
0.009070
0.003464
0.002646
0.000945
0.002016
0.000882
0.002205
0.001701
0.001827
0.001260
0.001890
0.001575
0.004598
0.001890
0.003905
0.001386
0.003338
0.002079
0.002394
0.002268
0.006866
0.003527
0.001764
0.004409
0.002834
0.002771
0.005606
0.011968
0.003779
0.002205
0.003275
0.005039
0.004535
0.002268
0.003149
0.001449
0.003464
0.001386
0.001953
0.005984
0.000945
0.001323
0.002583
0.006614
0.002457
0.002205
0.001953
0.002016
0.003779
0.002142
0.002268
0.003212
0.003527
0.001701
0.003653
0.007055
0.002897
0.003905
0.003527
