0.167549
0.002646
0.005102
0.005795
0.003275
0.001386
0.005480
0.003968
0.001575
0.001386
0.005543
0.002834
0.001764
0.001638
0.002960
0.006992
0.001827
0.001134
0.002520
0.003968
0.000882
0.001008
0.003527
0.001827
0.002457
0.001953
0.008755
0.005606
0.002268
0.001134
0.007055
0.015495
0.004346
0.003527
0.004976
0.003464
0.001890
0.003275
0.008377
0.002016
0.002771
0.000819
0.005921
0.000945
0.002834
0.001071
0.007055
0.001575
0.001638
0.001890
0.003023
0.001953
0.001512
0.001134
0.002583
0.001008
0.003212
0.003590
0.014361
0.003023
0.006173
0.002457
0.006551
0.002142
0.003716
0.003212
0.004094
0.005858
0.001575
0.006362
0.003653
0.002771
0.001071
0.004724
0.001827
0.003149
0.000882
0.005354
0.001260
0.005228
0.000819
0.002142
0.001953
0.002897
0.000945
0.001512
0.001449
0.001638
0.002079
0.008755
0.004976
0.004598
0.001953
0.007811
0.002897
0.008503
0.002834
0.003716
0.002520
0.003968
0.003275
0.002708
0.002457
0.003212
0.001890
0.004094
0.002142
0.002771
0.005165
0.002897
0.001260
0.002016
0.003968
0.000945
0.000882
0.001386
0.001071
0.003275
0.001260
0.001449
0.005795
0.005102
0.002520
0.003338
0.012787
0.002960
0.001323
0.002268
0.001953
0.001260
0.004346
0.012283
0.001827
0.001827
0.006992
0.004850
0.000882
0.001323
0.004535
0.001134
0.002079
0.000945
0.002708
0.005795
0.001575
0.001638
0.002708
0.004787
0.001386
0.001008
0.004409
0.003212
0.002268
0.001638
0.006236
0.004724
0.002646
0.001890
0.004535
0.006803
0.004220
0.002205
0.005669
0.002268
0.002646
0.003653
0.013353
0.001701
0.001197
0.001260
0.003464
0.001008
0.002142
0.001575
0.004157
0.001827
0.001890
0.000756
0.004661
0.000945
0.002142
0.001701
0.003716
0.001449
0.001512
0.003464
0.008566
0.002142
0.006866
0.004598
0.005354
0.003779
0.001827
0.004913
0.002268
0.006047
0.001323
0.009322
0.003527
0.002771
0.000819
0.001827
0.001701
0.001953
0.000819
0.003653
0.001386
0.002897
0.000882
0.004913
0.001197
0.003401
0.000630
0.002708
0.002016
0.002331
0.001638
0.005921
0.004472
0.002079
0.004031
0.003401
0.003653
0.007118
0.011527
0.003527
0.001260
0.002268
0.003716
0.003968
0.002834
0.002016
0.001197
0.003653
0.001449
0.001134
0.003968
0.001071
0.001386
0.002394
0.003842
0.001386
0.001575
0.001890
0.001638
0.003023
0.001827
0.002142
0.003779
0.003779
0.001764
0.002708
0.004220
0.003023
0.003212
0.003968
