0.079306
0.002083
0.002292
0.002222
0.003958
0.003681
0.009306
0.002708
0.003194
0.002778
0.005069
0.002292
0.003681
0.003194
0.002361
0.007153
0.004167
0.001597
0.002222
0.002083
0.003542
0.002361
0.003750
0.002083
0.002917
0.003681
0.004167
0.002986
0.002847
0.002500
0.002778
0.005486
0.004722
0.001806
0.004861
0.003472
0.004653
0.003125
0.012847
0.002639
0.003750
0.003750
0.009375
0.002708
0.005903
0.003194
0.004375
0.002431
0.003681
0.002083
0.004236
0.001250
0.003264
0.002431
0.010278
0.001458
0.003403
0.003542
0.003611
0.001042
0.010833
0.002847
0.005417
0.002847
0.002639
0.001944
0.002778
0.003542
0.003194
0.008056
0.002431
0.002569
0.003472
0.005069
0.006806
0.002431
0.002639
0.002708
0.003611
0.005764
0.003958
0.002083
0.002986
0.001944
0.003472
0.010347
0.001667
0.002708
0.002083
0.003333
0.004028
0.001667
0.001806
0.004444
0.003333
0.009514
0.002431
0.002708
0.001944
0.002083
0.003611
0.009236
0.002014
0.001389
0.002778
0.003403
0.005278
0.001250
0.007361
0.004792
0.002431
0.002639
0.005208
0.003889
0.003333
0.003542
0.003472
0.006181
0.001667
0.001875
0.003125
0.006111
0.003472
0.001806
0.004097
0.004583
0.003333
0.002986
0.002708
0.001667
0.002778
0.002847
0.003264
0.005000
0.006875
0.002500
0.002153
0.003125
0.002222
0.002153
0.003681
0.002847
0.002431
0.004514
0.002917
0.002361
0.002153
0.003819
0.003958
0.004028
0.005069
0.002917
0.003333
0.002431
0.005625
0.002500
0.003403
0.002361
0.002847
0.004306
0.006806
0.002431
0.003194
0.001319
0.004514
0.003819
0.005972
0.001458
0.003056
0.002708
0.010833
0.001875
0.005278
0.002292
0.003750
0.001875
0.003681
0.002986
0.004236
0.000833
0.003264
0.004583
0.008681
0.001389
0.001736
0.001389
0.005000
0.001042
0.005903
0.002569
0.005764
0.004514
0.002222
0.002569
0.003056
0.005417
0.003681
0.004861
0.005139
0.003056
0.002917
0.008958
0.002986
0.001806
0.003958
0.003472
0.004028
0.004514
0.001181
0.002014
0.002708
0.001736
0.002778
0.007083
0.007014
0.002917
0.002014
0.003750
0.002431
0.001319
0.002917
0.003125
0.002569
0.005417
0.003264
0.002708
0.003194
0.001597
0.003750
0.007153
0.003542
0.001875
0.002083
0.003681
0.001736
0.001042
0.007500
0.004861
0.002847
0.003472
0.007083
0.002986
0.003194
0.002153
0.002986
0.005694
0.004306
0.002222
0.002222
0.006944
0.002708
0.002361
0.002639
0.002986
0.002778
0.001944
