0.060069
0.001319
0.005208
0.003472
0.004444
0.000972
0.007847
0.002083
0.002222
0.001458
0.004722
0.004028
0.003611
0.001111
0.003056
0.008403
0.005000
0.000486
0.003472
0.004514
0.004236
0.001667
0.007500
0.005069
0.002569
0.002847
0.003958
0.001944
0.003819
0.001528
0.006875
0.006597
0.008472
0.001667
0.007917
0.005347
0.005903
0.000764
0.006667
0.002153
0.003750
0.003611
0.008125
0.003542
0.006806
0.001806
0.005069
0.002222
0.004583
0.000694
0.005278
0.002014
0.006389
0.001458
0.012292
0.006111
0.002431
0.001389
0.002431
0.001458
0.011736
0.002083
0.008750
0.003889
0.006806
0.002153
0.003403
0.008681
0.003750
0.003194
0.002778
0.003542
0.003403
0.003750
0.004375
0.005000
0.003125
0.002639
0.002847
0.005069
0.003403
0.001181
0.002361
0.003889
0.002986
0.007569
0.005069
0.004444
0.001597
0.001458
0.002014
0.002847
0.004097
0.002222
0.004861
0.008403
0.005417
0.001319
0.003542
0.003472
0.003681
0.006597
0.002639
0.001250
0.002500
0.002014
0.001806
0.003125
0.007917
0.001736
0.001944
0.001875
0.005417
0.000764
0.002778
0.003889
0.004583
0.002708
0.002500
0.002708
0.002639
0.003194
0.004028
0.001111
0.006806
0.002153
0.003681
0.002986
0.002847
0.000556
0.004236
0.005556
0.001944
0.003819
0.003542
0.001944
0.003333
0.001250
0.004722
0.004097
0.005139
0.000972
0.004514
0.004306
0.003542
0.000556
0.001389
0.007708
0.001875
0.001181
0.006319
0.005347
0.002778
0.000694
0.007708
0.001319
0.004653
0.001597
0.006528
0.004653
0.008681
0.001250
0.005278
0.003264
0.004306
0.000833
0.005556
0.001667
0.005347
0.000833
0.012500
0.003056
0.006597
0.000833
0.007292
0.003194
0.003056
0.000625
0.003264
0.001597
0.004444
0.004236
0.008125
0.004653
0.003264
0.000625
0.004375
0.001389
0.009236
0.001806
0.006806
0.005417
0.003542
0.001389
0.003194
0.008958
0.002222
0.003056
0.001875
0.002986
0.003403
0.007986
0.002917
0.005833
0.003611
0.001736
0.002500
0.003958
0.001319
0.001042
0.001736
0.003611
0.002917
0.003125
0.006250
0.005764
0.002431
0.001111
0.001944
0.002083
0.006736
0.002083
0.005694
0.006389
0.003889
0.001736
0.002292
0.002639
0.002986
0.002222
0.005000
0.001181
0.003542
0.001806
0.002361
0.001944
0.004861
0.000903
0.002222
0.004583
0.005694
0.000833
0.001597
0.001667
0.004861
0.003056
0.003819
0.003472
0.002778
0.004792
0.001736
0.000833
0.006389
0.001181
0.004236
0.002847
