0.074028
0.002153
0.001667
0.005000
0.003056
0.002708
0.010694
0.005347
0.002708
0.003333
0.001736
0.004236
0.002500
0.001806
0.002778
0.011597
0.004931
0.002917
0.001597
0.004653
0.002083
0.002847
0.007292
0.005000
0.002569
0.003333
0.003333
0.003958
0.001736
0.002083
0.002917
0.007431
0.005208
0.002083
0.001944
0.004514
0.003194
0.003125
0.005625
0.002431
0.002500
0.004514
0.003611
0.001806
0.008056
0.002708
0.002917
0.002569
0.002986
0.002292
0.000972
0.005000
0.002431
0.002708
0.007847
0.004167
0.003125
0.002778
0.002222
0.002569
0.012083
0.003125
0.001944
0.004722
0.004375
0.002083
0.001528
0.008889
0.002014
0.006458
0.001319
0.006319
0.001667
0.004444
0.002986
0.006736
0.002431
0.002917
0.001597
0.009306
0.002778
0.001875
0.001944
0.004236
0.003056
0.006806
0.002778
0.008472
0.002431
0.002917
0.002014
0.004236
0.002361
0.003125
0.002778
0.013958
0.003611
0.002014
0.001250
0.004931
0.005000
0.007569
0.001736
0.003264
0.002986
0.003819
0.001042
0.002292
0.012292
0.004306
0.001181
0.002500
0.005556
0.002778
0.000972
0.003056
0.003750
0.005278
0.002292
0.002986
0.004722
0.003958
0.003611
0.002014
0.009583
0.003125
0.001875
0.002431
0.002500
0.000764
0.001875
0.005278
0.002222
0.005208
0.006042
0.003819
0.002361
0.002222
0.001250
0.003958
0.004514
0.003611
0.002431
0.006458
0.002986
0.002083
0.001736
0.008472
0.003125
0.003611
0.003403
0.005556
0.002500
0.002569
0.004097
0.003472
0.003681
0.003264
0.002986
0.006389
0.006528
0.001667
0.000972
0.003750
0.003333
0.003056
0.003681
0.002986
0.003472
0.002847
0.005903
0.002847
0.004931
0.003681
0.001528
0.003958
0.003264
0.001806
0.001736
0.002083
0.002292
0.003750
0.004375
0.003542
0.002292
0.002639
0.001528
0.002847
0.007222
0.002639
0.001875
0.006042
0.002431
0.001181
0.000486
0.011181
0.001944
0.004375
0.002708
0.004236
0.002292
0.006806
0.001111
0.007500
0.003611
0.001944
0.001042
0.004861
0.001875
0.002083
0.001736
0.002917
0.002986
0.005764
0.004931
0.006250
0.001597
0.003333
0.001597
0.005764
0.004653
0.002500
0.003194
0.009375
0.002847
0.002014
0.002083
0.002292
0.004653
0.004931
0.004236
0.003403
0.001458
0.003681
0.001319
0.002986
0.007083
0.001806
0.001250
0.003889
0.007153
0.002153
0.001806
0.002083
0.001944
0.002500
0.002153
0.003611
0.001736
0.006667
0.001806
0.002361
0.006458
0.002431
0.002500
0.004514
