0.096667
0.000833
0.004306
0.003542
0.004097
0.002083
0.007778
0.002292
0.002014
0.003194
0.002986
0.001944
0.003403
0.002500
0.004236
0.007847
0.004653
0.000972
0.004514
0.002917
0.003542
0.002431
0.012708
0.002986
0.002986
0.002361
0.005556
0.001806
0.003125
0.002222
0.006042
0.004931
0.005556
0.001944
0.004236
0.005069
0.004514
0.001944
0.005764
0.001806
0.004722
0.002986
0.006111
0.002222
0.007083
0.001875
0.004028
0.001458
0.005000
0.001528
0.005278
0.002500
0.006250
0.003958
0.016181
0.002500
0.003264
0.001667
0.002778
0.001806
0.012222
0.002778
0.004375
0.002292
0.004306
0.003056
0.002500
0.005486
0.002361
0.004861
0.002083
0.002500
0.001944
0.004722
0.004722
0.001667
0.002014
0.002292
0.002153
0.004861
0.002569
0.000972
0.001597
0.001875
0.003958
0.007014
0.002917
0.002639
0.002083
0.001319
0.003958
0.001389
0.004444
0.002222
0.005000
0.005556
0.005000
0.001736
0.002917
0.004097
0.004444
0.007431
0.002431
0.001736
0.005208
0.002500
0.003958
0.001667
0.011597
0.002500
0.002014
0.001250
0.007222
0.001597
0.001667
0.001458
0.007014
0.005625
0.002847
0.002014
0.003750
0.002986
0.003056
0.000833
0.012292
0.002847
0.002847
0.001597
0.002361
0.002431
0.004028
0.003611
0.003264
0.004236
0.006667
0.000833
0.002431
0.002153
0.004444
0.002431
0.003681
0.001250
0.003333
0.003611
0.002917
0.001389
0.002153
0.003542
0.004375
0.002500
0.007153
0.001736
0.001875
0.001389
0.006667
0.001736
0.004097
0.002292
0.003333
0.004514
0.006667
0.003681
0.003333
0.002500
0.003264
0.002292
0.004167
0.001736
0.005417
0.002986
0.010417
0.002639
0.005278
0.000625
0.003125
0.002431
0.003611
0.001667
0.002778
0.000694
0.005694
0.004167
0.009375
0.002153
0.002500
0.002014
0.002778
0.001250
0.008125
0.002222
0.004375
0.004028
0.003056
0.003056
0.002917
0.007361
0.002986
0.002569
0.003542
0.001389
0.002708
0.008125
0.004583
0.002569
0.003889
0.001458
0.003472
0.002292
0.002083
0.001667
0.002083
0.001250
0.002917
0.004375
0.005347
0.001111
0.002431
0.001250
0.002778
0.002292
0.004167
0.001806
0.002639
0.005833
0.006111
0.001944
0.003333
0.001389
0.003750
0.004931
0.002708
0.001250
0.003125
0.003333
0.003333
0.002361
0.007431
0.001319
0.004028
0.003125
0.010208
0.001458
0.002708
0.000694
0.004236
0.003750
0.004514
0.001597
0.003056
0.004514
0.002431
0.001736
0.005694
0.002361
0.003958
0.002847
