0.054722
0.001806
0.002569
0.002014
0.001181
0.000694
0.014514
0.002500
0.002222
0.001597
0.003611
0.003958
0.002986
0.000764
0.006458
0.016042
0.004444
0.003958
0.002292
0.002222
0.003056
0.002153
0.009792
0.004583
0.003194
0.002153
0.001806
0.000556
0.003611
0.003125
0.004653
0.009861
0.003125
0.003681
0.002847
0.004306
0.001597
0.000833
0.009097
0.002847
0.002639
0.003264
0.006389
0.004444
0.011389
0.002569
0.007014
0.002569
0.001806
0.002153
0.003403
0.002153
0.002917
0.002083
0.017292
0.002639
0.002014
0.002569
0.002222
0.001944
0.013264
0.001111
0.004444
0.002569
0.003403
0.001250
0.005069
0.003333
0.001944
0.005764
0.003264
0.003403
0.003958
0.003056
0.007639
0.002708
0.003264
0.001597
0.004375
0.008611
0.001181
0.002917
0.001875
0.001806
0.002153
0.012708
0.004236
0.005556
0.001181
0.001528
0.001944
0.001875
0.002986
0.002153
0.004236
0.014444
0.001736
0.002778
0.001875
0.002292
0.004514
0.010625
0.002708
0.002778
0.002292
0.000972
0.002778
0.002222
0.015972
0.001736
0.003681
0.002361
0.001389
0.001250
0.004375
0.004653
0.002361
0.004861
0.002500
0.003472
0.001319
0.002222
0.002917
0.004653
0.007431
0.002569
0.003681
0.002778
0.001250
0.001944
0.002431
0.003056
0.001458
0.002083
0.010694
0.001389
0.002847
0.001458
0.001528
0.002708
0.003889
0.001181
0.002778
0.011806
0.003958
0.005764
0.001597
0.003125
0.003542
0.005556
0.006389
0.002500
0.006250
0.002222
0.003194
0.001111
0.005833
0.002569
0.001736
0.005069
0.006944
0.004514
0.001389
0.003333
0.001319
0.005000
0.005833
0.002569
0.001806
0.001875
0.008403
0.005694
0.005625
0.003264
0.002292
0.006597
0.001597
0.001806
0.002431
0.001875
0.002083
0.003681
0.014861
0.001875
0.002847
0.001111
0.001458
0.001944
0.009861
0.001944
0.002986
0.005000
0.002083
0.001042
0.005694
0.005278
0.001806
0.002847
0.006111
0.001597
0.002847
0.006042
0.003819
0.001111
0.004097
0.000972
0.003333
0.003681
0.001181
0.001528
0.003264
0.000764
0.002500
0.009375
0.007014
0.003472
0.000833
0.001319
0.001528
0.001250
0.005764
0.001806
0.003125
0.009722
0.003958
0.002569
0.001528
0.001944
0.001667
0.010764
0.003472
0.001875
0.001458
0.001458
0.002014
0.002222
0.007847
0.001667
0.002083
0.003472
0.002847
0.001528
0.005208
0.003125
0.001250
0.005556
0.005556
0.002708
0.001319
0.003681
0.002083
0.004514
0.004792
0.001667
0.004097
0.005069
