0.051042
0.001875
0.004236
0.002708
0.002153
0.001806
0.014306
0.003264
0.002569
0.001597
0.002500
0.003056
0.002153
0.001736
0.004792
0.016875
0.004375
0.003819
0.001667
0.002847
0.003750
0.001944
0.008194
0.002917
0.004444
0.004722
0.002500
0.001597
0.003403
0.002083
0.004583
0.006458
0.002708
0.003333
0.002847
0.003611
0.002778
0.002778
0.008819
0.003542
0.002292
0.004653
0.003889
0.003819
0.006944
0.002778
0.003056
0.002014
0.001389
0.002778
0.003611
0.001944
0.005278
0.001597
0.019931
0.002361
0.003750
0.002014
0.001806
0.002847
0.015139
0.001806
0.004583
0.002292
0.004861
0.001181
0.005208
0.003333
0.002847
0.005556
0.002708
0.002639
0.004861
0.002292
0.007083
0.001667
0.003194
0.001806
0.003542
0.009028
0.001319
0.002361
0.002292
0.002153
0.001944
0.012083
0.002847
0.004792
0.001875
0.001667
0.002292
0.003681
0.003333
0.002917
0.002639
0.013958
0.001528
0.002292
0.001667
0.002222
0.003819
0.012639
0.002917
0.002708
0.003958
0.001736
0.002222
0.002431
0.011181
0.002639
0.004583
0.002917
0.002986
0.000903
0.003681
0.002917
0.002292
0.004028
0.003472
0.002847
0.001944
0.002431
0.005625
0.003333
0.005486
0.001597
0.003611
0.003611
0.000903
0.001875
0.001875
0.003333
0.001944
0.004375
0.009375
0.001319
0.002569
0.001319
0.001528
0.002014
0.004167
0.001042
0.002986
0.010139
0.003194
0.005972
0.002361
0.004583
0.004028
0.005139
0.005556
0.001806
0.006042
0.003889
0.004583
0.001111
0.005833
0.001736
0.002639
0.005764
0.005000
0.005139
0.001875
0.003056
0.001389
0.007014
0.005764
0.002639
0.001250
0.002431
0.006875
0.005347
0.004444
0.003125
0.002708
0.006250
0.001667
0.001806
0.002014
0.001528
0.002986
0.003958
0.011597
0.002083
0.002778
0.002292
0.001667
0.002847
0.009792
0.001319
0.003472
0.004167
0.002222
0.000694
0.007292
0.004236
0.003611
0.004167
0.008056
0.001250
0.005417
0.005903
0.003819
0.001944
0.004583
0.000903
0.005000
0.004375
0.000903
0.001458
0.003750
0.001875
0.000972
0.009306
0.005556
0.003403
0.002014
0.001319
0.001944
0.002361
0.005000
0.000764
0.002569
0.009653
0.001667
0.001458
0.001806
0.001875
0.001667
0.007708
0.005000
0.001458
0.001667
0.001042
0.001944
0.002500
0.007361
0.001458
0.003056
0.003125
0.004028
0.001597
0.005556
0.002917
0.000764
0.003889
0.006389
0.003472
0.001597
0.005000
0.004236
0.005069
0.004653
0.000625
0.003819
0.004861
