0.164672
0.001886
0.004097
0.003642
0.002666
0.001691
0.005528
0.003252
0.001691
0.002341
0.004553
0.004162
0.002341
0.002146
0.002536
0.009040
0.003252
0.001561
0.002341
0.004878
0.002666
0.001691
0.004748
0.005528
0.002276
0.002081
0.003122
0.002341
0.002211
0.002016
0.003512
0.007869
0.005333
0.001561
0.002146
0.005593
0.002406
0.001756
0.005398
0.002211
0.002927
0.003447
0.004943
0.003317
0.004943
0.002341
0.002536
0.002081
0.002081
0.001106
0.002276
0.002862
0.004813
0.003902
0.007869
0.003772
0.003382
0.001691
0.003317
0.002471
0.009951
0.002471
0.004748
0.003707
0.004488
0.002666
0.002471
0.006894
0.001821
0.005463
0.002081
0.004488
0.001886
0.004422
0.004618
0.004357
0.001301
0.003707
0.002211
0.007414
0.002276
0.001951
0.001691
0.003187
0.003707
0.007869
0.003707
0.004878
0.002016
0.002666
0.002211
0.002732
0.002471
0.002927
0.004097
0.010211
0.003902
0.002081
0.001561
0.002666
0.002732
0.004813
0.002016
0.002536
0.003057
0.002797
0.002601
0.001561
0.007154
0.003382
0.002211
0.002341
0.003317
0.001756
0.001756
0.003252
0.004032
0.004357
0.003122
0.003252
0.002536
0.002732
0.002601
0.002211
0.005723
0.002471
0.002992
0.001886
0.001756
0.001691
0.003382
0.005268
0.002471
0.002536
0.004162
0.001886
0.002927
0.001821
0.002666
0.004943
0.003577
0.001171
0.001756
0.006178
0.002211
0.003317
0.002276
0.005983
0.002406
0.002666
0.005463
0.004032
0.001951
0.002471
0.002732
0.001496
0.003122
0.001821
0.003577
0.007024
0.007284
0.003837
0.004032
0.004227
0.002146
0.001886
0.004032
0.002016
0.002927
0.003122
0.006634
0.004488
0.003512
0.001236
0.002081
0.002927
0.002536
0.001756
0.001951
0.001756
0.002666
0.003707
0.007739
0.003447
0.001951
0.001821
0.002016
0.002341
0.007544
0.001951
0.003707
0.006569
0.001886
0.002016
0.003772
0.007284
0.002016
0.003187
0.002341
0.001951
0.002927
0.006504
0.004488
0.004227
0.003057
0.002016
0.002536
0.005073
0.001301
0.002601
0.001301
0.002732
0.002016
0.004813
0.006048
0.004032
0.001691
0.001691
0.001496
0.002341
0.004878
0.002016
0.002016
0.007479
0.005658
0.002732
0.002341
0.002471
0.001886
0.004032
0.002927
0.001821
0.002992
0.002276
0.002471
0.002406
0.005658
0.001691
0.001626
0.003577
0.003837
0.001821
0.002797
0.002081
0.002862
0.003642
0.002992
0.002146
0.002081
0.002992
0.002406
0.002471
0.003772
0.001691
0.002471
0.003057
