0.165648
0.001886
0.002016
0.003577
0.003772
0.003512
0.006894
0.004227
0.002211
0.001821
0.002601
0.002406
0.001821
0.003252
0.002666
0.008975
0.004292
0.002601
0.001886
0.005398
0.003642
0.001496
0.003902
0.003577
0.002471
0.002406
0.003837
0.003707
0.002601
0.001886
0.003252
0.005658
0.005398
0.003187
0.001886
0.004422
0.004162
0.001431
0.005073
0.002406
0.003447
0.001886
0.003252
0.002666
0.006894
0.001626
0.003057
0.002146
0.003772
0.001496
0.002146
0.003057
0.003967
0.003252
0.006178
0.003057
0.003187
0.002081
0.002666
0.002471
0.008520
0.002992
0.001951
0.002211
0.004422
0.002341
0.001366
0.005723
0.002862
0.004748
0.001431
0.004618
0.002471
0.003122
0.003577
0.002276
0.003122
0.003317
0.001431
0.005268
0.004162
0.002341
0.001691
0.003447
0.002276
0.006113
0.002862
0.002276
0.002146
0.002601
0.002146
0.002797
0.003837
0.003707
0.001561
0.008325
0.003967
0.003447
0.000911
0.002927
0.003967
0.007349
0.002406
0.003577
0.003707
0.002732
0.002016
0.001951
0.009105
0.003707
0.003122
0.003382
0.006504
0.002666
0.001951
0.003707
0.004227
0.005723
0.002341
0.001821
0.003642
0.003382
0.003512
0.003252
0.006959
0.004683
0.002406
0.001886
0.002666
0.002211
0.002081
0.005333
0.001626
0.003057
0.005203
0.002927
0.002211
0.001561
0.001431
0.003577
0.004227
0.002601
0.001821
0.005853
0.002536
0.003447
0.002211
0.008390
0.001951
0.002211
0.003187
0.002992
0.002927
0.002601
0.004878
0.003122
0.003967
0.002276
0.002081
0.003772
0.006504
0.003382
0.001561
0.002797
0.002992
0.002406
0.003707
0.002601
0.002666
0.002927
0.004943
0.002797
0.005138
0.001496
0.002016
0.003642
0.003512
0.001691
0.002211
0.001626
0.003122
0.002406
0.003902
0.002406
0.002992
0.002276
0.001626
0.001431
0.006113
0.002862
0.001496
0.005073
0.002927
0.003967
0.001821
0.006829
0.002536
0.003252
0.002536
0.002276
0.002666
0.006048
0.001821
0.002276
0.003967
0.001496
0.002016
0.003642
0.002081
0.003772
0.001496
0.004227
0.002211
0.004292
0.002406
0.002797
0.001951
0.002406
0.001431
0.002862
0.005333
0.002276
0.001561
0.005268
0.006699
0.004032
0.001041
0.001366
0.003317
0.004878
0.003577
0.002536
0.003447
0.002406
0.001886
0.001886
0.007089
0.002211
0.001691
0.004162
0.006959
0.002927
0.003122
0.002797
0.003577
0.003122
0.002601
0.001756
0.003707
0.004748
0.002601
0.004292
0.004878
0.003837
0.002406
0.003577
