0.091766
0.002146
0.001301
0.005073
0.003707
0.003447
0.009820
0.003837
0.001561
0.003122
0.002601
0.002797
0.003577
0.002797
0.002927
0.012942
0.004357
0.002211
0.001626
0.005073
0.003122
0.002601
0.006178
0.004943
0.002016
0.003512
0.003707
0.002862
0.002081
0.001366
0.003382
0.009495
0.004553
0.001756
0.001886
0.004162
0.004357
0.002081
0.010796
0.002146
0.003187
0.003577
0.002992
0.002146
0.009690
0.001821
0.003512
0.002601
0.003642
0.001626
0.002341
0.001821
0.003057
0.002732
0.007804
0.002992
0.002992
0.002536
0.002601
0.001886
0.010081
0.001951
0.003707
0.002732
0.004813
0.002406
0.001366
0.005528
0.002016
0.009040
0.002471
0.006374
0.002081
0.003577
0.003122
0.002471
0.002536
0.004943
0.001691
0.011186
0.002081
0.002536
0.001106
0.006569
0.002797
0.011446
0.002081
0.004488
0.001561
0.003512
0.002016
0.003187
0.003122
0.003642
0.001951
0.011316
0.003642
0.002016
0.001496
0.002081
0.003512
0.010861
0.002146
0.003772
0.002797
0.003447
0.002016
0.001496
0.009755
0.004683
0.002341
0.004553
0.004357
0.002211
0.002341
0.005138
0.004488
0.007934
0.001756
0.002666
0.002081
0.003772
0.003707
0.002536
0.007739
0.004097
0.001821
0.003252
0.001951
0.001756
0.001626
0.005138
0.002536
0.004553
0.006113
0.002536
0.001951
0.001431
0.001951
0.002992
0.004227
0.002211
0.001561
0.009625
0.002406
0.002276
0.001561
0.005268
0.002536
0.002666
0.003707
0.003057
0.002471
0.003967
0.005073
0.003317
0.003057
0.001951
0.002666
0.006634
0.004488
0.002471
0.001821
0.002601
0.003577
0.003122
0.005333
0.001626
0.002146
0.002276
0.005268
0.002406
0.005398
0.001626
0.002211
0.003902
0.003642
0.001626
0.002601
0.002341
0.002732
0.004162
0.004813
0.002016
0.003512
0.001886
0.002992
0.001691
0.008520
0.002146
0.002276
0.003967
0.002992
0.001821
0.001756
0.004943
0.001756
0.006829
0.002666
0.003772
0.002406
0.005398
0.001756
0.003837
0.002927
0.003187
0.002146
0.008520
0.001691
0.002536
0.001886
0.004097
0.002406
0.006829
0.003447
0.002992
0.001626
0.004162
0.000845
0.004162
0.003902
0.002341
0.001691
0.008065
0.004422
0.002406
0.001626
0.002146
0.002276
0.006634
0.003122
0.002536
0.002992
0.003057
0.001691
0.001951
0.007414
0.002927
0.002341
0.005138
0.005398
0.003187
0.002016
0.004032
0.003317
0.005398
0.002797
0.001951
0.002536
0.005658
0.002862
0.002862
0.004748
0.002536
0.001626
0.003772
