0.129618
0.001171
0.002666
0.004227
0.003447
0.002471
0.011772
0.003837
0.001171
0.002211
0.006048
0.004357
0.002601
0.003122
0.003837
0.013853
0.002927
0.002081
0.002797
0.003187
0.001431
0.001366
0.012487
0.005723
0.001821
0.002471
0.005333
0.002666
0.001691
0.001496
0.007154
0.010146
0.003707
0.002016
0.002276
0.002536
0.003902
0.001236
0.008715
0.001821
0.001626
0.003057
0.006439
0.002276
0.007284
0.001366
0.004943
0.001756
0.002732
0.000911
0.002276
0.001561
0.003187
0.002536
0.014308
0.004553
0.002536
0.001236
0.004488
0.001626
0.011381
0.002146
0.002992
0.002536
0.002536
0.001821
0.002016
0.004162
0.001366
0.007544
0.003057
0.003577
0.001366
0.003317
0.005398
0.002146
0.001496
0.004813
0.002276
0.009235
0.001821
0.002146
0.001106
0.003122
0.001951
0.013983
0.004943
0.004748
0.000780
0.002536
0.002536
0.002341
0.002081
0.002992
0.003837
0.013332
0.002797
0.002341
0.001106
0.001691
0.002797
0.009951
0.002992
0.002601
0.001496
0.002341
0.002016
0.001171
0.011642
0.004227
0.003642
0.001886
0.003447
0.001431
0.002211
0.002601
0.002666
0.007804
0.001886
0.001886
0.002341
0.003317
0.004227
0.001821
0.004683
0.003512
0.001691
0.001756
0.000845
0.001106
0.002992
0.006439
0.001496
0.002992
0.007999
0.001821
0.001821
0.001041
0.004683
0.004878
0.003512
0.001886
0.002146
0.006829
0.001951
0.003447
0.002732
0.005658
0.001366
0.003122
0.007804
0.003902
0.003187
0.002927
0.006374
0.002276
0.001886
0.001626
0.002601
0.005398
0.003772
0.002471
0.003577
0.001951
0.002146
0.002081
0.006374
0.002276
0.001756
0.002406
0.009105
0.002927
0.003902
0.001886
0.002471
0.002862
0.003187
0.001041
0.003707
0.001301
0.002081
0.003252
0.010536
0.002471
0.002146
0.001236
0.003707
0.001106
0.005463
0.001886
0.002536
0.003252
0.001691
0.001886
0.004683
0.005918
0.001886
0.004097
0.003317
0.002016
0.002146
0.006439
0.003642
0.002536
0.002536
0.002797
0.001951
0.004032
0.000845
0.002406
0.001301
0.002927
0.001041
0.007349
0.006048
0.002927
0.001041
0.003577
0.001626
0.003317
0.002666
0.001691
0.002211
0.007869
0.004292
0.001886
0.001756
0.001041
0.002601
0.007674
0.004097
0.001236
0.002862
0.002601
0.001886
0.001756
0.006374
0.001626
0.001301
0.002797
0.005723
0.001366
0.003317
0.001886
0.001691
0.004422
0.003447
0.001496
0.001821
0.003447
0.002992
0.003447
0.003382
0.001821
0.001626
0.002797
