0.122854
0.001041
0.003382
0.003057
0.003382
0.002992
0.011837
0.004878
0.001561
0.001691
0.003642
0.002797
0.002927
0.002016
0.003512
0.013398
0.003187
0.001626
0.002666
0.004748
0.002146
0.002016
0.010991
0.012357
0.002536
0.003447
0.004618
0.002341
0.001301
0.002016
0.005983
0.013137
0.003837
0.000845
0.002797
0.003317
0.005398
0.002146
0.010341
0.001821
0.001886
0.002862
0.005658
0.001301
0.007609
0.001496
0.004683
0.002471
0.002927
0.000845
0.002211
0.002146
0.002276
0.001886
0.012812
0.002666
0.002862
0.001756
0.003187
0.001236
0.012097
0.001561
0.003967
0.002666
0.002341
0.001106
0.002146
0.003057
0.002016
0.008325
0.001951
0.005463
0.002081
0.003122
0.003902
0.001106
0.001821
0.003577
0.001431
0.008910
0.002081
0.001691
0.000976
0.002797
0.002211
0.010926
0.003187
0.003252
0.000911
0.003187
0.002081
0.003447
0.001366
0.002862
0.002536
0.011707
0.002862
0.001561
0.001366
0.001561
0.002797
0.011056
0.002927
0.002992
0.002536
0.002406
0.002601
0.002081
0.011642
0.002081
0.003577
0.002211
0.004227
0.001821
0.001886
0.002862
0.003252
0.011772
0.001431
0.002276
0.002536
0.004097
0.004162
0.002211
0.007999
0.003642
0.002341
0.000911
0.001821
0.001496
0.003837
0.004748
0.002601
0.003707
0.008585
0.002732
0.002016
0.001366
0.004943
0.003317
0.003837
0.001821
0.002016
0.007739
0.002081
0.002797
0.002666
0.004943
0.001821
0.002211
0.006113
0.002666
0.004032
0.002666
0.006178
0.003707
0.002601
0.001561
0.003317
0.007089
0.004357
0.002276
0.003772
0.002536
0.003057
0.002536
0.005593
0.001496
0.002211
0.002211
0.008845
0.001821
0.004553
0.001431
0.002406
0.003317
0.004292
0.001171
0.004227
0.000911
0.001951
0.003122
0.008130
0.001301
0.003512
0.001171
0.003902
0.002406
0.005008
0.001301
0.002081
0.003837
0.002276
0.001886
0.003057
0.004683
0.001886
0.005008
0.003317
0.001626
0.002341
0.007609
0.002666
0.001366
0.002276
0.001301
0.001821
0.004813
0.001301
0.002276
0.001561
0.003122
0.001626
0.005658
0.004488
0.001496
0.001496
0.003772
0.001561
0.003967
0.002732
0.001041
0.001236
0.007089
0.004813
0.001951
0.001561
0.001431
0.002276
0.006764
0.003837
0.002146
0.003577
0.002211
0.001691
0.001691
0.007024
0.001496
0.001496
0.003902
0.004292
0.002536
0.003707
0.002211
0.002016
0.003447
0.003317
0.002341
0.002471
0.006243
0.003447
0.003382
0.003447
0.001431
0.001431
0.003382
