0.119407
0.001041
0.002016
0.002927
0.003902
0.004292
0.010731
0.004553
0.001431
0.002406
0.002666
0.002146
0.004748
0.005788
0.004227
0.009690
0.004422
0.003772
0.002732
0.003577
0.001821
0.002081
0.006569
0.003382
0.003187
0.005398
0.005138
0.002992
0.001951
0.002536
0.002536
0.004162
0.002666
0.001431
0.001301
0.002732
0.004878
0.002211
0.007154
0.003122
0.002146
0.003447
0.002732
0.003057
0.007869
0.002341
0.004227
0.002406
0.003187
0.002211
0.001886
0.002406
0.002797
0.002406
0.008845
0.002666
0.002536
0.003772
0.003772
0.002276
0.007609
0.003642
0.002471
0.002341
0.002666
0.002081
0.001561
0.003252
0.002341
0.007804
0.002146
0.004422
0.001886
0.004488
0.003057
0.002016
0.001821
0.005268
0.002341
0.007024
0.002732
0.003317
0.001301
0.002666
0.002081
0.008975
0.001886
0.003122
0.001886
0.004618
0.002276
0.003187
0.002797
0.004292
0.002341
0.009495
0.002601
0.002927
0.001496
0.002536
0.004618
0.009170
0.004292
0.004748
0.002862
0.002927
0.001691
0.001301
0.011967
0.004748
0.004227
0.003382
0.004227
0.003382
0.002862
0.004618
0.002862
0.005528
0.001366
0.001951
0.002601
0.005333
0.004162
0.004227
0.005658
0.004748
0.001561
0.002797
0.001626
0.002406
0.001431
0.003512
0.002732
0.006504
0.007349
0.003187
0.001171
0.001951
0.001106
0.001951
0.004683
0.003642
0.002081
0.006178
0.003512
0.005333
0.003642
0.005398
0.002016
0.004292
0.005853
0.002146
0.004097
0.003772
0.006699
0.003642
0.003252
0.002927
0.001821
0.003382
0.003642
0.004097
0.001106
0.002276
0.002081
0.004162
0.005658
0.001951
0.001106
0.002471
0.006178
0.002992
0.003902
0.002341
0.002211
0.003642
0.004618
0.002471
0.002992
0.001951
0.001886
0.004292
0.004813
0.002146
0.003577
0.002016
0.003967
0.001366
0.003642
0.002276
0.001366
0.003707
0.002666
0.002016
0.002992
0.004162
0.002536
0.006178
0.002536
0.002146
0.002992
0.006699
0.001886
0.001626
0.002862
0.003187
0.001561
0.004097
0.001626
0.004162
0.001756
0.003187
0.001886
0.005528
0.004032
0.002016
0.001756
0.004097
0.001756
0.002927
0.003512
0.001821
0.001756
0.005983
0.003447
0.002341
0.001561
0.001236
0.003317
0.007999
0.003707
0.003642
0.002146
0.001886
0.001171
0.001236
0.007414
0.004032
0.002276
0.003902
0.006569
0.004748
0.004813
0.003577
0.001626
0.005203
0.002666
0.002797
0.002601
0.005723
0.003187
0.004748
0.004618
0.002862
0.000976
0.002536
