0.123374
0.001626
0.002927
0.003707
0.002927
0.002992
0.009040
0.003967
0.001886
0.002992
0.003772
0.003642
0.003642
0.003122
0.002016
0.007349
0.005593
0.002016
0.002146
0.004357
0.001756
0.002732
0.004813
0.003967
0.002146
0.003512
0.003447
0.002732
0.002666
0.002341
0.002146
0.006894
0.003512
0.002341
0.002666
0.005268
0.002732
0.002276
0.006829
0.002666
0.001821
0.003837
0.004422
0.003642
0.006243
0.003447
0.003317
0.002992
0.003772
0.001691
0.001821
0.003382
0.002862
0.002732
0.008325
0.003577
0.001626
0.001951
0.003772
0.002666
0.008520
0.003187
0.004292
0.003382
0.005073
0.002927
0.002666
0.004227
0.002276
0.005788
0.001951
0.003512
0.002601
0.003512
0.005268
0.004292
0.001821
0.003252
0.002146
0.006504
0.002732
0.002536
0.001496
0.003837
0.001951
0.008195
0.004748
0.004357
0.001431
0.003512
0.003642
0.002666
0.002016
0.003902
0.002601
0.010341
0.003382
0.002666
0.001561
0.003317
0.002862
0.006829
0.002666
0.004422
0.002862
0.003512
0.003122
0.002406
0.009820
0.003317
0.002471
0.003447
0.005008
0.002536
0.002341
0.005593
0.002862
0.004162
0.002146
0.003577
0.001431
0.002862
0.004748
0.003122
0.005138
0.003512
0.002536
0.002992
0.001951
0.001496
0.002862
0.004488
0.002081
0.004553
0.004943
0.003447
0.001691
0.001756
0.001496
0.003447
0.005073
0.002276
0.001951
0.006504
0.003057
0.003772
0.001171
0.004618
0.001886
0.003252
0.004488
0.003447
0.003902
0.002992
0.004032
0.002471
0.004097
0.001886
0.002146
0.004813
0.005528
0.003447
0.002146
0.003252
0.002536
0.003447
0.004618
0.003122
0.001691
0.002927
0.006764
0.004097
0.004422
0.002081
0.002536
0.004357
0.002016
0.002406
0.002471
0.001756
0.002341
0.004813
0.006178
0.003122
0.002536
0.002146
0.001821
0.002146
0.006374
0.001691
0.002406
0.005138
0.002536
0.002471
0.003967
0.005268
0.001561
0.003967
0.004162
0.002862
0.003057
0.006048
0.004162
0.002797
0.004097
0.003252
0.002341
0.005788
0.001106
0.001756
0.001236
0.002016
0.001496
0.007609
0.005138
0.003447
0.001301
0.002666
0.001691
0.003187
0.004878
0.001886
0.002211
0.006894
0.003902
0.002732
0.001886
0.002862
0.002666
0.004618
0.004943
0.003317
0.001756
0.001886
0.001301
0.002211
0.005983
0.002927
0.001821
0.005853
0.004553
0.002211
0.002992
0.003187
0.002927
0.004683
0.002992
0.003252
0.002927
0.004683
0.002797
0.004357
0.005463
0.002016
0.002146
0.004097
