0.090206
0.001821
0.003122
0.002341
0.003317
0.002992
0.010276
0.002797
0.001496
0.003122
0.002992
0.002601
0.004748
0.002797
0.003772
0.009300
0.005398
0.001626
0.002862
0.003122
0.001951
0.002732
0.009235
0.004097
0.002406
0.003902
0.003707
0.003382
0.002211
0.003317
0.002732
0.006959
0.003252
0.002992
0.002406
0.003577
0.003837
0.001431
0.009495
0.002276
0.002992
0.006504
0.003187
0.002601
0.008585
0.002276
0.003902
0.002732
0.004292
0.001756
0.003577
0.002927
0.003382
0.003122
0.012422
0.002797
0.003772
0.002276
0.003122
0.001561
0.010406
0.003707
0.003252
0.002601
0.004357
0.001951
0.002211
0.002992
0.002797
0.005203
0.002732
0.002601
0.002992
0.005268
0.003707
0.003252
0.002992
0.002862
0.002211
0.006178
0.002927
0.002211
0.002081
0.002406
0.002927
0.013723
0.003382
0.003707
0.002081
0.003512
0.002601
0.002341
0.003187
0.003252
0.003122
0.012032
0.003317
0.002146
0.002406
0.002732
0.005983
0.009105
0.002666
0.002862
0.002666
0.004748
0.002992
0.002341
0.011967
0.001886
0.003837
0.002536
0.003902
0.002666
0.002081
0.003772
0.004357
0.006894
0.002927
0.002406
0.003057
0.003252
0.004292
0.002016
0.008520
0.003187
0.002276
0.001886
0.002732
0.002666
0.002797
0.003512
0.002797
0.003902
0.006309
0.002146
0.001821
0.002471
0.002406
0.002276
0.004292
0.002406
0.002146
0.005593
0.005138
0.003512
0.002601
0.002797
0.001821
0.003512
0.004422
0.002276
0.004553
0.002146
0.004553
0.001756
0.003772
0.002276
0.002211
0.004943
0.004422
0.004162
0.002276
0.003642
0.002471
0.004618
0.004292
0.002016
0.002211
0.003967
0.005593
0.002797
0.005593
0.002211
0.002536
0.003642
0.002797
0.002211
0.002797
0.001756
0.003057
0.005138
0.006959
0.002601
0.002862
0.001496
0.002536
0.002276
0.006243
0.003317
0.001821
0.003642
0.001821
0.002862
0.003122
0.004553
0.002862
0.003057
0.002666
0.002016
0.003512
0.006894
0.004032
0.002406
0.003967
0.002016
0.001821
0.003447
0.002081
0.002406
0.001366
0.002536
0.002276
0.008780
0.004553
0.002211
0.002211
0.002666
0.001886
0.001886
0.003707
0.002536
0.002992
0.006959
0.004488
0.002862
0.002276
0.002341
0.002732
0.006243
0.004488
0.002992
0.002601
0.003252
0.002341
0.002471
0.007414
0.001886
0.002211
0.003057
0.004813
0.002276
0.003577
0.003577
0.003577
0.005268
0.002927
0.001756
0.004097
0.003642
0.003902
0.003122
0.005788
0.002601
0.002862
0.004097
