0.132869
0.001496
0.002276
0.004097
0.003252
0.003057
0.008585
0.004097
0.001626
0.002406
0.002732
0.003577
0.004097
0.004032
0.001886
0.012422
0.004032
0.002862
0.001951
0.003902
0.002536
0.002471
0.006959
0.005593
0.001886
0.004748
0.002276
0.002862
0.002016
0.001886
0.002211
0.011316
0.003967
0.002081
0.002732
0.003317
0.004032
0.002146
0.007089
0.001691
0.002666
0.002862
0.003967
0.001561
0.007219
0.003577
0.004162
0.002276
0.002341
0.001886
0.002732
0.001756
0.002732
0.002601
0.010926
0.003382
0.002992
0.002797
0.001366
0.001431
0.011772
0.003447
0.003252
0.003382
0.003967
0.002146
0.001756
0.004357
0.002276
0.006894
0.002016
0.005008
0.002081
0.003382
0.005008
0.003252
0.002406
0.004488
0.002341
0.010536
0.002211
0.002992
0.001431
0.002862
0.003122
0.008910
0.002146
0.004878
0.001756
0.002732
0.002146
0.004097
0.002862
0.002406
0.002146
0.013267
0.002862
0.001951
0.000780
0.001756
0.004292
0.012617
0.001561
0.003317
0.002927
0.001886
0.002471
0.001301
0.010536
0.004422
0.003187
0.003772
0.002666
0.002211
0.002146
0.004227
0.003252
0.005138
0.001886
0.002601
0.002211
0.003902
0.002601
0.002536
0.007999
0.002797
0.001821
0.002016
0.002146
0.001691
0.002276
0.005203
0.002601
0.004422
0.004878
0.003122
0.001951
0.001886
0.001691
0.003512
0.003252
0.002146
0.001626
0.007349
0.002276
0.004878
0.002276
0.005463
0.002016
0.003707
0.003837
0.002797
0.002927
0.004227
0.003772
0.002211
0.004748
0.002471
0.001496
0.005528
0.005008
0.002992
0.002016
0.003317
0.002276
0.003187
0.003772
0.002081
0.001886
0.002471
0.007219
0.003252
0.003642
0.002341
0.001951
0.002406
0.001626
0.001496
0.002732
0.001886
0.002471
0.003187
0.006113
0.002406
0.002341
0.002276
0.001236
0.002146
0.006374
0.002276
0.002211
0.003122
0.002927
0.001951
0.002471
0.006894
0.001951
0.003447
0.003317
0.003252
0.004162
0.005268
0.002601
0.003317
0.003967
0.002406
0.001821
0.005723
0.001496
0.003577
0.001431
0.003447
0.002797
0.004943
0.005138
0.003317
0.002016
0.002601
0.001821
0.003447
0.003122
0.002211
0.002146
0.008585
0.003772
0.002536
0.002016
0.002211
0.001821
0.007024
0.002732
0.002666
0.001691
0.002471
0.001366
0.002341
0.007544
0.001821
0.001496
0.003447
0.004488
0.002211
0.002732
0.003187
0.001821
0.003122
0.003382
0.002732
0.002536
0.005073
0.002406
0.004813
0.003837
0.001821
0.001821
0.003707
