0.125195
0.001691
0.002927
0.004162
0.001756
0.002927
0.015544
0.003447
0.001951
0.002732
0.002601
0.003512
0.002992
0.002927
0.003837
0.011056
0.002732
0.002341
0.002081
0.003707
0.002211
0.002276
0.007414
0.004683
0.002666
0.003187
0.003837
0.001886
0.001366
0.002016
0.004292
0.009430
0.002927
0.002601
0.002666
0.005333
0.003902
0.001496
0.009430
0.001626
0.002666
0.004162
0.003642
0.003122
0.007999
0.001626
0.004032
0.001821
0.002732
0.001301
0.003122
0.002016
0.002666
0.003772
0.010731
0.004292
0.002666
0.002081
0.004162
0.002276
0.010991
0.003122
0.003902
0.003382
0.003057
0.002862
0.003057
0.004162
0.001366
0.007804
0.001821
0.003122
0.002992
0.004292
0.003642
0.002211
0.001561
0.002862
0.001561
0.006048
0.001626
0.002406
0.001886
0.002341
0.002211
0.013072
0.003057
0.005398
0.001366
0.002406
0.001951
0.002862
0.002081
0.003707
0.002601
0.012032
0.002081
0.002276
0.001756
0.002016
0.003057
0.011186
0.002992
0.002797
0.003057
0.002601
0.002406
0.001821
0.010601
0.002797
0.002992
0.003447
0.002992
0.001886
0.002732
0.003577
0.003122
0.008455
0.001756
0.002601
0.001691
0.003187
0.003902
0.002732
0.006634
0.003642
0.002211
0.002797
0.000780
0.001561
0.003317
0.003902
0.002276
0.004032
0.008585
0.002471
0.001431
0.001431
0.003317
0.003447
0.002666
0.002146
0.003382
0.007414
0.002211
0.003837
0.002211
0.004488
0.001951
0.003902
0.005658
0.003122
0.003252
0.003837
0.003772
0.002276
0.002666
0.001821
0.002862
0.005918
0.003837
0.003317
0.002081
0.003122
0.002601
0.003577
0.006634
0.002471
0.001821
0.002471
0.006504
0.004618
0.004097
0.002471
0.002601
0.003252
0.002666
0.001171
0.002536
0.001561
0.002211
0.003057
0.006113
0.003577
0.001756
0.002146
0.002211
0.002016
0.007414
0.002341
0.002081
0.003772
0.002146
0.002536
0.003902
0.004488
0.002146
0.003382
0.003837
0.001691
0.003447
0.006504
0.002862
0.002666
0.003642
0.001626
0.001756
0.003577
0.001041
0.002927
0.001561
0.001951
0.002081
0.007934
0.003447
0.002732
0.001041
0.003057
0.002081
0.003252
0.002992
0.002666
0.001691
0.008585
0.003122
0.002992
0.002081
0.002406
0.001951
0.007544
0.003902
0.002146
0.002666
0.002666
0.001561
0.001366
0.006374
0.002276
0.002406
0.003382
0.003577
0.001496
0.003447
0.003122
0.001431
0.004553
0.004292
0.002927
0.002081
0.004813
0.003057
0.003967
0.003512
0.002016
0.002341
0.004357
