0.106660
0.001366
0.002276
0.004292
0.002016
0.002797
0.010016
0.005073
0.000976
0.001561
0.003122
0.003252
0.003057
0.002081
0.002276
0.012812
0.002081
0.001431
0.001236
0.005593
0.001431
0.002536
0.007999
0.007219
0.001171
0.002601
0.005463
0.001756
0.001431
0.001431
0.003122
0.011837
0.003577
0.001756
0.001366
0.003902
0.005138
0.001561
0.010016
0.002341
0.002146
0.003057
0.004357
0.001431
0.010666
0.001041
0.003447
0.001236
0.003187
0.001366
0.001821
0.002081
0.004618
0.003577
0.010406
0.004162
0.002211
0.002341
0.004813
0.001236
0.008260
0.003512
0.002732
0.003317
0.003122
0.003382
0.001366
0.006764
0.001236
0.011511
0.001171
0.006894
0.001236
0.003837
0.003512
0.002732
0.001171
0.005593
0.001561
0.013723
0.000976
0.002797
0.000455
0.005918
0.001821
0.011511
0.002406
0.003967
0.001041
0.004097
0.002016
0.002146
0.002406
0.005203
0.001626
0.014763
0.003057
0.002601
0.000715
0.001561
0.004357
0.010796
0.002016
0.002992
0.002601
0.004488
0.001756
0.001431
0.010341
0.003642
0.002146
0.003317
0.003837
0.001756
0.001301
0.003122
0.005398
0.007739
0.001236
0.002016
0.001626
0.003512
0.005593
0.002211
0.008065
0.006959
0.000715
0.001886
0.000976
0.001301
0.003057
0.006569
0.001561
0.002862
0.007804
0.002732
0.001171
0.001431
0.002211
0.004227
0.003512
0.001366
0.001496
0.007999
0.002471
0.002016
0.001756
0.006178
0.001301
0.003447
0.005203
0.003187
0.002471
0.004553
0.005723
0.002471
0.002666
0.000845
0.001301
0.007219
0.005333
0.002471
0.002276
0.002797
0.002601
0.001886
0.007479
0.001431
0.001626
0.003317
0.007154
0.002862
0.005658
0.001561
0.002146
0.002471
0.003577
0.000976
0.002732
0.000911
0.002016
0.004488
0.006829
0.002471
0.002732
0.001886
0.003707
0.001561
0.006243
0.001951
0.002211
0.004488
0.001756
0.003382
0.002536
0.007414
0.000976
0.006764
0.002666
0.003122
0.002797
0.006569
0.003447
0.002406
0.001886
0.002927
0.001041
0.008585
0.001236
0.003772
0.001171
0.005723
0.001951
0.008260
0.003382
0.003902
0.000780
0.004292
0.001366
0.003122
0.002927
0.003447
0.001106
0.008650
0.004878
0.002797
0.001236
0.001106
0.001561
0.006374
0.004813
0.002016
0.004422
0.003772
0.001366
0.001171
0.005983
0.002211
0.000976
0.003772
0.004618
0.001561
0.002016
0.002016
0.002211
0.005918
0.003057
0.002471
0.001496
0.005203
0.002536
0.003057
0.004488
0.003057
0.001431
0.002732
