0.119602
0.001821
0.003057
0.004422
0.002536
0.002536
0.011446
0.004292
0.001431
0.001691
0.003642
0.003642
0.003057
0.002732
0.004422
0.012487
0.003577
0.002211
0.002732
0.003902
0.001691
0.002081
0.008650
0.006504
0.002666
0.003512
0.003707
0.003967
0.002016
0.001626
0.003902
0.010341
0.002927
0.002276
0.001821
0.005138
0.003252
0.002146
0.008260
0.002601
0.001821
0.002666
0.004357
0.002471
0.008845
0.001691
0.004943
0.002146
0.002406
0.001236
0.003252
0.003317
0.002406
0.002276
0.011642
0.003642
0.002601
0.002016
0.002406
0.001496
0.009235
0.002862
0.003057
0.002992
0.001691
0.001821
0.002732
0.005138
0.001561
0.007999
0.001756
0.004162
0.001561
0.003252
0.003642
0.002862
0.001756
0.003122
0.002732
0.008455
0.002016
0.003512
0.001951
0.004292
0.001561
0.012747
0.002992
0.004162
0.001106
0.002666
0.001886
0.003447
0.001431
0.003122
0.002797
0.012422
0.002081
0.002341
0.001236
0.002797
0.002732
0.011707
0.002732
0.003382
0.002276
0.001561
0.002146
0.001951
0.010471
0.002601
0.003447
0.002406
0.003642
0.002992
0.001951
0.003902
0.002797
0.007414
0.002146
0.002927
0.003122
0.003772
0.003122
0.001821
0.006569
0.004162
0.002341
0.002536
0.000976
0.002211
0.002862
0.005268
0.002276
0.003577
0.008130
0.002406
0.001496
0.001041
0.002536
0.004878
0.002992
0.002146
0.002016
0.008715
0.003707
0.003642
0.002146
0.006048
0.002146
0.002276
0.005073
0.002862
0.003772
0.002732
0.004878
0.003187
0.002341
0.002016
0.002601
0.005593
0.002797
0.001821
0.002471
0.003772
0.001561
0.002862
0.005398
0.002341
0.002081
0.002797
0.006374
0.004357
0.003837
0.002146
0.002992
0.004227
0.002666
0.001951
0.002862
0.001431
0.002016
0.002732
0.008455
0.002471
0.002471
0.001301
0.003252
0.002146
0.005138
0.002211
0.001951
0.005138
0.001496
0.002016
0.003577
0.005983
0.002536
0.004422
0.003252
0.003187
0.002536
0.007219
0.002276
0.002666
0.003187
0.002081
0.002601
0.004683
0.001236
0.002276
0.001886
0.002471
0.001691
0.007219
0.003772
0.002536
0.001106
0.002471
0.001886
0.003512
0.002536
0.002406
0.002146
0.008910
0.003447
0.003057
0.001561
0.002406
0.001626
0.006764
0.004357
0.002732
0.002211
0.001886
0.001691
0.001496
0.006374
0.002862
0.002341
0.004227
0.005203
0.002081
0.003577
0.002406
0.001951
0.004227
0.003317
0.002862
0.002276
0.005138
0.003057
0.003967
0.003447
0.002536
0.002081
0.004943
