0.112578
0.001496
0.002797
0.003057
0.002341
0.001886
0.011316
0.003837
0.001236
0.001691
0.003577
0.003317
0.003447
0.002536
0.002666
0.014243
0.003577
0.001691
0.002016
0.003902
0.002471
0.002146
0.009625
0.005268
0.001366
0.002536
0.003772
0.002211
0.002536
0.002211
0.005073
0.009755
0.004357
0.002471
0.002276
0.003512
0.004618
0.001366
0.010276
0.001886
0.001886
0.003317
0.004227
0.002276
0.007479
0.001561
0.004943
0.001301
0.004292
0.001431
0.002471
0.001691
0.003317
0.003187
0.012617
0.003837
0.002471
0.001821
0.003447
0.001431
0.012877
0.003512
0.002992
0.002536
0.004618
0.002797
0.001886
0.003902
0.001431
0.006374
0.001496
0.005983
0.001821
0.002992
0.003642
0.003577
0.001691
0.003967
0.001561
0.008845
0.002146
0.003317
0.001756
0.003577
0.002341
0.012747
0.003967
0.004813
0.001366
0.002016
0.001496
0.004032
0.002276
0.004292
0.002927
0.013007
0.003837
0.003317
0.001431
0.001886
0.003317
0.009820
0.002016
0.003187
0.002927
0.002927
0.001756
0.001496
0.012812
0.003642
0.002601
0.003122
0.004097
0.002081
0.001236
0.002601
0.004488
0.008260
0.001431
0.001886
0.002341
0.002471
0.002666
0.002797
0.007609
0.004618
0.001691
0.001821
0.002276
0.001561
0.002406
0.004748
0.001561
0.002276
0.007804
0.002992
0.002081
0.001756
0.004097
0.004032
0.004032
0.001691
0.002862
0.007414
0.003122
0.002862
0.002276
0.006243
0.001106
0.002992
0.005203
0.002927
0.002992
0.002732
0.005333
0.002276
0.003057
0.002341
0.002341
0.004683
0.005268
0.003057
0.002016
0.002601
0.001691
0.002211
0.005138
0.002211
0.003122
0.002666
0.007349
0.003902
0.004813
0.002341
0.002666
0.002406
0.004227
0.001756
0.002666
0.001431
0.001561
0.003057
0.007544
0.002601
0.002862
0.001496
0.003447
0.001691
0.007154
0.002732
0.001756
0.003837
0.002601
0.002146
0.003057
0.004943
0.001756
0.003512
0.003837
0.003577
0.002797
0.006439
0.002992
0.004357
0.003122
0.002601
0.002016
0.004878
0.001886
0.002601
0.001106
0.002732
0.001886
0.007154
0.003707
0.004292
0.001041
0.002406
0.001171
0.003252
0.004553
0.002927
0.002081
0.008325
0.004618
0.002536
0.001561
0.001821
0.001236
0.006309
0.002927
0.002601
0.002927
0.003252
0.001821
0.002081
0.006374
0.002341
0.001691
0.003837
0.006374
0.001886
0.002081
0.002666
0.001496
0.004032
0.003122
0.001756
0.001691
0.003902
0.002666
0.002797
0.006374
0.002666
0.001496
0.003252
