0.108936
0.001236
0.003122
0.002406
0.002666
0.002276
0.012487
0.003577
0.002016
0.001886
0.003577
0.003772
0.003057
0.002276
0.004683
0.012877
0.003902
0.002406
0.002016
0.003967
0.002797
0.001886
0.008910
0.003577
0.004292
0.002732
0.004553
0.002536
0.001886
0.001821
0.005983
0.008325
0.004292
0.002081
0.002927
0.003772
0.004227
0.001236
0.005658
0.001886
0.002016
0.003187
0.005203
0.003512
0.007349
0.001756
0.003317
0.002732
0.002797
0.001886
0.003577
0.002341
0.003967
0.001626
0.012357
0.003382
0.002211
0.001886
0.003057
0.002276
0.012617
0.002341
0.004488
0.003772
0.003772
0.001236
0.003252
0.004032
0.002016
0.006048
0.002211
0.003317
0.003057
0.002797
0.004553
0.002341
0.002666
0.001886
0.002341
0.006374
0.002276
0.002862
0.002666
0.002081
0.004357
0.009886
0.004357
0.002211
0.002081
0.001561
0.003447
0.003382
0.002666
0.001691
0.004032
0.011902
0.002666
0.003057
0.002666
0.002862
0.003252
0.011576
0.003447
0.003642
0.002732
0.001431
0.003252
0.002081
0.010601
0.002341
0.004553
0.002797
0.003057
0.001171
0.003122
0.003057
0.003512
0.004553
0.003707
0.002016
0.002536
0.002211
0.004292
0.003707
0.006048
0.002081
0.002992
0.002146
0.001366
0.001431
0.002536
0.003837
0.002146
0.003057
0.009495
0.002797
0.001821
0.001171
0.003577
0.003317
0.003577
0.001951
0.002732
0.006959
0.003382
0.004748
0.002016
0.005658
0.003837
0.003707
0.005983
0.003382
0.005918
0.002471
0.004943
0.001821
0.006504
0.001821
0.002471
0.005073
0.005203
0.003967
0.002016
0.002927
0.002406
0.004032
0.004683
0.003187
0.001756
0.002536
0.007219
0.004422
0.004032
0.001431
0.002406
0.004553
0.001821
0.000976
0.002732
0.001041
0.002406
0.003057
0.009951
0.002211
0.002862
0.001561
0.002146
0.001756
0.008455
0.001951
0.002797
0.004032
0.001756
0.001171
0.005593
0.004553
0.002536
0.002732
0.005268
0.002146
0.004813
0.005073
0.004357
0.001561
0.003772
0.001171
0.003382
0.003382
0.001561
0.001431
0.001821
0.002081
0.002666
0.005788
0.005853
0.002471
0.001496
0.001756
0.001821
0.002081
0.003902
0.001366
0.003187
0.007999
0.003577
0.001691
0.001951
0.001626
0.001951
0.005333
0.003772
0.003447
0.002666
0.001756
0.002471
0.001301
0.007544
0.001301
0.002927
0.003187
0.003512
0.001106
0.006764
0.002016
0.002276
0.002927
0.006048
0.002732
0.001626
0.003707
0.003707
0.004813
0.002927
0.000845
0.003252
0.003967
