0.110692
0.001301
0.001951
0.004032
0.001041
0.001626
0.009365
0.003187
0.000455
0.001951
0.001236
0.001496
0.001236
0.001431
0.003252
0.010536
0.001626
0.000715
0.000650
0.002276
0.002406
0.001951
0.010666
0.006569
0.000195
0.002992
0.002666
0.001041
0.001691
0.002732
0.006374
0.012292
0.004227
0.002081
0.003707
0.004618
0.002862
0.001496
0.008520
0.002016
0.001756
0.003317
0.003317
0.000845
0.009560
0.001171
0.004748
0.001366
0.002471
0.000650
0.001496
0.001756
0.004032
0.002992
0.013137
0.007609
0.001041
0.001691
0.003317
0.000650
0.018470
0.004813
0.005853
0.006243
0.005008
0.006113
0.000911
0.004618
0.001561
0.020356
0.001236
0.004357
0.001496
0.005333
0.001886
0.001366
0.001171
0.007024
0.000845
0.007934
0.001106
0.003317
0.000650
0.002406
0.004618
0.019901
0.002276
0.004488
0.000520
0.005203
0.000911
0.000650
0.006439
0.010276
0.004683
0.018210
0.004292
0.004422
0.001171
0.001626
0.002471
0.010276
0.001431
0.001366
0.002536
0.003252
0.000911
0.000911
0.008585
0.002797
0.000650
0.001366
0.002601
0.001496
0.000195
0.001171
0.004357
0.011056
0.000976
0.000911
0.000650
0.004357
0.001951
0.000455
0.011446
0.007414
0.001301
0.001626
0.001691
0.001626
0.005008
0.007674
0.000650
0.003122
0.005333
0.000976
0.001431
0.002732
0.005528
0.006309
0.001561
0.000585
0.001691
0.006829
0.000715
0.001496
0.000715
0.003512
0.000585
0.001366
0.002276
0.001821
0.000845
0.002146
0.004097
0.001431
0.000845
0.001691
0.001626
0.004683
0.009170
0.004292
0.005398
0.005983
0.001496
0.001496
0.003837
0.000911
0.003577
0.003837
0.008715
0.005073
0.003577
0.001496
0.002211
0.002146
0.002666
0.000585
0.002992
0.001886
0.001301
0.003122
0.003902
0.001756
0.001756
0.000585
0.003642
0.001626
0.005463
0.001886
0.003382
0.003772
0.007804
0.006374
0.004227
0.007934
0.000650
0.009951
0.001951
0.001431
0.004162
0.010861
0.004032
0.004227
0.001626
0.004553
0.000455
0.002927
0.001171
0.003837
0.000780
0.003317
0.001691
0.006178
0.001626
0.002341
0.000845
0.005788
0.000650
0.002211
0.004292
0.004357
0.001886
0.005268
0.007414
0.007414
0.001301
0.002276
0.001301
0.006959
0.001301
0.000715
0.005918
0.007024
0.002016
0.001626
0.006439
0.002732
0.000780
0.002211
0.003317
0.002601
0.000455
0.001756
0.001366
0.005463
0.000520
0.000845
0.000911
0.005398
0.001431
0.001041
0.006048
0.002862
0.001626
0.001041
