0.114074
0.002992
0.003187
0.003317
0.003382
0.003122
0.008845
0.003512
0.003252
0.002016
0.002732
0.002536
0.002601
0.002862
0.003317
0.010601
0.004357
0.005008
0.001821
0.002992
0.002341
0.002081
0.005853
0.002016
0.003122
0.004683
0.003122
0.001951
0.002601
0.002341
0.002536
0.004813
0.002992
0.004097
0.002211
0.003252
0.003837
0.002732
0.005983
0.002471
0.002797
0.004422
0.003187
0.004097
0.005463
0.001951
0.003057
0.003057
0.003057
0.002666
0.003122
0.002341
0.004162
0.003512
0.010601
0.002211
0.003772
0.002211
0.001951
0.002666
0.008780
0.002992
0.002471
0.003122
0.003707
0.002797
0.003772
0.003317
0.002146
0.006959
0.003187
0.002601
0.003967
0.003772
0.003772
0.002276
0.002081
0.002666
0.002341
0.005983
0.002927
0.002797
0.002016
0.001886
0.002797
0.010081
0.002666
0.004488
0.002797
0.002927
0.002992
0.002536
0.002992
0.002927
0.001951
0.009495
0.003902
0.002732
0.002341
0.003122
0.003772
0.010211
0.002536
0.002732
0.002471
0.002276
0.002471
0.003317
0.009300
0.003902
0.002341
0.002862
0.003902
0.002406
0.003447
0.005268
0.003057
0.005853
0.002146
0.002862
0.003317
0.003057
0.004748
0.004227
0.005008
0.003902
0.002406
0.002536
0.002406
0.002732
0.002992
0.003642
0.003252
0.003837
0.005983
0.001951
0.001756
0.001496
0.002211
0.002016
0.004227
0.002797
0.002732
0.007089
0.002601
0.004357
0.000976
0.004878
0.004357
0.004357
0.003252
0.001756
0.004813
0.003512
0.003252
0.001626
0.004813
0.003642
0.001431
0.003512
0.003642
0.004357
0.001626
0.003122
0.002797
0.004943
0.003642
0.002992
0.001951
0.003317
0.006374
0.004227
0.005073
0.003122
0.002081
0.003967
0.002276
0.002276
0.002471
0.001821
0.001951
0.003642
0.007089
0.002992
0.003577
0.002732
0.002601
0.001301
0.006504
0.002927
0.002406
0.003772
0.002406
0.001951
0.004553
0.003057
0.003317
0.004488
0.003187
0.001821
0.004357
0.005138
0.003837
0.002601
0.005138
0.002992
0.002992
0.004488
0.002276
0.002601
0.001951
0.001301
0.002732
0.006699
0.004488
0.003447
0.002536
0.002406
0.001951
0.001821
0.004227
0.002862
0.002276
0.008260
0.003512
0.002016
0.002146
0.002016
0.003707
0.006309
0.004292
0.002016
0.003317
0.002276
0.001886
0.001951
0.006894
0.003187
0.002081
0.005203
0.004553
0.001431
0.004813
0.003057
0.002341
0.003122
0.004357
0.003512
0.003122
0.004162
0.002927
0.005073
0.004422
0.001821
0.002471
0.004748
