0.120937
0.002205
0.005354
0.005417
0.002079
0.003023
0.005732
0.003968
0.002331
0.002960
0.006929
0.002457
0.001827
0.002897
0.003275
0.009070
0.002016
0.002016
0.002268
0.005417
0.001575
0.002079
0.003527
0.001953
0.001953
0.002268
0.009889
0.006047
0.003086
0.001512
0.006362
0.014298
0.004220
0.004031
0.004661
0.003086
0.001386
0.004346
0.004850
0.002771
0.002394
0.002268
0.006551
0.001071
0.003212
0.002142
0.004409
0.001512
0.001575
0.002708
0.002834
0.002205
0.001764
0.001890
0.002708
0.001134
0.002457
0.004220
0.011905
0.003338
0.008503
0.003590
0.005417
0.003401
0.003149
0.003401
0.003842
0.004535
0.001512
0.004472
0.004409
0.002205
0.001701
0.006425
0.001890
0.002268
0.001764
0.003968
0.001575
0.006803
0.001449
0.003401
0.002331
0.002142
0.001512
0.002960
0.001953
0.002079
0.003212
0.009637
0.005606
0.003275
0.002457
0.004472
0.003842
0.009322
0.003275
0.003275
0.003590
0.004031
0.002834
0.004157
0.002457
0.002520
0.002771
0.006614
0.002331
0.002646
0.006866
0.003023
0.001827
0.003149
0.003149
0.001890
0.001764
0.002897
0.001134
0.003212
0.002142
0.001197
0.004094
0.006425
0.002960
0.003149
0.011149
0.004535
0.001953
0.002268
0.001701
0.001512
0.005102
0.010141
0.001827
0.002583
0.004661
0.004157
0.001134
0.002205
0.005417
0.001323
0.002394
0.002205
0.001512
0.005669
0.001701
0.002771
0.002771
0.004472
0.002205
0.002268
0.003149
0.002205
0.002708
0.002897
0.005921
0.004094
0.003464
0.002142
0.005039
0.006803
0.003842
0.003779
0.005165
0.003401
0.001890
0.004913
0.008881
0.002960
0.001764
0.002079
0.002016
0.001638
0.002394
0.002205
0.003086
0.002771
0.001638
0.001386
0.004724
0.002142
0.001638
0.002079
0.003968
0.001260
0.002142
0.004094
0.007496
0.002394
0.004976
0.004220
0.004031
0.004220
0.003464
0.003086
0.003275
0.004913
0.002331
0.006866
0.005921
0.002520
0.001197
0.002708
0.001890
0.002205
0.001701
0.002897
0.002897
0.003149
0.001260
0.004157
0.002205
0.003086
0.001197
0.004220
0.002457
0.002142
0.001701
0.007055
0.004535
0.002079
0.003275
0.003212
0.005354
0.006992
0.007748
0.003275
0.001197
0.002394
0.002583
0.004535
0.002771
0.003149
0.001323
0.004220
0.002646
0.002079
0.004031
0.002016
0.001953
0.003023
0.003212
0.002708
0.001827
0.002708
0.000882
0.004094
0.002016
0.003149
0.002394
0.005228
0.003905
0.002897
0.004472
0.003212
0.003023
0.003905
