0.122984
0.001041
0.003837
0.003317
0.003837
0.003187
0.011707
0.003772
0.000845
0.001301
0.003512
0.002536
0.003317
0.002536
0.004357
0.014308
0.003317
0.001626
0.002927
0.003187
0.002276
0.001951
0.011121
0.007544
0.001756
0.004097
0.004553
0.002927
0.001431
0.002016
0.007089
0.012682
0.003902
0.001171
0.002406
0.002341
0.006048
0.001756
0.010861
0.002276
0.001691
0.002992
0.005528
0.001431
0.009495
0.001756
0.005983
0.001236
0.003057
0.001366
0.003707
0.001301
0.002601
0.002406
0.013072
0.001756
0.003447
0.001431
0.003317
0.001171
0.010991
0.002276
0.004292
0.003057
0.002146
0.001366
0.001626
0.002666
0.002276
0.008715
0.001561
0.005138
0.001171
0.003382
0.003252
0.001691
0.001756
0.003577
0.002666
0.008910
0.002081
0.002471
0.000780
0.002016
0.002341
0.011121
0.002536
0.004227
0.001171
0.003382
0.001236
0.003317
0.001951
0.003382
0.002601
0.011902
0.002862
0.003317
0.001236
0.000976
0.005853
0.013007
0.002862
0.002471
0.002341
0.002146
0.002536
0.001171
0.011511
0.003382
0.003382
0.002341
0.004097
0.002016
0.001561
0.001951
0.003187
0.006764
0.002016
0.002211
0.002666
0.004162
0.003512
0.001236
0.008390
0.004097
0.002211
0.001626
0.001106
0.001041
0.005268
0.005203
0.002081
0.003707
0.008780
0.002276
0.001496
0.002081
0.005398
0.004227
0.003837
0.001821
0.001691
0.006634
0.002211
0.002992
0.003642
0.004488
0.002081
0.002016
0.006764
0.003447
0.004488
0.002601
0.006504
0.003382
0.002992
0.001951
0.002862
0.005918
0.003707
0.002211
0.003642
0.002471
0.003447
0.002406
0.005853
0.001171
0.001756
0.002471
0.006959
0.001366
0.005268
0.001431
0.002992
0.002081
0.004618
0.001171
0.004422
0.000650
0.001886
0.002601
0.008845
0.001756
0.003707
0.001301
0.003512
0.001561
0.005268
0.001756
0.002211
0.002797
0.002016
0.002341
0.002992
0.004553
0.002211
0.005723
0.002862
0.002146
0.002536
0.007219
0.002797
0.002016
0.001561
0.000976
0.001821
0.004618
0.001431
0.003252
0.001171
0.002927
0.001431
0.005918
0.003642
0.001756
0.001496
0.005203
0.001626
0.004748
0.002992
0.001431
0.001626
0.006829
0.004553
0.002406
0.001236
0.001171
0.002862
0.007479
0.003317
0.002081
0.003772
0.003317
0.002081
0.000845
0.006699
0.001366
0.001821
0.002471
0.004683
0.002797
0.004357
0.001236
0.001691
0.003512
0.002081
0.001561
0.002276
0.005918
0.003252
0.003902
0.003187
0.001821
0.001366
0.002211
