0.117066
0.001626
0.002471
0.003317
0.001951
0.002276
0.014503
0.004813
0.001691
0.002146
0.002471
0.003317
0.002601
0.002666
0.003642
0.013983
0.003122
0.002992
0.001821
0.004357
0.001041
0.002276
0.010601
0.007479
0.002797
0.003967
0.002797
0.002732
0.001756
0.001951
0.003837
0.009820
0.002146
0.002146
0.002732
0.004162
0.004488
0.001951
0.011446
0.002471
0.002211
0.003122
0.004032
0.002797
0.009365
0.002276
0.004683
0.002341
0.002341
0.001366
0.002797
0.002341
0.003252
0.002081
0.013593
0.003772
0.002471
0.002081
0.003317
0.001691
0.010926
0.003252
0.003382
0.002797
0.002732
0.002471
0.002797
0.003967
0.001626
0.007609
0.001561
0.004553
0.002146
0.002732
0.003317
0.001691
0.001821
0.003382
0.001756
0.008975
0.001301
0.003057
0.001236
0.003382
0.001561
0.009690
0.002276
0.005333
0.001301
0.002601
0.002211
0.002536
0.001951
0.002992
0.001951
0.013593
0.002211
0.002601
0.001886
0.002146
0.004097
0.011056
0.002341
0.003902
0.002406
0.002471
0.001756
0.002211
0.011576
0.003837
0.003447
0.002862
0.002406
0.002211
0.002016
0.004878
0.003837
0.006243
0.001496
0.002666
0.002471
0.003512
0.002927
0.002666
0.006634
0.003512
0.001561
0.001886
0.001041
0.001691
0.003057
0.004878
0.001756
0.003772
0.007154
0.002732
0.001626
0.001301
0.004097
0.003252
0.003447
0.001496
0.002601
0.008260
0.002276
0.003967
0.001886
0.005788
0.001431
0.004553
0.005983
0.004162
0.002862
0.003057
0.004162
0.003187
0.002536
0.002797
0.002146
0.005463
0.003772
0.003577
0.001561
0.002666
0.002081
0.003902
0.004488
0.003122
0.001561
0.002471
0.006113
0.005203
0.005138
0.002601
0.002536
0.003187
0.001626
0.001756
0.003382
0.002016
0.002211
0.002797
0.006829
0.002536
0.002536
0.001431
0.003902
0.001171
0.006439
0.002471
0.002471
0.004357
0.002016
0.001951
0.004162
0.005658
0.002211
0.003447
0.004032
0.002992
0.003642
0.006439
0.003902
0.002406
0.002601
0.001561
0.002406
0.005398
0.001236
0.002732
0.001236
0.002341
0.001431
0.006569
0.003187
0.002992
0.001756
0.002341
0.001561
0.003447
0.003122
0.003122
0.001821
0.007869
0.003707
0.002146
0.001626
0.001821
0.002471
0.008520
0.002927
0.002146
0.002601
0.002211
0.001691
0.002146
0.006113
0.002081
0.002341
0.003382
0.004748
0.002341
0.003317
0.003317
0.002341
0.003252
0.003057
0.002601
0.001561
0.004553
0.002211
0.005398
0.003512
0.001756
0.002016
0.004618
