0.126921
0.001890
0.003338
0.002897
0.003149
0.002331
0.002520
0.003716
0.004598
0.001575
0.010771
0.002394
0.003401
0.001701
0.003275
0.008440
0.003212
0.001764
0.002142
0.003212
0.001512
0.002142
0.003968
0.001449
0.002457
0.001701
0.008188
0.003527
0.004409
0.002016
0.003968
0.010519
0.006614
0.003653
0.003653
0.003968
0.003023
0.003464
0.004157
0.001638
0.002708
0.001449
0.006992
0.001764
0.004976
0.001197
0.004850
0.001827
0.002142
0.001575
0.002646
0.001512
0.001953
0.001764
0.001701
0.001386
0.003401
0.004031
0.013794
0.003212
0.013039
0.002583
0.005543
0.004094
0.005102
0.002708
0.003275
0.003716
0.002583
0.004220
0.003842
0.001764
0.001701
0.003842
0.002205
0.002960
0.002520
0.002394
0.002331
0.006929
0.002834
0.002142
0.001638
0.001701
0.001323
0.001008
0.002205
0.002520
0.004724
0.011338
0.005417
0.003149
0.003590
0.003023
0.004661
0.010456
0.004661
0.002520
0.002771
0.003338
0.003653
0.001575
0.002205
0.002268
0.002771
0.007685
0.003212
0.003338
0.009889
0.001827
0.003149
0.002016
0.003842
0.001008
0.002331
0.002520
0.001512
0.002520
0.002394
0.002079
0.004850
0.006551
0.002583
0.002960
0.011464
0.002708
0.002708
0.003338
0.003149
0.001386
0.003968
0.005165
0.002897
0.001701
0.003212
0.003842
0.002457
0.001575
0.005732
0.001386
0.002834
0.001260
0.001890
0.006299
0.003527
0.002646
0.002268
0.002771
0.004031
0.002520
0.004535
0.001953
0.004724
0.003464
0.003653
0.002708
0.005732
0.002960
0.001890
0.003779
0.005417
0.005543
0.003716
0.004409
0.003212
0.003338
0.008062
0.004409
0.002016
0.003527
0.003338
0.002268
0.003590
0.001890
0.002960
0.003527
0.004535
0.001386
0.003653
0.001701
0.002708
0.001323
0.003968
0.001386
0.001701
0.003716
0.006740
0.001890
0.008377
0.003275
0.004220
0.003968
0.004724
0.002394
0.005669
0.004535
0.004220
0.007181
0.004157
0.002205
0.002268
0.002771
0.003023
0.001512
0.003086
0.002079
0.003023
0.002897
0.001449
0.002646
0.001512
0.002520
0.002268
0.002583
0.001575
0.002205
0.003401
0.005165
0.003779
0.001386
0.005228
0.001764
0.003653
0.005858
0.007307
0.002331
0.002016
0.002331
0.003275
0.002394
0.001827
0.002394
0.001764
0.004472
0.002331
0.001323
0.006425
0.001008
0.001890
0.002268
0.003590
0.001512
0.004157
0.002646
0.002708
0.002331
0.002394
0.003086
0.003023
0.002457
0.003842
0.002834
0.004913
0.001827
0.003212
0.004220
