0.121488
0.001171
0.002862
0.005268
0.001301
0.002341
0.014308
0.004422
0.000715
0.001041
0.004162
0.003512
0.000845
0.001951
0.005528
0.016714
0.002601
0.000520
0.002146
0.004813
0.001756
0.002081
0.010926
0.006569
0.000845
0.002601
0.003642
0.003317
0.001171
0.002081
0.006309
0.011186
0.002927
0.001496
0.002992
0.003447
0.004227
0.001236
0.007349
0.002081
0.001821
0.002992
0.005008
0.001431
0.007414
0.001366
0.007414
0.001756
0.002341
0.000650
0.003252
0.001756
0.004878
0.002211
0.015023
0.002862
0.002341
0.001756
0.002276
0.001236
0.012942
0.002406
0.004878
0.002862
0.002536
0.001951
0.001236
0.004553
0.000976
0.010016
0.001756
0.006243
0.000976
0.004553
0.002732
0.002276
0.001626
0.002732
0.002211
0.011772
0.001041
0.002146
0.001041
0.003577
0.003512
0.014828
0.002666
0.005008
0.000520
0.003447
0.000845
0.003252
0.001431
0.004032
0.002276
0.016194
0.002536
0.002666
0.000845
0.001691
0.010211
0.011446
0.001756
0.002992
0.001691
0.003122
0.002341
0.001301
0.012422
0.002927
0.002797
0.003057
0.003122
0.001041
0.001756
0.002276
0.006178
0.010406
0.001496
0.001626
0.000976
0.003122
0.001626
0.001821
0.007934
0.004813
0.001691
0.001366
0.000455
0.001301
0.004162
0.007869
0.001041
0.002341
0.006504
0.004422
0.001041
0.001236
0.004748
0.004878
0.002146
0.000715
0.003057
0.007999
0.001431
0.001886
0.003577
0.006634
0.001366
0.002406
0.004357
0.003902
0.001821
0.002471
0.005658
0.003772
0.001886
0.001431
0.003707
0.005723
0.004878
0.002927
0.002992
0.003057
0.002081
0.002276
0.004292
0.001821
0.002406
0.002797
0.008390
0.003382
0.003707
0.001236
0.004032
0.002471
0.002732
0.001496
0.003902
0.001171
0.002536
0.002732
0.007414
0.001366
0.002536
0.001236
0.002927
0.001366
0.005203
0.001626
0.003122
0.003577
0.001561
0.002601
0.002601
0.006178
0.000715
0.004227
0.001756
0.003967
0.001951
0.010016
0.003382
0.003317
0.001496
0.001756
0.001691
0.005983
0.000780
0.002211
0.001301
0.005008
0.001171
0.007999
0.002666
0.002406
0.001106
0.003707
0.000520
0.004032
0.003057
0.001886
0.001496
0.007479
0.004878
0.004162
0.000976
0.001561
0.001821
0.006439
0.002471
0.001561
0.003122
0.003577
0.001041
0.002081
0.005008
0.001236
0.001236
0.002536
0.004162
0.002081
0.002601
0.002601
0.002211
0.004618
0.002276
0.001366
0.001951
0.005658
0.002276
0.002471
0.004097
0.002732
0.001496
0.002211
