0.125650
0.001951
0.001496
0.002276
0.003252
0.002797
0.007739
0.002211
0.001821
0.003317
0.003772
0.001951
0.004227
0.003382
0.001756
0.006504
0.003837
0.002601
0.001301
0.003252
0.001756
0.002211
0.009105
0.003512
0.001886
0.003057
0.003317
0.001106
0.002536
0.002666
0.004683
0.009040
0.005138
0.003122
0.001821
0.002732
0.006764
0.002276
0.006894
0.001431
0.004748
0.005203
0.004032
0.002276
0.008455
0.002601
0.003642
0.001366
0.005723
0.002276
0.001236
0.001236
0.004943
0.005203
0.010861
0.001756
0.002862
0.003447
0.002927
0.001106
0.010016
0.005723
0.003317
0.002992
0.003642
0.003057
0.001886
0.003447
0.002146
0.006699
0.001561
0.002732
0.003252
0.007609
0.004032
0.002406
0.002536
0.004943
0.001236
0.005528
0.002732
0.002797
0.000780
0.002862
0.004032
0.011967
0.002862
0.002666
0.001626
0.003642
0.001886
0.001561
0.003707
0.005138
0.002992
0.009040
0.004488
0.003837
0.001171
0.002016
0.004032
0.009300
0.001756
0.001431
0.003837
0.006113
0.002081
0.001886
0.011251
0.003512
0.001886
0.001886
0.005268
0.002341
0.000911
0.002797
0.004292
0.007284
0.001626
0.002081
0.002536
0.004488
0.002536
0.001236
0.006764
0.004683
0.001041
0.001756
0.001756
0.001756
0.001496
0.003707
0.001886
0.003967
0.004422
0.000845
0.001821
0.002211
0.003772
0.002081
0.003512
0.002146
0.001171
0.003317
0.002992
0.003122
0.001041
0.004227
0.002016
0.003642
0.005398
0.001756
0.003187
0.002081
0.005463
0.000976
0.002862
0.002732
0.001886
0.004422
0.007414
0.004748
0.002146
0.001886
0.005008
0.003707
0.004227
0.001236
0.004488
0.004748
0.006764
0.002211
0.006048
0.002536
0.002536
0.001691
0.006178
0.002471
0.002016
0.000650
0.003967
0.006374
0.006634
0.002081
0.004813
0.001951
0.003057
0.001171
0.007284
0.003642
0.001561
0.003967
0.002471
0.003772
0.003057
0.005268
0.002276
0.003447
0.001821
0.002211
0.003447
0.008715
0.002862
0.002146
0.003122
0.004032
0.001171
0.002862
0.002341
0.003252
0.000780
0.002797
0.003122
0.009690
0.003967
0.002146
0.001821
0.004032
0.001171
0.000976
0.003512
0.003317
0.001431
0.005203
0.006113
0.005008
0.000976
0.000715
0.003187
0.006309
0.002276
0.001171
0.002927
0.005203
0.001431
0.001236
0.006178
0.003057
0.000976
0.002536
0.008130
0.003317
0.001691
0.001561
0.004357
0.006634
0.002471
0.001431
0.002276
0.007414
0.001756
0.002276
0.004748
0.002992
0.001366
0.001951
