0.132934
0.001626
0.001561
0.004292
0.002992
0.003512
0.011772
0.002666
0.001236
0.002601
0.004292
0.001691
0.003057
0.003447
0.002992
0.010081
0.002862
0.001951
0.002276
0.005333
0.001626
0.001951
0.007154
0.004488
0.002016
0.004878
0.004813
0.002732
0.001431
0.002666
0.003707
0.008195
0.003512
0.001886
0.001951
0.003447
0.005008
0.002081
0.008715
0.001431
0.002341
0.003252
0.005008
0.001171
0.009365
0.001561
0.004618
0.001496
0.002732
0.001301
0.002601
0.001821
0.003382
0.002341
0.010016
0.003577
0.003512
0.003122
0.003772
0.001951
0.007349
0.002536
0.003317
0.001756
0.002992
0.001821
0.000845
0.006178
0.001301
0.006894
0.001431
0.005983
0.001496
0.003967
0.003902
0.002211
0.001821
0.003967
0.001756
0.008845
0.001496
0.001951
0.001821
0.005723
0.001821
0.010081
0.002276
0.003577
0.001301
0.004227
0.002276
0.003447
0.002081
0.004227
0.002406
0.010666
0.003512
0.002406
0.000976
0.002341
0.004097
0.008585
0.002797
0.003577
0.002471
0.004618
0.001821
0.001431
0.010146
0.002601
0.002862
0.003707
0.004097
0.001496
0.001431
0.003837
0.003447
0.007869
0.001691
0.002081
0.003252
0.004878
0.003317
0.002341
0.007089
0.004422
0.001561
0.002471
0.001236
0.002146
0.001821
0.005138
0.002732
0.005788
0.006634
0.002927
0.001756
0.001626
0.003577
0.002081
0.002927
0.001756
0.001756
0.007154
0.002276
0.002732
0.001496
0.007804
0.001431
0.003577
0.006243
0.002601
0.001951
0.002797
0.005398
0.002732
0.001886
0.002146
0.001951
0.005723
0.005788
0.002471
0.002146
0.001821
0.003122
0.003317
0.005853
0.001626
0.002211
0.002536
0.008390
0.001431
0.005333
0.001691
0.003057
0.002992
0.003512
0.001561
0.001951
0.001626
0.001886
0.004292
0.007089
0.001756
0.003187
0.001431
0.004032
0.001431
0.005463
0.001886
0.001626
0.004097
0.002276
0.002732
0.002211
0.007999
0.002341
0.005528
0.003447
0.003642
0.001886
0.008390
0.002081
0.002797
0.002211
0.001886
0.001951
0.007544
0.001041
0.002081
0.001366
0.005723
0.001301
0.006113
0.003772
0.001886
0.001496
0.003122
0.000911
0.003512
0.003252
0.002211
0.001431
0.006829
0.004618
0.002341
0.001431
0.001496
0.002211
0.006894
0.004227
0.002276
0.002927
0.004488
0.001886
0.001821
0.006309
0.002081
0.001886
0.003837
0.006309
0.002797
0.002406
0.002927
0.002927
0.004878
0.002211
0.001691
0.003382
0.005528
0.002081
0.002797
0.004488
0.002146
0.001561
0.002992
