0.108936
0.001691
0.003317
0.002341
0.003317
0.002146
0.015869
0.003122
0.002016
0.002406
0.002666
0.003382
0.002081
0.002601
0.002992
0.013918
0.003642
0.001821
0.001756
0.004097
0.003512
0.001626
0.008455
0.003642
0.002536
0.003512
0.004097
0.002211
0.002732
0.001561
0.004357
0.007804
0.004292
0.003122
0.002146
0.004162
0.002862
0.000976
0.009040
0.001366
0.002081
0.003772
0.004357
0.002797
0.005463
0.001886
0.004097
0.002146
0.002601
0.001756
0.002081
0.001431
0.003772
0.002471
0.015999
0.002601
0.002927
0.001301
0.002276
0.001366
0.015934
0.003447
0.005593
0.003057
0.003122
0.001691
0.003187
0.002862
0.002471
0.006243
0.002211
0.002797
0.003057
0.003122
0.004357
0.002146
0.002276
0.001951
0.002081
0.006699
0.002862
0.002471
0.002276
0.001756
0.003642
0.012032
0.004488
0.004292
0.002081
0.002016
0.001821
0.002341
0.003512
0.002146
0.004097
0.013853
0.002732
0.003772
0.001886
0.002471
0.004227
0.012487
0.002927
0.002862
0.003187
0.002211
0.001951
0.001561
0.013137
0.001756
0.003317
0.002536
0.005203
0.001431
0.002276
0.003382
0.004227
0.006048
0.003382
0.002406
0.001561
0.003122
0.003447
0.002146
0.006569
0.001886
0.003252
0.002211
0.002471
0.002146
0.002341
0.003707
0.002341
0.004032
0.007674
0.001431
0.001561
0.001431
0.003382
0.003317
0.003382
0.002211
0.002146
0.007219
0.002666
0.003317
0.001041
0.005788
0.002536
0.004357
0.003772
0.002862
0.004813
0.002992
0.005008
0.001691
0.005398
0.002276
0.002862
0.003902
0.005333
0.004813
0.001626
0.002927
0.001756
0.004422
0.004943
0.002341
0.001496
0.001561
0.006699
0.005073
0.004227
0.001886
0.002016
0.004032
0.002797
0.002341
0.002276
0.000911
0.002536
0.003512
0.008715
0.002406
0.002732
0.001756
0.003577
0.001756
0.008390
0.001756
0.003447
0.003772
0.003382
0.001561
0.005073
0.004162
0.002016
0.002992
0.003317
0.001691
0.005398
0.005983
0.003902
0.002211
0.005333
0.000976
0.002211
0.003707
0.001561
0.001366
0.001496
0.001171
0.002081
0.007609
0.004227
0.002211
0.002211
0.002341
0.002862
0.002536
0.004162
0.001691
0.002732
0.006894
0.003967
0.002276
0.002797
0.001366
0.002471
0.007219
0.003187
0.002406
0.002992
0.002536
0.002146
0.001691
0.009040
0.001301
0.002211
0.004292
0.005138
0.001496
0.003642
0.001821
0.001756
0.002601
0.003902
0.002016
0.001626
0.004357
0.003577
0.003772
0.004292
0.001626
0.003252
0.003382
