0.090921
0.002146
0.000976
0.003967
0.003057
0.003122
0.010016
0.004162
0.001821
0.002666
0.002341
0.002797
0.003967
0.002862
0.003122
0.013137
0.005138
0.002211
0.001171
0.006504
0.001756
0.001951
0.005008
0.004227
0.001951
0.003707
0.003317
0.002536
0.002146
0.002211
0.003447
0.009040
0.004878
0.002146
0.001106
0.004162
0.005528
0.001821
0.009820
0.001756
0.002341
0.003902
0.003382
0.001886
0.008325
0.001626
0.002927
0.001886
0.005008
0.001366
0.001951
0.002341
0.002992
0.002862
0.007869
0.003057
0.002862
0.002016
0.003317
0.002211
0.010861
0.002601
0.003122
0.003317
0.003837
0.002406
0.001366
0.005008
0.002536
0.009430
0.001886
0.005138
0.002536
0.005073
0.003512
0.002341
0.002406
0.004357
0.000976
0.012552
0.002601
0.002601
0.001301
0.005658
0.002211
0.011381
0.002601
0.003772
0.001951
0.003837
0.002081
0.003577
0.001951
0.002927
0.002081
0.012357
0.003057
0.001691
0.001366
0.002601
0.004097
0.009886
0.002732
0.003772
0.002341
0.004162
0.002081
0.001691
0.010146
0.003967
0.002862
0.004162
0.005463
0.002146
0.002081
0.004618
0.004422
0.007349
0.001106
0.002341
0.002862
0.004292
0.003642
0.002471
0.006504
0.004618
0.001886
0.002341
0.001886
0.001951
0.001431
0.005528
0.002992
0.004618
0.006504
0.003252
0.002081
0.001171
0.001691
0.003252
0.004032
0.002276
0.001886
0.009365
0.002536
0.002536
0.001626
0.006439
0.002992
0.003187
0.002797
0.003382
0.002992
0.002992
0.005463
0.002927
0.003512
0.002146
0.002146
0.005203
0.005723
0.002211
0.001431
0.002406
0.003707
0.003057
0.004357
0.002211
0.002276
0.002146
0.005268
0.002341
0.006309
0.001756
0.002081
0.003837
0.005463
0.001821
0.002666
0.002666
0.002992
0.004097
0.005528
0.002146
0.003187
0.001236
0.002992
0.001756
0.006309
0.002471
0.001561
0.003772
0.002341
0.001756
0.001366
0.006439
0.001626
0.006439
0.002927
0.004227
0.002341
0.006634
0.002016
0.003187
0.002471
0.003317
0.001756
0.008455
0.002016
0.002927
0.001366
0.005398
0.001821
0.006894
0.003252
0.002797
0.002211
0.004357
0.001106
0.003837
0.003577
0.002016
0.001886
0.007609
0.004618
0.001561
0.001171
0.002471
0.002471
0.007674
0.003707
0.003252
0.003902
0.003187
0.001301
0.001886
0.007414
0.002016
0.001951
0.005723
0.006309
0.002992
0.002146
0.003707
0.002276
0.005008
0.002797
0.002341
0.001821
0.006374
0.002862
0.004032
0.004943
0.003122
0.002016
0.004357
