0.152494
0.003212
0.003086
0.002331
0.002394
0.003086
0.001827
0.002583
0.002897
0.002583
0.005354
0.001701
0.002205
0.002520
0.001197
0.006992
0.002331
0.003212
0.001260
0.003464
0.002394
0.003212
0.004157
0.002016
0.002268
0.003401
0.006929
0.003527
0.002897
0.002205
0.002708
0.007937
0.005291
0.003842
0.003527
0.005417
0.002331
0.004409
0.004535
0.002834
0.002834
0.002583
0.005354
0.003275
0.005291
0.002708
0.002834
0.001953
0.001197
0.002583
0.001512
0.002708
0.002079
0.002079
0.001701
0.002583
0.002771
0.005417
0.007496
0.004283
0.007999
0.005228
0.003212
0.004787
0.005039
0.003023
0.003590
0.005165
0.003275
0.005291
0.003653
0.002834
0.002268
0.004346
0.002205
0.003527
0.002457
0.002457
0.002331
0.003842
0.003527
0.002394
0.002583
0.002079
0.001575
0.001638
0.002331
0.002646
0.003905
0.008755
0.004598
0.003275
0.003401
0.003905
0.004472
0.009826
0.002079
0.003086
0.002457
0.003149
0.002520
0.001953
0.002457
0.002520
0.001260
0.005480
0.002268
0.004283
0.005480
0.001512
0.003086
0.003842
0.002960
0.002205
0.002394
0.003023
0.002520
0.003653
0.002457
0.002771
0.002708
0.005039
0.003212
0.002583
0.004850
0.002960
0.002457
0.004472
0.003086
0.002834
0.002960
0.010078
0.002960
0.002646
0.004850
0.003401
0.002583
0.002394
0.004157
0.002079
0.002897
0.002960
0.001701
0.004850
0.001953
0.002583
0.002079
0.004157
0.002960
0.002960
0.002520
0.002394
0.002834
0.003968
0.003653
0.002646
0.003653
0.002646
0.001827
0.004094
0.005732
0.005543
0.003212
0.004535
0.002771
0.004157
0.009763
0.004283
0.001260
0.003086
0.002142
0.002205
0.002079
0.001953
0.002583
0.003149
0.002708
0.001701
0.002457
0.001575
0.001764
0.002268
0.003275
0.002205
0.001764
0.004724
0.005669
0.003338
0.004787
0.004220
0.003527
0.005102
0.003275
0.003464
0.005480
0.007118
0.003905
0.009763
0.004220
0.002897
0.002142
0.002142
0.003842
0.002331
0.003716
0.002583
0.002708
0.002960
0.001890
0.002205
0.002268
0.002646
0.001827
0.002960
0.002016
0.002331
0.002079
0.005858
0.004976
0.002771
0.004535
0.003023
0.003842
0.005228
0.006992
0.002457
0.002331
0.002646
0.002960
0.003212
0.002394
0.002205
0.001197
0.003842
0.002771
0.002142
0.003842
0.002394
0.002834
0.003968
0.003968
0.001953
0.002771
0.002771
0.002268
0.003212
0.002331
0.002708
0.002331
0.003590
0.003275
0.002646
0.002897
0.002268
0.002394
0.003590
