0.113944
0.000585
0.000911
0.001821
0.004357
0.006048
0.013723
0.008455
0.001171
0.002601
0.002536
0.002666
0.003122
0.004162
0.002406
0.014633
0.002666
0.002016
0.001106
0.003382
0.000976
0.001301
0.006959
0.004618
0.003707
0.006048
0.006374
0.006178
0.001041
0.001496
0.001561
0.008650
0.003577
0.000260
0.000260
0.001561
0.011446
0.001366
0.008260
0.002471
0.001561
0.002016
0.002797
0.000325
0.012487
0.001756
0.002797
0.000911
0.004748
0.000715
0.001496
0.000455
0.002276
0.000976
0.007609
0.001236
0.007154
0.002081
0.004878
0.001236
0.008650
0.001431
0.002016
0.001496
0.003057
0.000585
0.000715
0.002081
0.001756
0.012617
0.001236
0.008065
0.000585
0.003967
0.002862
0.001236
0.001171
0.007089
0.001171
0.008455
0.000780
0.002406
0.000455
0.002536
0.001171
0.009105
0.000976
0.003187
0.001171
0.005788
0.002146
0.003967
0.002146
0.002276
0.001366
0.007479
0.003642
0.001496
0.000585
0.001106
0.007544
0.013528
0.006504
0.006504
0.003447
0.001691
0.002211
0.000845
0.015284
0.003902
0.005333
0.003512
0.004618
0.001756
0.001496
0.002471
0.006569
0.006699
0.001366
0.000845
0.006439
0.006309
0.008065
0.001691
0.009495
0.002601
0.001561
0.000650
0.000976
0.001431
0.002146
0.004032
0.002471
0.006959
0.007934
0.004227
0.001106
0.001366
0.002211
0.001626
0.003187
0.002146
0.001236
0.005398
0.002992
0.005008
0.001951
0.007609
0.001496
0.003122
0.003772
0.003187
0.006178
0.007089
0.008845
0.006504
0.001886
0.001301
0.001106
0.003512
0.004422
0.001171
0.000911
0.000715
0.005983
0.003057
0.004748
0.001431
0.002016
0.001496
0.006243
0.000911
0.006504
0.000911
0.001106
0.000976
0.006113
0.000845
0.003707
0.000585
0.002211
0.002211
0.003577
0.000585
0.007154
0.001561
0.004748
0.001561
0.004683
0.001041
0.001041
0.002406
0.001561
0.001756
0.001301
0.003382
0.000911
0.006439
0.002146
0.004162
0.001431
0.006309
0.002016
0.000911
0.001236
0.002406
0.000845
0.003187
0.001301
0.005853
0.001041
0.005073
0.001106
0.005268
0.002276
0.001886
0.001496
0.006439
0.001561
0.007609
0.002601
0.000845
0.000390
0.003707
0.005723
0.002211
0.000911
0.000845
0.006113
0.007804
0.007609
0.002666
0.004357
0.002992
0.001951
0.001041
0.008520
0.001951
0.001756
0.002797
0.009170
0.003187
0.005008
0.003447
0.003902
0.003837
0.002341
0.001106
0.007804
0.007739
0.006048
0.004032
0.005008
0.000520
0.000780
0.000845
