0.126106
0.001756
0.002862
0.003187
0.002146
0.002536
0.013723
0.004357
0.001236
0.002862
0.004097
0.003382
0.001691
0.002081
0.004162
0.014178
0.002016
0.001496
0.002666
0.003577
0.002016
0.001626
0.010211
0.004813
0.000976
0.001561
0.004618
0.002146
0.001496
0.001756
0.006309
0.009560
0.004097
0.001366
0.002146
0.003317
0.005593
0.001561
0.008910
0.002536
0.002471
0.003122
0.004292
0.001496
0.009886
0.001496
0.005398
0.002732
0.002471
0.000976
0.002276
0.001301
0.003447
0.002276
0.014178
0.002601
0.001626
0.001821
0.003642
0.001171
0.012617
0.002276
0.004292
0.001886
0.003122
0.002862
0.000976
0.003967
0.001821
0.011251
0.001496
0.005658
0.001041
0.005658
0.002862
0.002471
0.001756
0.003057
0.002016
0.010796
0.001366
0.002536
0.000585
0.003577
0.002081
0.013658
0.002016
0.003577
0.000911
0.003772
0.001626
0.002211
0.002211
0.003187
0.003252
0.013007
0.004032
0.003577
0.000585
0.001886
0.002536
0.008845
0.002016
0.002601
0.001626
0.003642
0.002146
0.000780
0.010731
0.002536
0.001951
0.002666
0.003707
0.002666
0.000845
0.002211
0.003447
0.008455
0.001886
0.001821
0.001561
0.004032
0.002601
0.000845
0.008195
0.003902
0.002211
0.001301
0.001496
0.002016
0.003772
0.005138
0.001496
0.002862
0.007739
0.002016
0.001106
0.001301
0.003902
0.006178
0.002992
0.001691
0.002536
0.007739
0.002211
0.002081
0.002862
0.004748
0.001171
0.002992
0.005073
0.002341
0.002341
0.001821
0.004943
0.003317
0.002276
0.001951
0.002601
0.005658
0.004683
0.002211
0.003512
0.002081
0.002406
0.002341
0.004683
0.002081
0.002341
0.002666
0.007739
0.003122
0.004748
0.001236
0.003187
0.001821
0.003252
0.001236
0.004097
0.001431
0.002081
0.004618
0.007674
0.002081
0.003837
0.002406
0.003967
0.001236
0.008325
0.001626
0.003577
0.004097
0.001691
0.003317
0.002276
0.004748
0.001431
0.005398
0.002211
0.002732
0.001821
0.008910
0.002211
0.002536
0.002211
0.002927
0.001301
0.007089
0.001041
0.002992
0.001561
0.004032
0.001431
0.008195
0.004097
0.002406
0.001496
0.003642
0.001496
0.004683
0.004032
0.002406
0.001626
0.006374
0.006178
0.004813
0.001756
0.001431
0.001301
0.007089
0.003967
0.002016
0.003642
0.003707
0.002471
0.001301
0.006113
0.002666
0.000911
0.003122
0.003902
0.002927
0.002146
0.002081
0.002666
0.005723
0.001756
0.001626
0.002666
0.004162
0.002211
0.002211
0.004618
0.002927
0.002081
0.002016
