0.112578
0.001496
0.002146
0.003317
0.000715
0.002211
0.009040
0.002927
0.000390
0.001496
0.001041
0.001366
0.001236
0.001496
0.002992
0.009560
0.001561
0.000845
0.000976
0.002732
0.001431
0.001561
0.010536
0.005398
0.000195
0.003122
0.002862
0.000911
0.002341
0.002601
0.006178
0.012682
0.004162
0.001821
0.003447
0.004748
0.002862
0.002081
0.009430
0.001366
0.002276
0.002732
0.003317
0.001236
0.008195
0.001496
0.004357
0.002081
0.002341
0.000715
0.002211
0.001756
0.004032
0.003447
0.013007
0.007739
0.001171
0.001106
0.003187
0.000585
0.017235
0.004683
0.005593
0.006243
0.004618
0.005593
0.001236
0.005853
0.001626
0.018210
0.001041
0.004553
0.001366
0.005593
0.001821
0.000911
0.001236
0.006113
0.000715
0.008650
0.001431
0.003707
0.000455
0.002601
0.004943
0.017690
0.002146
0.004878
0.000650
0.005008
0.001106
0.000976
0.006504
0.009040
0.005073
0.018665
0.004357
0.003837
0.000911
0.001756
0.002341
0.009886
0.001691
0.001561
0.002406
0.004032
0.001366
0.001236
0.009560
0.003512
0.001106
0.000780
0.002276
0.001366
0.000520
0.001561
0.004553
0.010211
0.000715
0.001496
0.000715
0.005333
0.001561
0.000780
0.011511
0.008260
0.000911
0.001756
0.002276
0.002081
0.005658
0.006764
0.000325
0.003577
0.005658
0.000585
0.001756
0.002471
0.004878
0.005398
0.001886
0.000845
0.002016
0.007154
0.000845
0.001301
0.000845
0.003642
0.000845
0.002146
0.002666
0.001756
0.000585
0.002732
0.003707
0.001626
0.001886
0.001041
0.002146
0.004553
0.008130
0.004097
0.004943
0.005918
0.001626
0.001821
0.002992
0.000976
0.003642
0.004748
0.008585
0.006439
0.003772
0.000845
0.002341
0.001951
0.002927
0.000585
0.002016
0.001236
0.001366
0.002992
0.003902
0.001821
0.001691
0.000845
0.003577
0.001496
0.005723
0.002211
0.003382
0.004488
0.007739
0.005788
0.004943
0.007869
0.000585
0.008260
0.001366
0.001821
0.004813
0.011772
0.003707
0.003122
0.002081
0.004553
0.000455
0.003317
0.001496
0.003577
0.000520
0.002732
0.002016
0.007544
0.002211
0.001301
0.000845
0.006764
0.001041
0.002406
0.004553
0.003967
0.001561
0.005723
0.008065
0.007284
0.001171
0.002276
0.001171
0.007089
0.001496
0.000520
0.005333
0.006959
0.002081
0.001691
0.005528
0.002211
0.000845
0.001886
0.003187
0.001821
0.000780
0.001821
0.001171
0.005138
0.000911
0.001366
0.001171
0.006374
0.000845
0.000455
0.005073
0.003382
0.001106
0.002146
