0.111407
0.001561
0.003057
0.003707
0.002862
0.001561
0.013072
0.003317
0.002211
0.002471
0.003317
0.002471
0.002081
0.002146
0.003447
0.014308
0.003772
0.002341
0.002797
0.004748
0.002081
0.001431
0.009040
0.002341
0.002276
0.004292
0.003382
0.001626
0.001756
0.001951
0.004943
0.007349
0.004097
0.001561
0.002992
0.004422
0.002927
0.001431
0.008585
0.002797
0.002666
0.003187
0.004162
0.002927
0.006504
0.001821
0.003577
0.003577
0.002732
0.002016
0.003967
0.002666
0.003447
0.002211
0.014763
0.003187
0.001756
0.002146
0.002211
0.001301
0.011121
0.002211
0.005138
0.004032
0.003642
0.002211
0.004032
0.004422
0.002601
0.005268
0.001691
0.003057
0.002862
0.003642
0.004422
0.002406
0.001951
0.001886
0.002732
0.005268
0.002732
0.002081
0.002146
0.003382
0.004227
0.011902
0.003122
0.003122
0.001561
0.002601
0.002341
0.003187
0.002601
0.002276
0.003772
0.009820
0.002732
0.002406
0.001756
0.003382
0.004292
0.013072
0.002276
0.002992
0.002732
0.002536
0.002536
0.002276
0.011316
0.002211
0.003447
0.003967
0.004553
0.001431
0.002797
0.005333
0.002471
0.005203
0.002471
0.002862
0.001431
0.003577
0.003187
0.001951
0.005918
0.001691
0.002341
0.003447
0.002211
0.001626
0.002992
0.003837
0.002146
0.004162
0.009170
0.002081
0.003187
0.000780
0.001951
0.002276
0.002992
0.002471
0.002146
0.008715
0.003317
0.003967
0.002406
0.005528
0.002471
0.004227
0.003382
0.001561
0.004488
0.002146
0.004618
0.001691
0.005008
0.002341
0.003057
0.003512
0.005008
0.004553
0.002536
0.003642
0.001691
0.003382
0.003512
0.002276
0.003252
0.002276
0.007219
0.004292
0.003967
0.001626
0.002276
0.004553
0.002666
0.001951
0.003382
0.002276
0.002276
0.003187
0.007934
0.001951
0.002666
0.001301
0.002666
0.001821
0.008650
0.001951
0.002341
0.003902
0.002341
0.001756
0.005528
0.006178
0.001691
0.003447
0.004357
0.001496
0.003642
0.006048
0.003187
0.002601
0.004422
0.001561
0.003252
0.005268
0.001691
0.002016
0.001626
0.003122
0.003252
0.006959
0.004162
0.002732
0.002862
0.002341
0.002276
0.002471
0.003902
0.001431
0.003447
0.007609
0.003057
0.002211
0.002146
0.002341
0.002146
0.007154
0.003057
0.002406
0.002406
0.002016
0.002081
0.001756
0.007349
0.001106
0.002211
0.005528
0.003577
0.001431
0.004292
0.003252
0.001756
0.002666
0.004488
0.002211
0.001821
0.005268
0.002666
0.005008
0.002732
0.001301
0.003772
0.003837
