0.111863
0.002211
0.003187
0.003837
0.002862
0.003642
0.008390
0.003837
0.001756
0.001886
0.003512
0.002862
0.002732
0.003577
0.003512
0.010926
0.005528
0.003317
0.003122
0.004097
0.002992
0.002666
0.006178
0.003512
0.003187
0.004032
0.002927
0.002471
0.002797
0.001951
0.002927
0.007219
0.002862
0.001951
0.003122
0.004748
0.003837
0.002666
0.003967
0.002471
0.002211
0.004357
0.003642
0.003447
0.006764
0.002146
0.002341
0.002341
0.003122
0.002016
0.002601
0.003902
0.002016
0.002862
0.009235
0.004553
0.001886
0.002601
0.003447
0.002666
0.009560
0.002666
0.002797
0.003772
0.002927
0.002146
0.002276
0.004292
0.002276
0.006569
0.002601
0.003837
0.002341
0.002862
0.005723
0.001821
0.002471
0.004618
0.002081
0.006764
0.002992
0.002992
0.002601
0.003122
0.002471
0.008520
0.002992
0.002081
0.001691
0.002732
0.003122
0.002601
0.003512
0.002211
0.003382
0.011576
0.003382
0.003057
0.002276
0.003252
0.003512
0.009235
0.002081
0.003902
0.002081
0.003642
0.002601
0.002081
0.011056
0.003902
0.002666
0.003772
0.004292
0.003577
0.002536
0.004292
0.004032
0.006243
0.002211
0.002601
0.002666
0.003902
0.003382
0.003772
0.007674
0.003902
0.002276
0.002341
0.002601
0.002276
0.003577
0.005138
0.001626
0.004227
0.005203
0.002536
0.002211
0.001301
0.002341
0.002732
0.005138
0.002927
0.002797
0.006504
0.003187
0.004227
0.002276
0.004748
0.003187
0.003707
0.004292
0.002016
0.002797
0.003772
0.003577
0.003577
0.005008
0.002081
0.002536
0.005203
0.003512
0.002862
0.002341
0.003447
0.001496
0.003122
0.003447
0.002862
0.001756
0.002341
0.007024
0.002927
0.004357
0.002732
0.002797
0.004032
0.001431
0.002992
0.002536
0.002081
0.001886
0.003837
0.006439
0.002341
0.001691
0.001561
0.002341
0.002536
0.006569
0.002341
0.002666
0.006764
0.003057
0.002211
0.002797
0.005788
0.002471
0.004813
0.003057
0.003187
0.002732
0.005788
0.003057
0.002016
0.004032
0.002666
0.002862
0.003317
0.001821
0.002797
0.002471
0.002666
0.002276
0.005788
0.005333
0.002081
0.002536
0.003122
0.002666
0.002536
0.003187
0.001951
0.002146
0.006243
0.004422
0.001821
0.002341
0.002471
0.001886
0.007284
0.003967
0.003837
0.001886
0.001691
0.002211
0.002862
0.008130
0.002601
0.002211
0.005073
0.003707
0.002732
0.002927
0.003317
0.002146
0.005138
0.003967
0.003122
0.002211
0.004878
0.002797
0.004032
0.004097
0.001691
0.001886
0.004292
