0.125976
0.004220
0.001575
0.003590
0.002708
0.002771
0.001323
0.002457
0.002897
0.004094
0.004094
0.003401
0.003149
0.004031
0.002708
0.006425
0.002834
0.003212
0.001386
0.006488
0.001575
0.003086
0.003968
0.001764
0.002016
0.002520
0.003275
0.005039
0.002771
0.001512
0.004283
0.014487
0.006299
0.003968
0.002268
0.003212
0.002016
0.002583
0.003842
0.001386
0.003149
0.002583
0.004787
0.001323
0.006551
0.001449
0.008692
0.001449
0.002520
0.001827
0.002457
0.001323
0.001701
0.001701
0.001071
0.001071
0.003023
0.003212
0.006488
0.001953
0.007181
0.002583
0.004913
0.001827
0.004031
0.004535
0.003023
0.005480
0.001197
0.006740
0.001890
0.001701
0.001008
0.009385
0.001008
0.003590
0.001386
0.013542
0.001449
0.006992
0.000945
0.004913
0.000945
0.003086
0.001197
0.003401
0.001008
0.003212
0.002583
0.011590
0.001575
0.002646
0.002520
0.006551
0.001638
0.004850
0.005354
0.002897
0.001323
0.004976
0.003716
0.003149
0.001764
0.003527
0.002331
0.006992
0.002331
0.004094
0.008062
0.003401
0.001953
0.004157
0.005417
0.002394
0.001638
0.004220
0.001827
0.005165
0.001827
0.002142
0.005669
0.005480
0.000882
0.002520
0.017826
0.003401
0.001071
0.002646
0.003149
0.002457
0.002079
0.009700
0.002205
0.002897
0.001827
0.004346
0.001827
0.003464
0.003653
0.001827
0.003149
0.003023
0.001008
0.007118
0.002268
0.004346
0.001953
0.004409
0.001953
0.005606
0.002331
0.002834
0.002771
0.003149
0.001953
0.002520
0.004787
0.005291
0.001701
0.004787
0.005669
0.002331
0.002520
0.001890
0.003023
0.003779
0.004913
0.002142
0.001134
0.001764
0.001197
0.001260
0.003968
0.002016
0.002520
0.002016
0.005480
0.001890
0.005795
0.001134
0.002268
0.002205
0.002960
0.000882
0.001638
0.003149
0.003275
0.001575
0.006866
0.003527
0.002016
0.002646
0.002646
0.004535
0.001512
0.004157
0.002142
0.010456
0.001512
0.002142
0.000945
0.004283
0.000945
0.002016
0.002016
0.004535
0.001512
0.002771
0.001134
0.011086
0.000882
0.005480
0.000819
0.005858
0.001764
0.002331
0.001638
0.008125
0.001953
0.001575
0.004976
0.003527
0.003212
0.005984
0.009259
0.004031
0.001386
0.002708
0.004157
0.002897
0.001701
0.002205
0.000882
0.006992
0.001638
0.002583
0.006362
0.002268
0.002268
0.004472
0.004157
0.004283
0.002331
0.004472
0.002771
0.004346
0.002520
0.003968
0.003527
0.003653
0.001701
0.004346
0.006047
0.002583
0.002897
0.006488
