0.121553
0.001496
0.004553
0.004748
0.002276
0.002146
0.010731
0.004227
0.001236
0.001951
0.004292
0.003122
0.002211
0.002536
0.003577
0.013332
0.001886
0.001236
0.002211
0.005528
0.002276
0.001756
0.011772
0.006113
0.001821
0.002666
0.003447
0.002862
0.001041
0.002406
0.006764
0.014438
0.003187
0.001431
0.002927
0.004553
0.004357
0.001301
0.007934
0.002406
0.001756
0.002797
0.004878
0.001496
0.006569
0.000976
0.005073
0.001691
0.002016
0.001041
0.002601
0.002016
0.003772
0.001366
0.014568
0.002862
0.002471
0.001886
0.003122
0.001041
0.012877
0.002081
0.007024
0.005008
0.003447
0.001951
0.002146
0.005268
0.001561
0.009105
0.001171
0.004618
0.001886
0.003967
0.004227
0.001756
0.001236
0.003967
0.002536
0.008910
0.001431
0.002211
0.000976
0.004097
0.002341
0.012552
0.003122
0.004943
0.001496
0.002146
0.002471
0.002927
0.002601
0.003577
0.004488
0.013267
0.002211
0.002081
0.000976
0.002406
0.002862
0.011056
0.002211
0.002732
0.002276
0.002601
0.001626
0.001171
0.011251
0.002666
0.001821
0.002927
0.002797
0.001691
0.001626
0.003317
0.004422
0.005983
0.002666
0.001951
0.002406
0.003057
0.003317
0.002211
0.007024
0.003252
0.002341
0.002081
0.000845
0.001496
0.003902
0.006829
0.001301
0.003122
0.006959
0.002016
0.001366
0.001691
0.004227
0.003902
0.002341
0.001496
0.002341
0.010146
0.002016
0.002341
0.002211
0.007154
0.002341
0.002862
0.005853
0.003902
0.002146
0.002081
0.004422
0.002601
0.002146
0.001561
0.003317
0.008130
0.005398
0.002146
0.004748
0.003577
0.002016
0.002797
0.004227
0.002211
0.001626
0.001496
0.009040
0.003447
0.003122
0.002081
0.003772
0.002732
0.002732
0.001431
0.002862
0.000911
0.002406
0.002797
0.008065
0.001561
0.002471
0.001431
0.002406
0.001561
0.007284
0.001691
0.002992
0.004032
0.002341
0.001301
0.003642
0.006569
0.001236
0.005268
0.002797
0.003122
0.003317
0.007999
0.003447
0.003057
0.002341
0.001301
0.002211
0.005333
0.000976
0.002211
0.001561
0.003642
0.002536
0.006634
0.004422
0.002601
0.001561
0.002862
0.001756
0.003187
0.003447
0.002276
0.001951
0.007739
0.004422
0.002471
0.001951
0.001691
0.001691
0.007284
0.002992
0.001626
0.002601
0.002471
0.001951
0.001821
0.006048
0.001691
0.001561
0.003967
0.004032
0.001301
0.002732
0.002211
0.001626
0.003382
0.003707
0.001886
0.001236
0.004032
0.002536
0.003252
0.002992
0.002016
0.002146
0.003187
