0.122919
0.002601
0.002732
0.003447
0.003642
0.003187
0.008390
0.004097
0.001691
0.003902
0.003187
0.003187
0.003382
0.002601
0.002732
0.009430
0.003902
0.001821
0.002732
0.005528
0.002732
0.002341
0.007804
0.004292
0.001886
0.004162
0.004162
0.002471
0.002211
0.002211
0.004488
0.005723
0.004227
0.002406
0.002406
0.004422
0.002732
0.002276
0.005398
0.002536
0.001886
0.004097
0.004032
0.002992
0.005723
0.002146
0.003642
0.002211
0.002536
0.002016
0.002406
0.003447
0.003967
0.002862
0.009235
0.004032
0.002862
0.002341
0.002862
0.002081
0.010341
0.003902
0.002992
0.003447
0.004097
0.001886
0.002341
0.006048
0.001951
0.006309
0.001951
0.004357
0.002406
0.004488
0.003187
0.002211
0.001236
0.002927
0.002732
0.005983
0.002601
0.002016
0.001886
0.005268
0.003902
0.008065
0.003707
0.002862
0.001561
0.003447
0.002341
0.002016
0.003187
0.003122
0.003317
0.009495
0.002862
0.002081
0.002732
0.004032
0.002862
0.008975
0.003902
0.004878
0.002016
0.002732
0.002536
0.002211
0.009951
0.003057
0.003057
0.003772
0.003707
0.002211
0.002211
0.005268
0.003707
0.005008
0.001171
0.003187
0.002536
0.004683
0.003967
0.003187
0.006243
0.002601
0.002276
0.002862
0.001106
0.002276
0.002406
0.004683
0.002732
0.003772
0.006374
0.002276
0.001561
0.001496
0.003187
0.002406
0.004748
0.003317
0.002992
0.006764
0.002666
0.003057
0.002016
0.006243
0.002016
0.003902
0.005008
0.002081
0.003382
0.003122
0.005853
0.002732
0.003057
0.002471
0.002992
0.005788
0.004422
0.003057
0.002341
0.003252
0.001756
0.003837
0.004162
0.002016
0.002406
0.002601
0.008715
0.003252
0.004943
0.002601
0.002992
0.003967
0.002276
0.001886
0.003382
0.002146
0.001886
0.003642
0.005918
0.003057
0.002081
0.001886
0.002732
0.001756
0.005658
0.002146
0.002276
0.005138
0.003512
0.002471
0.002341
0.005788
0.001886
0.004292
0.002471
0.002341
0.003772
0.006699
0.002992
0.002211
0.003382
0.002471
0.001951
0.004813
0.001301
0.001691
0.001496
0.003967
0.002471
0.005658
0.004227
0.002471
0.002081
0.003382
0.001041
0.003252
0.003967
0.002081
0.002536
0.007414
0.004097
0.002406
0.001301
0.001691
0.001691
0.004488
0.003707
0.003057
0.002732
0.002666
0.002081
0.002601
0.005983
0.002276
0.002927
0.006048
0.004748
0.001821
0.003252
0.003707
0.002406
0.004553
0.002601
0.002146
0.001821
0.004878
0.002862
0.003382
0.005138
0.002276
0.002341
0.003772
