0.124545
0.001691
0.004422
0.003252
0.002341
0.002406
0.012227
0.003577
0.001366
0.001561
0.004748
0.003707
0.001431
0.002732
0.004553
0.012812
0.002732
0.001951
0.002081
0.004422
0.001496
0.001691
0.011316
0.005983
0.001626
0.002601
0.005333
0.001496
0.002341
0.001626
0.005528
0.007349
0.003252
0.001366
0.003122
0.004878
0.002797
0.001561
0.011316
0.001496
0.001041
0.003512
0.005333
0.001951
0.006439
0.001106
0.006048
0.001106
0.003057
0.000845
0.002797
0.002146
0.002797
0.002992
0.016844
0.003512
0.002016
0.001691
0.003707
0.001496
0.011707
0.001886
0.003577
0.003057
0.002666
0.001561
0.002471
0.004292
0.001951
0.006634
0.002471
0.004553
0.001301
0.004748
0.004032
0.001756
0.001106
0.003057
0.001951
0.007219
0.001366
0.002276
0.001366
0.002471
0.001691
0.013528
0.002732
0.005853
0.000780
0.002601
0.003057
0.003057
0.002732
0.002666
0.003837
0.012227
0.003707
0.001691
0.001366
0.002016
0.002862
0.010146
0.003057
0.003122
0.002016
0.002927
0.002341
0.001366
0.008260
0.003057
0.003447
0.003252
0.002536
0.001106
0.001951
0.002601
0.003447
0.007089
0.002081
0.002276
0.001171
0.003837
0.003837
0.002081
0.008650
0.003382
0.002081
0.002666
0.001691
0.002081
0.004553
0.004943
0.001366
0.003187
0.008390
0.002406
0.001431
0.001431
0.004553
0.004422
0.002992
0.002276
0.003447
0.007999
0.002081
0.004097
0.002146
0.004618
0.001821
0.002797
0.006439
0.002666
0.003057
0.003447
0.005658
0.002211
0.002276
0.001431
0.003317
0.005008
0.004878
0.003252
0.002732
0.002797
0.001821
0.002992
0.006504
0.002341
0.002211
0.002081
0.008195
0.003967
0.004032
0.001561
0.003707
0.003707
0.002862
0.001041
0.003902
0.001691
0.001431
0.003642
0.009105
0.002016
0.002276
0.001496
0.004813
0.001561
0.006309
0.001951
0.003642
0.004292
0.002211
0.002406
0.003512
0.007349
0.001561
0.004032
0.003577
0.001366
0.002341
0.007869
0.003187
0.002797
0.002797
0.002406
0.002471
0.003707
0.000845
0.002471
0.001691
0.003902
0.001951
0.007479
0.004422
0.002016
0.001171
0.002406
0.001561
0.003122
0.003512
0.001821
0.002601
0.006959
0.005138
0.002601
0.002992
0.001561
0.001496
0.007999
0.002601
0.001886
0.002862
0.002341
0.001626
0.001301
0.005528
0.001951
0.002341
0.002146
0.003577
0.001366
0.003317
0.002992
0.001561
0.003967
0.003642
0.001496
0.001301
0.004748
0.002732
0.003642
0.004097
0.002471
0.001626
0.003707
