0.122890
0.002771
0.004220
0.004220
0.003275
0.003653
0.003716
0.003212
0.004850
0.002268
0.005858
0.002960
0.003716
0.003464
0.003086
0.004976
0.003527
0.002205
0.002646
0.005228
0.002834
0.002520
0.005228
0.001890
0.003023
0.001512
0.005291
0.004031
0.003212
0.002646
0.004598
0.006110
0.005354
0.003086
0.004472
0.005039
0.001953
0.003590
0.006866
0.002646
0.002205
0.002016
0.005606
0.002142
0.003590
0.001512
0.004346
0.002205
0.002583
0.001890
0.003401
0.002708
0.001512
0.002520
0.003023
0.001827
0.002520
0.003275
0.009385
0.003779
0.005984
0.003779
0.004850
0.003905
0.003842
0.001890
0.004724
0.004724
0.002457
0.003779
0.005543
0.002016
0.002016
0.004157
0.003023
0.002331
0.002960
0.002834
0.002079
0.003653
0.003716
0.001953
0.002834
0.002394
0.001638
0.001953
0.003338
0.001701
0.003149
0.004976
0.005543
0.003401
0.003842
0.002268
0.004850
0.006866
0.003401
0.001638
0.003968
0.005354
0.002771
0.001827
0.004598
0.002771
0.002079
0.005606
0.003590
0.005669
0.005039
0.001323
0.004913
0.003149
0.004976
0.001323
0.003590
0.003149
0.002708
0.004976
0.002708
0.002771
0.002960
0.002771
0.003464
0.002834
0.005102
0.002142
0.003338
0.003590
0.004094
0.002394
0.003212
0.008314
0.002583
0.002016
0.004409
0.003842
0.002708
0.002771
0.004535
0.002394
0.003401
0.002834
0.003527
0.002960
0.002771
0.002708
0.002583
0.004535
0.003212
0.002960
0.005606
0.002457
0.003716
0.003590
0.003842
0.002646
0.004094
0.003716
0.003023
0.004220
0.005291
0.002583
0.004409
0.004346
0.002583
0.002834
0.011023
0.003275
0.002016
0.002771
0.003086
0.001764
0.002960
0.002708
0.003212
0.004283
0.002646
0.002268
0.004283
0.002331
0.001575
0.002268
0.004661
0.002205
0.003023
0.003212
0.005795
0.002646
0.004724
0.004535
0.005732
0.004346
0.004094
0.002016
0.004472
0.005984
0.003653
0.006992
0.004724
0.002331
0.002205
0.002771
0.003023
0.001764
0.002268
0.001701
0.003527
0.002394
0.001953
0.002646
0.003401
0.003653
0.001953
0.002205
0.003527
0.001890
0.003212
0.003653
0.005102
0.002394
0.005417
0.002771
0.005039
0.004157
0.006110
0.002142
0.003464
0.002960
0.002834
0.002331
0.003275
0.002520
0.002331
0.003590
0.003464
0.002708
0.004535
0.002142
0.003905
0.002771
0.004472
0.001701
0.003779
0.002897
0.002079
0.002331
0.004220
0.003212
0.001890
0.002079
0.004157
0.002897
0.004535
0.001890
0.003212
0.003842
