0.117456
0.000650
0.003122
0.004227
0.003317
0.003707
0.008780
0.003317
0.000650
0.002276
0.004748
0.002601
0.002732
0.002927
0.004357
0.011186
0.002081
0.001561
0.002211
0.005008
0.001106
0.001691
0.009560
0.006178
0.001366
0.002992
0.006243
0.002927
0.001366
0.001951
0.003447
0.011772
0.003447
0.001626
0.002992
0.003317
0.005723
0.002536
0.008715
0.001626
0.001626
0.002471
0.004943
0.000976
0.009365
0.002341
0.004943
0.000976
0.003317
0.001106
0.002276
0.001431
0.004032
0.002666
0.011316
0.002276
0.001886
0.002276
0.003772
0.001171
0.010471
0.002601
0.004162
0.002471
0.002601
0.003057
0.001431
0.003772
0.001171
0.012682
0.001366
0.007414
0.001431
0.005723
0.002927
0.001821
0.001106
0.008455
0.001626
0.009235
0.002016
0.003772
0.001626
0.004813
0.002406
0.010991
0.002666
0.004683
0.001366
0.006959
0.001756
0.003252
0.002536
0.005008
0.001431
0.010471
0.003122
0.003252
0.000911
0.001821
0.004227
0.009755
0.002536
0.002862
0.001691
0.005073
0.001171
0.000911
0.010211
0.004813
0.003057
0.003187
0.003252
0.002406
0.001301
0.002992
0.005073
0.008780
0.001301
0.001691
0.002536
0.006178
0.002862
0.001301
0.009105
0.005268
0.001431
0.001106
0.001106
0.001041
0.003382
0.005268
0.001561
0.003057
0.005528
0.002406
0.001106
0.002276
0.003837
0.002862
0.002341
0.002341
0.002862
0.006959
0.001366
0.002276
0.002081
0.007154
0.000715
0.002081
0.007219
0.003642
0.001951
0.002862
0.006569
0.002471
0.001821
0.001366
0.003512
0.007024
0.004683
0.001951
0.003642
0.002471
0.002276
0.002341
0.005593
0.001301
0.001561
0.002536
0.008585
0.001951
0.006374
0.001041
0.003837
0.001171
0.003577
0.001886
0.001821
0.001886
0.002081
0.002927
0.005593
0.001366
0.002471
0.001171
0.004162
0.000780
0.005593
0.001821
0.003122
0.002992
0.002862
0.003382
0.001951
0.006569
0.001626
0.008780
0.001496
0.002666
0.002341
0.007479
0.001756
0.002992
0.002601
0.004227
0.001171
0.005528
0.000780
0.005463
0.001041
0.004618
0.000845
0.006764
0.002992
0.002406
0.001496
0.006959
0.001561
0.004618
0.001886
0.003122
0.001301
0.006439
0.004032
0.003252
0.001626
0.001236
0.002862
0.007024
0.002927
0.001496
0.002016
0.004488
0.001561
0.002016
0.005723
0.003122
0.000911
0.002601
0.005788
0.003122
0.002016
0.001756
0.003382
0.005788
0.001561
0.001366
0.001756
0.006309
0.002927
0.002276
0.004683
0.002146
0.000650
0.002146
