0.165722
0.001638
0.004535
0.002520
0.002646
0.002205
0.002897
0.003905
0.003023
0.001701
0.009196
0.002142
0.003086
0.002331
0.002708
0.010582
0.003842
0.001512
0.001512
0.002708
0.001134
0.002520
0.002457
0.001764
0.002583
0.001953
0.009637
0.003275
0.003149
0.001953
0.004850
0.007748
0.003842
0.002897
0.003779
0.003086
0.003023
0.002834
0.004283
0.002079
0.003023
0.001764
0.006803
0.001890
0.006929
0.002268
0.003149
0.002268
0.002520
0.001827
0.002834
0.002016
0.002079
0.001827
0.001953
0.000945
0.003905
0.005417
0.015306
0.002520
0.013668
0.003716
0.004094
0.003338
0.003842
0.002708
0.002897
0.003023
0.001953
0.003464
0.003653
0.002079
0.002331
0.005606
0.002583
0.002268
0.002205
0.002520
0.001638
0.005921
0.003023
0.001827
0.001890
0.002142
0.001260
0.001638
0.001827
0.002016
0.003968
0.010519
0.005543
0.002457
0.004598
0.002331
0.003905
0.010204
0.003527
0.003401
0.002142
0.002708
0.003401
0.001827
0.001764
0.000945
0.002708
0.009952
0.002331
0.003527
0.011023
0.001890
0.002142
0.002142
0.002646
0.001890
0.002205
0.003275
0.001323
0.002142
0.002394
0.001386
0.003527
0.006236
0.002708
0.001701
0.008503
0.002834
0.002394
0.002268
0.002520
0.001638
0.003149
0.005039
0.002268
0.002142
0.003716
0.003086
0.001827
0.002205
0.005606
0.001260
0.003653
0.001638
0.001701
0.004850
0.002520
0.003086
0.002016
0.003653
0.003590
0.002457
0.004094
0.001260
0.002457
0.002771
0.005417
0.002079
0.004472
0.002205
0.002897
0.003779
0.004472
0.004535
0.003842
0.003338
0.002142
0.003275
0.006992
0.003464
0.002016
0.003338
0.003338
0.001386
0.003842
0.002331
0.003779
0.003464
0.002771
0.001890
0.003275
0.001449
0.003023
0.001890
0.003275
0.001764
0.001953
0.003527
0.007937
0.001701
0.006236
0.002457
0.003464
0.004409
0.002897
0.002142
0.003338
0.004661
0.004031
0.005669
0.005669
0.002016
0.001764
0.002331
0.003716
0.001323
0.004409
0.001890
0.001827
0.002771
0.002520
0.002079
0.002457
0.001764
0.002646
0.001575
0.001764
0.002520
0.002520
0.006299
0.003968
0.001764
0.003275
0.002205
0.003968
0.006110
0.006551
0.002834
0.002394
0.001512
0.003842
0.002583
0.002897
0.002646
0.002016
0.003842
0.002079
0.001512
0.006110
0.001386
0.001575
0.003905
0.004094
0.002268
0.003401
0.002394
0.001575
0.003401
0.002520
0.003338
0.002205
0.002960
0.003527
0.002079
0.004598
0.001827
0.002771
0.003842
