0.123179
0.000455
0.001626
0.004618
0.001886
0.003122
0.012032
0.003577
0.000715
0.001106
0.003317
0.003317
0.002016
0.001951
0.004292
0.013983
0.002276
0.000455
0.001301
0.004488
0.001366
0.001041
0.016389
0.004813
0.001236
0.002601
0.003512
0.002081
0.001431
0.001496
0.005983
0.011186
0.003707
0.000585
0.001561
0.002341
0.007739
0.001561
0.012227
0.001691
0.003057
0.001561
0.004618
0.001496
0.011446
0.001496
0.004032
0.000976
0.003772
0.001171
0.002732
0.001886
0.006178
0.001951
0.018470
0.001951
0.002797
0.001041
0.003382
0.001236
0.016649
0.001496
0.003317
0.002471
0.002471
0.001301
0.000520
0.004813
0.001951
0.009170
0.001106
0.005268
0.001496
0.003187
0.002666
0.002862
0.001171
0.003317
0.001431
0.009300
0.001301
0.002601
0.000455
0.003512
0.003057
0.012942
0.002406
0.002862
0.000650
0.003707
0.001626
0.003837
0.001951
0.002992
0.002081
0.009820
0.003967
0.002992
0.000585
0.001626
0.005528
0.012422
0.002601
0.001821
0.003122
0.003512
0.001431
0.000780
0.012617
0.003122
0.002016
0.002081
0.004292
0.001691
0.000715
0.002601
0.006309
0.012292
0.001561
0.001821
0.002146
0.003447
0.002732
0.000650
0.010796
0.005333
0.001886
0.001366
0.001236
0.001431
0.003902
0.006309
0.001366
0.003122
0.007154
0.001951
0.001561
0.000911
0.003707
0.004748
0.002862
0.000976
0.001951
0.007089
0.002406
0.001626
0.002016
0.006504
0.001496
0.001756
0.007479
0.003642
0.001821
0.001951
0.005008
0.004357
0.001821
0.001366
0.002146
0.005398
0.006309
0.002536
0.002732
0.002341
0.002471
0.001301
0.005723
0.001756
0.004357
0.001756
0.005918
0.002536
0.004683
0.000911
0.002992
0.002146
0.003512
0.000845
0.005463
0.001366
0.002666
0.002797
0.007804
0.001496
0.004683
0.001561
0.004292
0.001496
0.007479
0.001301
0.002406
0.003057
0.001886
0.002016
0.002341
0.005658
0.001951
0.004748
0.001171
0.003707
0.001951
0.005853
0.002666
0.003512
0.001236
0.001951
0.001236
0.004488
0.001496
0.002797
0.001366
0.004943
0.001626
0.006439
0.002797
0.002862
0.001041
0.005918
0.001431
0.005463
0.002341
0.002081
0.001626
0.006504
0.006374
0.004032
0.001496
0.001106
0.003447
0.006504
0.002992
0.001691
0.003967
0.003967
0.001236
0.000911
0.006374
0.002406
0.001366
0.003187
0.006374
0.003252
0.001691
0.002471
0.002601
0.004813
0.001041
0.001431
0.003057
0.005918
0.001626
0.002341
0.004422
0.002146
0.001756
0.002016
