0.115245
0.001886
0.003122
0.002666
0.002927
0.002862
0.010471
0.005203
0.001756
0.001886
0.002927
0.002081
0.003382
0.002992
0.004683
0.011967
0.004553
0.002406
0.002927
0.004162
0.002406
0.001886
0.006959
0.003187
0.001366
0.002536
0.003187
0.002406
0.002016
0.002211
0.004097
0.007999
0.004748
0.001041
0.002732
0.003577
0.003382
0.001756
0.007739
0.002601
0.002666
0.003187
0.003902
0.002146
0.007479
0.001886
0.003252
0.002471
0.004097
0.001821
0.003317
0.002601
0.003642
0.002211
0.011511
0.001951
0.002471
0.001626
0.002797
0.001626
0.012877
0.001886
0.002276
0.002536
0.004878
0.002601
0.002732
0.003707
0.001691
0.007544
0.001951
0.004292
0.002146
0.003577
0.003772
0.002016
0.002211
0.003642
0.002211
0.009755
0.002081
0.003252
0.001366
0.004097
0.002797
0.011446
0.002081
0.003252
0.001431
0.002016
0.001756
0.003642
0.002732
0.003642
0.002927
0.011316
0.004813
0.003447
0.001821
0.003707
0.004032
0.009170
0.002146
0.002992
0.002601
0.003707
0.002862
0.001691
0.010211
0.003837
0.002666
0.003902
0.004683
0.002276
0.002666
0.003967
0.005268
0.008845
0.001626
0.002211
0.001951
0.002732
0.003382
0.002406
0.010861
0.003642
0.002146
0.001951
0.002081
0.001431
0.002276
0.003317
0.002666
0.002601
0.006959
0.002536
0.002536
0.001691
0.002276
0.002601
0.003382
0.002406
0.003187
0.009300
0.002471
0.003122
0.003837
0.004813
0.002081
0.002276
0.003447
0.001821
0.003447
0.003382
0.004032
0.002406
0.003122
0.002211
0.002406
0.005073
0.005723
0.002016
0.001496
0.003382
0.002341
0.003122
0.004813
0.002601
0.001496
0.002732
0.006764
0.003837
0.004683
0.002276
0.002016
0.003122
0.003057
0.001431
0.002862
0.002862
0.001951
0.003837
0.006504
0.001561
0.002211
0.001691
0.001691
0.001756
0.007349
0.001691
0.001951
0.004097
0.003317
0.002081
0.003317
0.004227
0.002211
0.003967
0.003772
0.001691
0.003057
0.006699
0.002406
0.001496
0.003707
0.002081
0.001821
0.005138
0.001886
0.002992
0.002211
0.004618
0.002341
0.005268
0.003707
0.001626
0.002536
0.002732
0.002146
0.002927
0.004032
0.001821
0.002406
0.008585
0.004422
0.002276
0.001691
0.001951
0.002797
0.005918
0.003447
0.001691
0.003512
0.001821
0.001951
0.002211
0.006829
0.002276
0.002992
0.005073
0.005593
0.002862
0.003447
0.004553
0.003122
0.005528
0.003447
0.001951
0.002276
0.004683
0.003382
0.003317
0.006959
0.002081
0.002406
0.003642
