0.130203
0.001431
0.002211
0.002862
0.003837
0.005463
0.009170
0.004357
0.001691
0.002341
0.003187
0.002276
0.003967
0.004553
0.003577
0.009105
0.004618
0.002211
0.002146
0.004813
0.001821
0.002406
0.005138
0.004032
0.002666
0.004878
0.005138
0.003382
0.002081
0.002276
0.003122
0.007479
0.003382
0.002146
0.002276
0.003382
0.004032
0.002666
0.005983
0.002081
0.002211
0.005333
0.003772
0.001496
0.007804
0.002732
0.004097
0.002146
0.003317
0.001561
0.002406
0.002601
0.003382
0.003837
0.007609
0.003317
0.002276
0.003187
0.002146
0.001691
0.007284
0.003447
0.002211
0.002016
0.003837
0.001691
0.001756
0.002732
0.001821
0.006699
0.003057
0.004553
0.002406
0.004357
0.003512
0.002016
0.002406
0.005268
0.002146
0.008065
0.002992
0.002471
0.001561
0.003642
0.002406
0.008260
0.002536
0.003187
0.001756
0.003707
0.002146
0.003187
0.002732
0.003252
0.001431
0.007999
0.004553
0.002406
0.001301
0.002081
0.002732
0.010341
0.003187
0.003447
0.002471
0.004878
0.002211
0.001821
0.010861
0.004357
0.002927
0.003967
0.005788
0.002992
0.001561
0.004292
0.003707
0.005463
0.002536
0.001951
0.002862
0.004618
0.004553
0.002601
0.004748
0.003967
0.001626
0.002081
0.002341
0.002341
0.002601
0.004748
0.002536
0.005268
0.004748
0.002211
0.001366
0.001951
0.002797
0.002406
0.004943
0.002666
0.002146
0.006439
0.004813
0.004227
0.002146
0.006113
0.001366
0.002992
0.003382
0.002666
0.003382
0.002992
0.004813
0.002601
0.003122
0.001626
0.001366
0.004422
0.004878
0.002471
0.002797
0.001626
0.002146
0.003707
0.004162
0.002406
0.002341
0.002471
0.006048
0.002601
0.005138
0.001626
0.002536
0.003512
0.004227
0.001756
0.003382
0.002146
0.001756
0.005268
0.005203
0.002016
0.003122
0.002536
0.002927
0.001691
0.005073
0.002341
0.001301
0.002862
0.003512
0.002536
0.002862
0.004357
0.003057
0.004943
0.003122
0.003382
0.002927
0.007999
0.001821
0.001756
0.003122
0.002601
0.000976
0.004553
0.001691
0.003252
0.002016
0.003642
0.001106
0.005333
0.002992
0.001951
0.001626
0.004422
0.002146
0.003317
0.003837
0.002016
0.001626
0.005918
0.005073
0.002927
0.001301
0.002471
0.002666
0.005658
0.004553
0.003122
0.002536
0.004292
0.002471
0.000976
0.007154
0.001951
0.002732
0.004292
0.007739
0.003447
0.003772
0.003837
0.002797
0.003707
0.002536
0.001626
0.003382
0.006309
0.003772
0.003707
0.003577
0.003317
0.001756
0.003772
