0.115114
0.001171
0.001886
0.002016
0.002211
0.003252
0.011316
0.002666
0.001236
0.002211
0.003772
0.002146
0.002406
0.003317
0.002927
0.008715
0.002992
0.002341
0.001106
0.002992
0.002406
0.002666
0.009170
0.005593
0.000845
0.004422
0.002146
0.001171
0.001821
0.003252
0.002406
0.005983
0.005333
0.002016
0.001301
0.002797
0.005333
0.002146
0.008845
0.001626
0.002146
0.006048
0.005593
0.001431
0.008520
0.002471
0.003837
0.000976
0.004097
0.001431
0.001821
0.001106
0.005463
0.004227
0.015609
0.002601
0.002666
0.002016
0.001886
0.000585
0.013202
0.003642
0.003057
0.001886
0.003317
0.002341
0.001106
0.003447
0.001951
0.010406
0.001691
0.003252
0.002341
0.006243
0.007219
0.002211
0.001691
0.006504
0.001431
0.006178
0.001301
0.003252
0.000976
0.002146
0.002862
0.015544
0.004227
0.003317
0.000911
0.004553
0.001496
0.001756
0.001756
0.005528
0.001886
0.008780
0.002732
0.003512
0.000911
0.001496
0.003772
0.013463
0.001366
0.002341
0.003317
0.005528
0.000976
0.000911
0.011121
0.005138
0.001431
0.002211
0.005073
0.002992
0.001431
0.003447
0.006374
0.012682
0.001821
0.002406
0.001821
0.004748
0.002211
0.001626
0.008910
0.006504
0.001301
0.001431
0.001106
0.001366
0.002081
0.004097
0.001951
0.004162
0.006178
0.001626
0.001106
0.001821
0.002732
0.001756
0.002862
0.001496
0.001236
0.006178
0.002471
0.004422
0.000650
0.003967
0.001821
0.003707
0.005073
0.002992
0.002732
0.002666
0.003382
0.001821
0.001756
0.002601
0.001561
0.003317
0.005138
0.003512
0.001496
0.000976
0.003057
0.004032
0.004357
0.001171
0.004878
0.004422
0.008195
0.002211
0.005463
0.002406
0.001301
0.001951
0.004162
0.001431
0.001886
0.000520
0.003382
0.006699
0.007284
0.001691
0.002732
0.002666
0.002666
0.000715
0.007414
0.001821
0.001756
0.002927
0.003187
0.002016
0.002146
0.004488
0.001366
0.007024
0.002276
0.002471
0.003382
0.009690
0.003837
0.003057
0.001756
0.003967
0.001496
0.004032
0.001626
0.005593
0.001041
0.002341
0.001691
0.010406
0.007154
0.002406
0.001496
0.004943
0.001106
0.002601
0.002666
0.003382
0.001171
0.006764
0.005593
0.004553
0.001041
0.000780
0.002276
0.009300
0.002601
0.001301
0.003902
0.003512
0.001301
0.001431
0.007089
0.002666
0.000845
0.002862
0.004553
0.003122
0.002341
0.002797
0.002992
0.008455
0.002406
0.001951
0.002081
0.007024
0.002211
0.003252
0.004943
0.003837
0.001366
0.002016
