0.104709
0.002601
0.002016
0.003252
0.003187
0.004162
0.009495
0.002536
0.001366
0.003967
0.002927
0.001691
0.003122
0.005138
0.002797
0.011251
0.003707
0.002016
0.001951
0.003772
0.001886
0.002471
0.005983
0.002992
0.001691
0.003577
0.004618
0.002341
0.002016
0.002862
0.002406
0.006894
0.004813
0.002211
0.002016
0.004748
0.004227
0.002211
0.006959
0.002471
0.001821
0.004357
0.005008
0.001951
0.005138
0.001691
0.002601
0.002146
0.002341
0.002666
0.002276
0.003057
0.003642
0.002601
0.009886
0.004357
0.002732
0.003642
0.003707
0.002666
0.012162
0.003512
0.002471
0.003252
0.005593
0.003057
0.001626
0.005008
0.002992
0.007219
0.003122
0.003707
0.002406
0.004553
0.004292
0.001041
0.002601
0.003902
0.002536
0.006113
0.002992
0.001886
0.002146
0.003122
0.002927
0.011251
0.003057
0.002601
0.002146
0.003317
0.002862
0.002927
0.003317
0.004162
0.002536
0.009886
0.003902
0.003317
0.002211
0.004097
0.003317
0.010406
0.002732
0.003057
0.003252
0.003577
0.002471
0.001756
0.007999
0.002276
0.002471
0.003187
0.003707
0.002276
0.001171
0.003447
0.003707
0.006829
0.002016
0.002927
0.002341
0.003512
0.005593
0.002406
0.007934
0.003967
0.002732
0.002732
0.002927
0.002601
0.001431
0.004878
0.003252
0.003837
0.006113
0.002601
0.002081
0.002862
0.003447
0.002211
0.002732
0.003512
0.001886
0.006048
0.002601
0.002406
0.002211
0.005853
0.001951
0.002666
0.004292
0.002601
0.002016
0.002732
0.005463
0.001951
0.003642
0.003447
0.001821
0.004357
0.006699
0.002666
0.001756
0.003577
0.002536
0.003837
0.004227
0.002081
0.002471
0.003317
0.006374
0.002601
0.002992
0.002927
0.002016
0.003252
0.002146
0.002471
0.001951
0.002862
0.002862
0.004878
0.006764
0.002797
0.002146
0.003382
0.004422
0.002276
0.005658
0.003187
0.001561
0.005138
0.003382
0.002601
0.001431
0.005658
0.002797
0.004227
0.003252
0.002146
0.003057
0.007869
0.002536
0.002211
0.002601
0.002341
0.002016
0.003447
0.002927
0.003122
0.002276
0.004097
0.003317
0.007089
0.004422
0.002016
0.002341
0.004357
0.003252
0.002081
0.004553
0.002862
0.001886
0.005268
0.004943
0.003187
0.002276
0.002732
0.002732
0.006048
0.005463
0.003252
0.002992
0.002992
0.001691
0.002146
0.004943
0.001366
0.002862
0.004553
0.005658
0.002862
0.002927
0.003512
0.003707
0.004227
0.003317
0.001886
0.002797
0.004748
0.003902
0.002406
0.004488
0.003447
0.001756
0.003512
