0.161817
0.002268
0.003842
0.002897
0.001575
0.003779
0.003023
0.002897
0.003212
0.002016
0.011401
0.002016
0.003086
0.003275
0.003212
0.006929
0.003338
0.001386
0.002520
0.002960
0.001638
0.002897
0.003779
0.001764
0.002897
0.002142
0.008062
0.002708
0.003464
0.002079
0.004283
0.006173
0.004031
0.003023
0.003149
0.003212
0.001953
0.003149
0.005921
0.002708
0.003212
0.001638
0.006236
0.001953
0.004913
0.001449
0.003527
0.002079
0.002079
0.001197
0.002457
0.002268
0.003086
0.002708
0.002016
0.001134
0.003842
0.004724
0.013039
0.003653
0.010330
0.003338
0.003527
0.002960
0.003338
0.001701
0.002834
0.003275
0.001071
0.004220
0.004976
0.001827
0.002331
0.005039
0.002079
0.001953
0.002394
0.001449
0.002583
0.004661
0.003527
0.001764
0.002205
0.002205
0.001449
0.002079
0.002583
0.001575
0.003527
0.010771
0.006677
0.002394
0.003023
0.002708
0.004913
0.008440
0.002583
0.003338
0.002394
0.002646
0.004031
0.001764
0.002960
0.001827
0.003401
0.008377
0.003527
0.003023
0.009574
0.001638
0.002708
0.002771
0.003590
0.001512
0.002331
0.003212
0.002016
0.002960
0.003212
0.001953
0.003716
0.006425
0.003464
0.002205
0.006866
0.002646
0.002583
0.002268
0.001638
0.002079
0.003275
0.005228
0.002771
0.002205
0.005291
0.003275
0.001071
0.003401
0.005480
0.001197
0.003464
0.002205
0.001890
0.004976
0.002646
0.003338
0.002331
0.004850
0.003464
0.003338
0.004535
0.001827
0.002520
0.004472
0.005795
0.001953
0.004409
0.001953
0.003149
0.003023
0.005606
0.004220
0.003464
0.002457
0.002457
0.002394
0.008188
0.003212
0.001764
0.003842
0.004031
0.002205
0.002834
0.002331
0.002394
0.003401
0.002268
0.001827
0.002079
0.002142
0.001512
0.001575
0.003716
0.001575
0.002646
0.003905
0.009889
0.001953
0.006362
0.003590
0.002771
0.002520
0.003275
0.001953
0.004283
0.005102
0.004220
0.007559
0.004220
0.001764
0.002331
0.002142
0.003464
0.001449
0.003968
0.001386
0.002331
0.002331
0.001575
0.001638
0.001890
0.002520
0.001764
0.001575
0.002016
0.001890
0.002331
0.006110
0.005795
0.001575
0.003527
0.001827
0.002646
0.004535
0.006425
0.002079
0.002771
0.001386
0.003464
0.002771
0.003212
0.002079
0.001701
0.006047
0.002771
0.001827
0.005039
0.001638
0.002583
0.003464
0.004220
0.001512
0.003527
0.002079
0.002394
0.004220
0.003401
0.003023
0.002646
0.003716
0.004220
0.002016
0.003590
0.001890
0.003212
0.004976
