0.119797
0.001691
0.003382
0.003577
0.002797
0.003252
0.009755
0.004878
0.000911
0.001561
0.005853
0.002471
0.001886
0.002992
0.004162
0.010991
0.001561
0.001561
0.002341
0.005463
0.001301
0.001366
0.007544
0.005333
0.001041
0.003967
0.006764
0.002666
0.000911
0.002211
0.004162
0.011642
0.003642
0.000911
0.003447
0.002276
0.004422
0.001756
0.009170
0.001821
0.001431
0.002732
0.007349
0.000520
0.008065
0.001691
0.007674
0.000911
0.003187
0.001236
0.002732
0.001626
0.004227
0.002601
0.011056
0.002536
0.002406
0.001821
0.005788
0.001236
0.011056
0.002862
0.004227
0.002406
0.001951
0.002211
0.001561
0.004943
0.001171
0.013267
0.001626
0.007544
0.000976
0.004878
0.003187
0.002732
0.001561
0.008650
0.001496
0.007284
0.002081
0.003382
0.001431
0.002992
0.002601
0.012487
0.002146
0.003707
0.001171
0.006113
0.003642
0.003382
0.002211
0.004162
0.002927
0.009170
0.002536
0.002406
0.001236
0.002341
0.003902
0.010666
0.002927
0.002992
0.002211
0.003512
0.002081
0.001236
0.008975
0.003902
0.002797
0.002341
0.004292
0.002341
0.001236
0.001821
0.004553
0.007869
0.002211
0.001821
0.001691
0.006243
0.002862
0.001821
0.007414
0.005138
0.001301
0.001366
0.001431
0.000845
0.002992
0.004748
0.001626
0.003967
0.007414
0.002471
0.001626
0.001756
0.005008
0.003252
0.002536
0.001561
0.003057
0.005008
0.001301
0.002016
0.003122
0.005073
0.000845
0.002536
0.007544
0.003447
0.001756
0.003447
0.006439
0.002601
0.001561
0.001366
0.003382
0.006243
0.003902
0.001886
0.003122
0.002601
0.003252
0.002211
0.006569
0.001236
0.001821
0.002146
0.008715
0.002081
0.005008
0.002146
0.005008
0.001236
0.002406
0.001171
0.004878
0.001756
0.001951
0.003187
0.007869
0.000976
0.002666
0.000845
0.005398
0.000911
0.005658
0.001821
0.002992
0.003317
0.001821
0.002146
0.002276
0.006048
0.001301
0.007804
0.002797
0.003317
0.002797
0.007804
0.001951
0.002471
0.002211
0.005333
0.001171
0.005658
0.000911
0.004162
0.001301
0.003512
0.001301
0.008260
0.003122
0.002732
0.001756
0.005073
0.001756
0.004162
0.002471
0.002797
0.001561
0.007284
0.003447
0.002536
0.001431
0.001236
0.002406
0.006699
0.002927
0.002276
0.002276
0.003642
0.001301
0.001041
0.005333
0.002471
0.001431
0.002536
0.004748
0.003122
0.002666
0.002471
0.001821
0.005658
0.002732
0.000650
0.002601
0.006178
0.002081
0.002406
0.004683
0.002341
0.001756
0.002016
