0.161943
0.002268
0.003716
0.003590
0.002079
0.002016
0.002646
0.003527
0.002457
0.002016
0.010582
0.002897
0.001764
0.002583
0.002708
0.009448
0.002646
0.001764
0.001827
0.002960
0.001890
0.002583
0.002960
0.001575
0.002457
0.001575
0.008692
0.003842
0.003023
0.002142
0.005228
0.008755
0.003212
0.003212
0.003842
0.003527
0.001827
0.004094
0.004031
0.003149
0.001512
0.001701
0.007118
0.001701
0.004976
0.001197
0.003275
0.002646
0.001323
0.001449
0.002268
0.002394
0.002016
0.001953
0.002205
0.001575
0.003023
0.002960
0.014298
0.004661
0.011275
0.003464
0.006488
0.004283
0.003149
0.002960
0.004094
0.003401
0.002897
0.003338
0.004283
0.002457
0.001764
0.006740
0.001701
0.002708
0.001827
0.002771
0.001764
0.005795
0.002520
0.002205
0.001260
0.001071
0.001386
0.001638
0.002394
0.002457
0.004598
0.011086
0.004472
0.003653
0.003338
0.003527
0.005354
0.011086
0.002771
0.002520
0.002079
0.003968
0.002646
0.001953
0.002834
0.001890
0.002205
0.007811
0.002142
0.002834
0.008881
0.001953
0.003023
0.002646
0.002834
0.001323
0.002142
0.002457
0.001323
0.002205
0.002520
0.001638
0.003968
0.005732
0.002960
0.002142
0.006488
0.001701
0.003086
0.002646
0.002520
0.002142
0.004283
0.006866
0.002331
0.001449
0.003590
0.004094
0.001449
0.002708
0.005858
0.001071
0.001701
0.002016
0.002016
0.004850
0.002142
0.003401
0.001890
0.004157
0.003653
0.001953
0.003779
0.001701
0.002142
0.003842
0.003590
0.002646
0.004283
0.002646
0.003338
0.005291
0.004157
0.004094
0.005228
0.005102
0.003023
0.002520
0.008755
0.005732
0.001071
0.003212
0.003401
0.002394
0.002016
0.002583
0.002016
0.003905
0.002771
0.001701
0.003527
0.001953
0.002771
0.001701
0.002646
0.001701
0.001953
0.003590
0.007622
0.003086
0.006236
0.002142
0.003779
0.004598
0.003779
0.002268
0.006866
0.005354
0.004913
0.007496
0.004913
0.003464
0.002268
0.002205
0.002897
0.001575
0.003401
0.001323
0.001953
0.002268
0.001386
0.001953
0.001953
0.002960
0.001638
0.002079
0.002331
0.001764
0.002708
0.005102
0.004283
0.002016
0.003905
0.001827
0.004724
0.006677
0.003779
0.003149
0.002520
0.002771
0.002520
0.002520
0.002583
0.001827
0.001575
0.004787
0.002897
0.002142
0.005606
0.001071
0.002394
0.002331
0.003338
0.001701
0.003527
0.002331
0.001512
0.003023
0.003212
0.003401
0.001764
0.002016
0.003275
0.002079
0.002897
0.001827
0.002457
0.004724
