0.124870
0.001821
0.004748
0.003837
0.003187
0.002081
0.011772
0.003122
0.001366
0.002341
0.004683
0.003187
0.002536
0.002276
0.004683
0.011837
0.002146
0.002341
0.002081
0.004618
0.001431
0.001821
0.010471
0.004553
0.001301
0.002927
0.005333
0.001496
0.002016
0.002406
0.004553
0.007024
0.003057
0.002471
0.002406
0.004943
0.002536
0.001756
0.008260
0.002211
0.001301
0.003122
0.005528
0.002471
0.005268
0.001821
0.005463
0.002862
0.002276
0.001236
0.003317
0.002341
0.002471
0.002666
0.014763
0.003512
0.001821
0.001821
0.003967
0.001821
0.011576
0.002276
0.004422
0.003317
0.003512
0.002081
0.002927
0.004162
0.002146
0.005788
0.002406
0.003577
0.001431
0.004748
0.004488
0.001951
0.001301
0.003512
0.002146
0.006959
0.001951
0.001496
0.001951
0.002732
0.001886
0.012747
0.002862
0.005073
0.001431
0.002927
0.003057
0.003122
0.002536
0.003187
0.004162
0.012097
0.003772
0.002016
0.001431
0.003187
0.002146
0.008975
0.003122
0.003317
0.001626
0.003057
0.002146
0.001951
0.008780
0.002797
0.003317
0.002276
0.003772
0.001301
0.001951
0.002862
0.002992
0.007089
0.003187
0.001951
0.001366
0.002992
0.003122
0.002471
0.007739
0.002471
0.001886
0.002601
0.002081
0.001951
0.003772
0.004943
0.001366
0.002732
0.007414
0.001821
0.001691
0.001886
0.003447
0.003252
0.002732
0.001886
0.003837
0.007154
0.002146
0.003707
0.002276
0.004878
0.001886
0.003512
0.005333
0.002601
0.002016
0.002927
0.005658
0.002146
0.002862
0.001691
0.003577
0.005658
0.005203
0.003317
0.003252
0.003122
0.001496
0.003122
0.005528
0.003057
0.002081
0.002081
0.008910
0.003707
0.004032
0.001561
0.004422
0.004618
0.003382
0.001106
0.003902
0.001756
0.001431
0.004032
0.008910
0.002016
0.001691
0.001626
0.004227
0.001561
0.005983
0.002146
0.002276
0.004618
0.002016
0.002341
0.004292
0.007934
0.000976
0.004292
0.003382
0.002146
0.003187
0.008390
0.003057
0.002601
0.003057
0.001821
0.002601
0.004162
0.001366
0.002146
0.001951
0.003057
0.001431
0.008130
0.005073
0.002016
0.001431
0.002341
0.001821
0.003057
0.003447
0.002276
0.002471
0.007674
0.005528
0.003057
0.002732
0.001236
0.001626
0.007349
0.003447
0.001821
0.002601
0.003317
0.001691
0.001431
0.006569
0.001886
0.002732
0.002341
0.004162
0.001041
0.002666
0.002797
0.001431
0.004097
0.004488
0.001951
0.001561
0.004683
0.002406
0.002992
0.003837
0.001821
0.002081
0.003707
