0.098075
0.001496
0.002601
0.003317
0.002797
0.003772
0.009300
0.004943
0.001561
0.002601
0.004748
0.002081
0.003317
0.002536
0.003382
0.009300
0.005203
0.002081
0.002341
0.004032
0.001951
0.001626
0.008585
0.003967
0.001821
0.003382
0.003772
0.001756
0.001821
0.002862
0.004422
0.009951
0.003512
0.001951
0.001886
0.004227
0.004032
0.002471
0.005138
0.002276
0.002016
0.004292
0.004683
0.001431
0.006439
0.001821
0.003837
0.001561
0.004032
0.001236
0.002211
0.002146
0.004292
0.003772
0.010341
0.002471
0.002341
0.002536
0.003187
0.001691
0.009430
0.002471
0.003447
0.002927
0.004292
0.003187
0.001821
0.004032
0.001886
0.008715
0.002081
0.004943
0.001886
0.006048
0.003512
0.002016
0.001886
0.006894
0.001951
0.006829
0.001626
0.003057
0.001626
0.003512
0.002732
0.013463
0.002471
0.003512
0.001106
0.004748
0.002601
0.001626
0.002992
0.004488
0.002927
0.012032
0.003707
0.003122
0.001171
0.001561
0.003382
0.010991
0.002276
0.003122
0.002666
0.004878
0.001561
0.001496
0.010406
0.005658
0.002732
0.003512
0.004357
0.002992
0.001691
0.004683
0.004748
0.009365
0.001691
0.002276
0.001821
0.005138
0.002992
0.001951
0.008520
0.006309
0.001951
0.002146
0.001236
0.001301
0.003382
0.005203
0.001951
0.003772
0.005268
0.002601
0.001171
0.001951
0.004618
0.002406
0.004618
0.002536
0.003187
0.007154
0.002601
0.002016
0.002471
0.004943
0.001366
0.002732
0.005333
0.002536
0.002536
0.003252
0.005138
0.002211
0.003707
0.001496
0.002276
0.005203
0.005853
0.002536
0.003252
0.002797
0.002992
0.002601
0.003642
0.001431
0.002081
0.003642
0.007089
0.001756
0.005008
0.001496
0.002666
0.003057
0.003057
0.001626
0.002276
0.002146
0.002146
0.004683
0.005593
0.002016
0.002406
0.001951
0.003512
0.001431
0.004943
0.002081
0.002601
0.004032
0.002016
0.002797
0.003252
0.005658
0.001626
0.006439
0.003382
0.002601
0.001886
0.007934
0.002666
0.002471
0.002341
0.004162
0.002276
0.004292
0.001236
0.004227
0.001821
0.005138
0.001496
0.008845
0.004162
0.001821
0.001626
0.005853
0.001626
0.002536
0.005008
0.002341
0.002471
0.006699
0.005853
0.003382
0.000911
0.002081
0.002276
0.008455
0.003317
0.002341
0.003382
0.003772
0.001561
0.001236
0.007609
0.003187
0.001951
0.003707
0.005008
0.003382
0.002471
0.002927
0.002666
0.008130
0.002081
0.001756
0.002927
0.005723
0.001951
0.002797
0.005853
0.003382
0.001106
0.002666
