0.111863
0.001691
0.003447
0.004227
0.002211
0.003707
0.008195
0.003252
0.001951
0.002211
0.002536
0.003057
0.003252
0.002797
0.003772
0.011707
0.005723
0.003057
0.002536
0.003772
0.002797
0.002927
0.006374
0.003902
0.003122
0.004227
0.002536
0.002601
0.002797
0.001496
0.002732
0.007544
0.002992
0.002276
0.002601
0.004422
0.003187
0.002211
0.004097
0.002601
0.001951
0.004097
0.003707
0.002862
0.007609
0.002601
0.002406
0.002276
0.002927
0.002341
0.003057
0.004097
0.002536
0.002601
0.010536
0.003512
0.001366
0.002927
0.002927
0.003122
0.009690
0.002666
0.002992
0.003577
0.003122
0.002862
0.002666
0.003382
0.002406
0.007154
0.002081
0.003837
0.002601
0.002146
0.005463
0.002276
0.002406
0.005268
0.002666
0.005983
0.002536
0.003382
0.002666
0.002927
0.002992
0.009105
0.002992
0.003057
0.002276
0.002732
0.002601
0.002601
0.003707
0.002341
0.002536
0.012227
0.003122
0.002797
0.001821
0.003772
0.003187
0.010276
0.002732
0.004097
0.002211
0.003317
0.002797
0.001626
0.011511
0.003902
0.002276
0.003317
0.003577
0.003252
0.002341
0.003837
0.004357
0.006439
0.002146
0.002666
0.002406
0.003577
0.003902
0.003902
0.007739
0.003707
0.002406
0.003382
0.002146
0.002601
0.002992
0.004488
0.001691
0.003707
0.006048
0.003057
0.002797
0.001106
0.002406
0.002601
0.004813
0.002666
0.002341
0.006829
0.003382
0.003902
0.001691
0.004813
0.003122
0.004227
0.004553
0.002276
0.003577
0.002927
0.003772
0.002927
0.003837
0.002081
0.002471
0.006374
0.003577
0.002666
0.001821
0.003187
0.001886
0.003512
0.003837
0.002862
0.001756
0.002536
0.006504
0.002927
0.004162
0.002992
0.002732
0.004618
0.001561
0.002797
0.002016
0.001951
0.001821
0.004097
0.006764
0.002601
0.001626
0.001756
0.002211
0.002927
0.006569
0.002471
0.002341
0.006113
0.002862
0.001951
0.002406
0.005398
0.002406
0.004162
0.003122
0.002536
0.002406
0.005333
0.002341
0.002341
0.004618
0.002732
0.002601
0.003772
0.002471
0.003057
0.002211
0.003057
0.002992
0.005723
0.004878
0.002276
0.002016
0.003382
0.002536
0.002406
0.003642
0.002016
0.002341
0.006699
0.003837
0.001821
0.003252
0.002276
0.002341
0.007609
0.003837
0.003382
0.001756
0.001561
0.001756
0.003122
0.007739
0.002797
0.002471
0.005268
0.003967
0.002797
0.003317
0.002992
0.002081
0.005983
0.003447
0.003252
0.002016
0.004357
0.002666
0.003577
0.003902
0.002016
0.002666
0.003837
