0.116610
0.001236
0.001366
0.002862
0.003447
0.003382
0.010016
0.003252
0.001301
0.004878
0.003642
0.003707
0.002732
0.005008
0.002341
0.011642
0.002081
0.000976
0.000976
0.001821
0.002732
0.001626
0.005853
0.005658
0.000715
0.003447
0.003577
0.001821
0.001561
0.002536
0.002276
0.010471
0.003837
0.001171
0.000845
0.002536
0.004943
0.001431
0.009625
0.001366
0.004097
0.004878
0.003447
0.001756
0.009235
0.001626
0.003252
0.000845
0.003252
0.001691
0.001691
0.001626
0.004227
0.003642
0.011707
0.003057
0.004032
0.003902
0.002992
0.001106
0.012877
0.003772
0.003122
0.001756
0.002797
0.002016
0.000976
0.003317
0.001951
0.010796
0.001626
0.005788
0.001431
0.006113
0.004227
0.003512
0.001626
0.005268
0.002406
0.009495
0.001301
0.001366
0.001106
0.002276
0.002146
0.018080
0.003122
0.005853
0.001301
0.003642
0.003252
0.003252
0.003122
0.006048
0.002471
0.016259
0.002927
0.003642
0.001106
0.002016
0.002666
0.013202
0.002081
0.002081
0.003902
0.005658
0.003577
0.001431
0.010211
0.003512
0.002797
0.001821
0.003382
0.001561
0.000845
0.001691
0.004097
0.013332
0.001756
0.001951
0.002732
0.004227
0.003447
0.000976
0.008780
0.005333
0.002146
0.001301
0.001431
0.002927
0.001691
0.005268
0.002211
0.003317
0.005463
0.002211
0.001561
0.002211
0.002666
0.003642
0.002601
0.001366
0.001431
0.003967
0.002601
0.002732
0.002471
0.004943
0.001951
0.003512
0.003512
0.003382
0.001496
0.002146
0.003837
0.002862
0.001106
0.001691
0.001301
0.002601
0.007219
0.003967
0.002081
0.003187
0.003642
0.004032
0.005528
0.001431
0.002927
0.004553
0.006309
0.001951
0.003837
0.001496
0.001366
0.001626
0.005073
0.002276
0.002601
0.002146
0.002406
0.005138
0.006048
0.002211
0.003512
0.001496
0.003187
0.001366
0.003902
0.001626
0.000911
0.002732
0.002992
0.002927
0.004032
0.005983
0.001626
0.004943
0.002666
0.001821
0.002016
0.008195
0.003512
0.002992
0.002276
0.001756
0.000911
0.002341
0.001691
0.002666
0.002536
0.003512
0.001821
0.008715
0.005008
0.002146
0.001236
0.005723
0.002146
0.003772
0.002666
0.001951
0.001496
0.005008
0.005853
0.004227
0.001951
0.001886
0.002341
0.006764
0.004683
0.001821
0.003252
0.005203
0.002211
0.001301
0.005268
0.001431
0.001561
0.001951
0.006504
0.002276
0.002016
0.002927
0.003187
0.009105
0.002992
0.001496
0.003187
0.005528
0.002927
0.001951
0.003707
0.003317
0.001691
0.001496
