0.114594
0.000715
0.003317
0.003902
0.002081
0.001561
0.014438
0.004292
0.000911
0.001691
0.005398
0.002927
0.001821
0.001561
0.004357
0.011316
0.003317
0.001236
0.002666
0.004683
0.001561
0.001301
0.011576
0.006374
0.001756
0.001951
0.005268
0.001561
0.001236
0.001366
0.007349
0.010081
0.002862
0.001106
0.002471
0.003057
0.003447
0.001626
0.010861
0.002276
0.001691
0.006178
0.006048
0.002081
0.006374
0.001756
0.006178
0.001691
0.002406
0.001106
0.003187
0.001496
0.003187
0.003902
0.017300
0.003187
0.002406
0.001301
0.004162
0.001171
0.010796
0.002211
0.005073
0.002666
0.002471
0.001366
0.002211
0.004097
0.001431
0.009235
0.002927
0.005333
0.001431
0.004683
0.005983
0.001886
0.001041
0.003707
0.002146
0.009235
0.000845
0.002406
0.001561
0.003577
0.003187
0.015934
0.005593
0.005268
0.000585
0.001756
0.002146
0.002341
0.002016
0.002601
0.003252
0.012422
0.002406
0.001431
0.001366
0.001821
0.001886
0.011511
0.002536
0.002992
0.002276
0.003707
0.002341
0.001236
0.008910
0.003382
0.003772
0.002146
0.003577
0.001236
0.002406
0.003317
0.004422
0.008260
0.002146
0.002341
0.001236
0.002146
0.004097
0.001431
0.005398
0.002146
0.002601
0.001171
0.001171
0.001431
0.005463
0.004357
0.002081
0.002341
0.008650
0.002862
0.001236
0.001366
0.004357
0.003707
0.002341
0.001041
0.003447
0.007544
0.002276
0.002406
0.003642
0.005073
0.001821
0.002341
0.008845
0.002536
0.002406
0.001951
0.006894
0.001561
0.002341
0.001886
0.003447
0.005008
0.004553
0.002406
0.001951
0.003382
0.002536
0.002536
0.007609
0.001496
0.003187
0.003837
0.009430
0.003512
0.002601
0.000845
0.003317
0.002341
0.002471
0.000976
0.004553
0.001236
0.002341
0.005788
0.009300
0.001691
0.002536
0.001366
0.004488
0.001431
0.006048
0.001301
0.003707
0.003122
0.001821
0.002211
0.003967
0.005918
0.001041
0.004683
0.003447
0.003577
0.002406
0.008195
0.004813
0.004097
0.002276
0.001431
0.001886
0.005333
0.001041
0.001756
0.001886
0.003512
0.001561
0.007089
0.005918
0.003902
0.001366
0.002666
0.002406
0.002666
0.002797
0.001886
0.001951
0.007609
0.004032
0.002211
0.001301
0.000715
0.001756
0.006764
0.003967
0.001236
0.002732
0.002276
0.001366
0.000976
0.005528
0.001431
0.002341
0.003252
0.003512
0.001171
0.003447
0.002406
0.002992
0.005528
0.003577
0.002536
0.001041
0.004488
0.003317
0.002211
0.003902
0.001106
0.002016
0.002276
