0.107115
0.000911
0.001301
0.001821
0.003902
0.005853
0.015674
0.009690
0.000585
0.002666
0.002797
0.002797
0.002341
0.004097
0.002666
0.013007
0.002081
0.001626
0.001171
0.003317
0.001756
0.001236
0.008325
0.003902
0.002276
0.004618
0.006243
0.004943
0.001496
0.001756
0.002797
0.008715
0.003967
0.000455
0.000520
0.001951
0.010016
0.001431
0.008585
0.002016
0.002536
0.002081
0.002797
0.000911
0.013332
0.001691
0.003252
0.001041
0.004422
0.000390
0.001886
0.000650
0.004032
0.000715
0.008130
0.001041
0.006243
0.001756
0.004683
0.001301
0.010471
0.000976
0.002276
0.001951
0.002146
0.001366
0.000520
0.002211
0.001106
0.013398
0.001561
0.009040
0.000845
0.004488
0.002601
0.002016
0.001301
0.007934
0.001171
0.010211
0.000976
0.003187
0.000390
0.003187
0.000911
0.008975
0.001106
0.003122
0.001171
0.005658
0.002146
0.004032
0.001561
0.002081
0.001366
0.008650
0.003577
0.001301
0.000715
0.000650
0.009235
0.013267
0.007284
0.005528
0.003317
0.002276
0.002081
0.000715
0.015219
0.003642
0.004422
0.002081
0.004227
0.001626
0.000911
0.002081
0.005333
0.007479
0.001496
0.001301
0.005528
0.005138
0.007414
0.001691
0.011251
0.003317
0.002081
0.000911
0.001041
0.001041
0.002471
0.004032
0.002016
0.004813
0.007479
0.004748
0.001366
0.001106
0.002797
0.002601
0.003057
0.001756
0.001691
0.005008
0.002536
0.005268
0.002016
0.008520
0.001431
0.002797
0.003382
0.002601
0.005983
0.006309
0.007869
0.006048
0.000976
0.000976
0.001756
0.004162
0.005593
0.000845
0.001366
0.000455
0.007219
0.002732
0.004878
0.001236
0.002666
0.001496
0.006959
0.000845
0.006894
0.000976
0.000780
0.000780
0.006634
0.001236
0.003382
0.000911
0.003447
0.002601
0.004162
0.000780
0.008390
0.001106
0.004813
0.001366
0.005788
0.001041
0.001236
0.002211
0.000911
0.001951
0.000911
0.003902
0.001496
0.007934
0.001626
0.004422
0.001041
0.006113
0.001106
0.001626
0.000911
0.003187
0.000911
0.003252
0.001041
0.006504
0.001236
0.005138
0.001236
0.006634
0.001886
0.001561
0.001301
0.006504
0.001496
0.007349
0.002081
0.001301
0.000650
0.003512
0.006178
0.002406
0.001041
0.000650
0.004618
0.007674
0.005918
0.001951
0.005853
0.002797
0.001496
0.000715
0.006959
0.001496
0.001821
0.002536
0.008130
0.003837
0.004357
0.002862
0.005073
0.003642
0.002341
0.001106
0.006439
0.007674
0.004618
0.003512
0.005918
0.001301
0.000715
0.000650
