0.105099
0.001691
0.001756
0.002732
0.003057
0.004227
0.011707
0.004032
0.001626
0.002081
0.002536
0.002601
0.003447
0.003772
0.002666
0.010861
0.003252
0.002927
0.001366
0.004748
0.002341
0.001496
0.005333
0.003707
0.001821
0.007024
0.003902
0.002276
0.001821
0.002016
0.002927
0.005723
0.005073
0.001886
0.001431
0.002016
0.006569
0.002016
0.008650
0.001691
0.002016
0.003057
0.003317
0.001496
0.011772
0.001821
0.002797
0.001951
0.003902
0.001041
0.001561
0.001756
0.004097
0.002992
0.009105
0.002341
0.004032
0.003252
0.002732
0.001301
0.008975
0.001951
0.001756
0.002797
0.002927
0.001626
0.001171
0.003122
0.001886
0.017040
0.001951
0.005008
0.001626
0.004032
0.003772
0.001886
0.001236
0.008390
0.001366
0.010341
0.001301
0.003772
0.001496
0.004357
0.002666
0.009625
0.002081
0.003122
0.001171
0.006439
0.002081
0.004227
0.002211
0.002797
0.002536
0.008195
0.004162
0.002146
0.001366
0.002211
0.005528
0.014568
0.003122
0.003122
0.003577
0.003902
0.002016
0.002341
0.012877
0.005008
0.001106
0.003057
0.004618
0.002341
0.001821
0.003382
0.007544
0.009105
0.001821
0.002146
0.003837
0.005723
0.003252
0.002862
0.011642
0.003252
0.001626
0.001301
0.000976
0.001496
0.001626
0.003707
0.002666
0.006243
0.005918
0.002797
0.001561
0.001691
0.002601
0.002081
0.003512
0.003707
0.001171
0.007284
0.002146
0.003057
0.001496
0.004813
0.001431
0.004357
0.003512
0.001691
0.002211
0.005658
0.004422
0.002732
0.002341
0.001821
0.001041
0.003447
0.005918
0.002016
0.001756
0.001951
0.003382
0.003252
0.005593
0.001496
0.001886
0.001951
0.007154
0.002211
0.006894
0.001821
0.001496
0.002146
0.004357
0.000911
0.002276
0.001756
0.002341
0.003447
0.005918
0.001366
0.003382
0.001561
0.003057
0.001171
0.005918
0.001171
0.001431
0.002927
0.001886
0.001756
0.002081
0.004162
0.001561
0.009886
0.002601
0.003512
0.002406
0.006764
0.002732
0.002211
0.002406
0.004488
0.001496
0.006048
0.001171
0.003382
0.001821
0.003837
0.001171
0.006243
0.003577
0.002406
0.001886
0.006764
0.001106
0.003642
0.003577
0.002016
0.001626
0.005528
0.004878
0.002536
0.000911
0.001106
0.003577
0.010211
0.003382
0.002081
0.002276
0.003772
0.000715
0.001626
0.008715
0.002732
0.001301
0.004032
0.005658
0.002146
0.002211
0.003642
0.005268
0.005463
0.002797
0.002081
0.004097
0.007219
0.002797
0.003252
0.008390
0.002341
0.001431
0.002927
