0.106465
0.001691
0.002797
0.003707
0.001821
0.001561
0.014958
0.004097
0.002081
0.001691
0.003837
0.003252
0.002276
0.001171
0.004488
0.013723
0.003967
0.002666
0.002862
0.004683
0.001951
0.001951
0.009495
0.003837
0.004097
0.002862
0.005073
0.002406
0.001951
0.001301
0.005528
0.008780
0.002862
0.002536
0.002601
0.004618
0.002536
0.001431
0.008715
0.001691
0.001886
0.002927
0.003837
0.002601
0.005723
0.001561
0.003512
0.001886
0.002081
0.002081
0.002992
0.002992
0.003707
0.002406
0.014178
0.003122
0.003317
0.002341
0.004227
0.002797
0.012097
0.002341
0.004878
0.002862
0.003057
0.000976
0.004292
0.004422
0.002341
0.004683
0.002601
0.003707
0.002536
0.002862
0.004292
0.002406
0.001691
0.000911
0.002797
0.005723
0.002146
0.001756
0.002601
0.002601
0.002601
0.010796
0.003707
0.004553
0.002146
0.001561
0.002862
0.002536
0.002081
0.002081
0.003512
0.011251
0.002016
0.001626
0.001691
0.002862
0.003057
0.012487
0.002927
0.003317
0.002146
0.001821
0.003772
0.002016
0.011642
0.001886
0.003707
0.002601
0.003577
0.001821
0.004422
0.003902
0.003187
0.006113
0.003057
0.002992
0.002016
0.003382
0.005333
0.003252
0.006243
0.002276
0.002341
0.002471
0.001626
0.001171
0.003447
0.004488
0.002797
0.003122
0.011381
0.003577
0.001236
0.001236
0.002862
0.003057
0.003837
0.001041
0.002406
0.008325
0.003317
0.005528
0.001691
0.004488
0.003187
0.004097
0.005853
0.003382
0.004227
0.001821
0.007349
0.002601
0.004878
0.002276
0.002927
0.003967
0.004683
0.002992
0.002211
0.002471
0.001886
0.003577
0.005983
0.003837
0.001691
0.002146
0.006699
0.005658
0.004292
0.001886
0.002797
0.005398
0.001431
0.001561
0.001691
0.001951
0.002081
0.003122
0.008910
0.002211
0.002797
0.000911
0.002992
0.001171
0.006113
0.002081
0.003837
0.003902
0.002016
0.001171
0.004878
0.004943
0.002601
0.002276
0.005463
0.002146
0.002211
0.006439
0.004227
0.002732
0.003707
0.001301
0.003512
0.003382
0.001626
0.001821
0.001691
0.002276
0.002016
0.006374
0.004553
0.002471
0.002081
0.001431
0.002276
0.001821
0.003512
0.001301
0.003447
0.008585
0.004032
0.001756
0.002862
0.001886
0.001886
0.006504
0.005138
0.002471
0.002016
0.003187
0.002081
0.001951
0.007674
0.001821
0.002732
0.003902
0.004162
0.000976
0.004227
0.002146
0.001171
0.002992
0.005398
0.002927
0.001301
0.003317
0.005138
0.004162
0.003317
0.000911
0.003772
0.003317
