0.112643
0.001236
0.002146
0.003707
0.000780
0.002081
0.008260
0.003187
0.000455
0.002146
0.001171
0.001301
0.001301
0.001301
0.003122
0.010211
0.001496
0.000976
0.000911
0.002927
0.001626
0.001821
0.010926
0.005983
0.000195
0.002406
0.002601
0.000715
0.002211
0.002146
0.006374
0.012747
0.004032
0.001756
0.003057
0.004488
0.002862
0.001951
0.009300
0.001171
0.002276
0.002471
0.003187
0.001236
0.008715
0.001171
0.004162
0.001821
0.002146
0.000390
0.001431
0.001626
0.003837
0.003057
0.011707
0.007479
0.001366
0.001106
0.003252
0.000650
0.017950
0.005073
0.005333
0.005918
0.004683
0.006243
0.001106
0.005528
0.001366
0.018080
0.001106
0.004683
0.001236
0.004748
0.001821
0.000976
0.001431
0.006569
0.001041
0.007804
0.001301
0.004032
0.000455
0.002146
0.004878
0.018665
0.002016
0.005658
0.000455
0.005658
0.000976
0.001171
0.006764
0.009300
0.005138
0.019446
0.004292
0.003642
0.000976
0.001886
0.002211
0.010341
0.001821
0.001496
0.002276
0.003837
0.001366
0.001301
0.008520
0.003252
0.001041
0.000845
0.002146
0.001496
0.000715
0.001691
0.004618
0.011381
0.000650
0.001431
0.000780
0.004683
0.001366
0.000520
0.012422
0.008195
0.001171
0.001626
0.002081
0.002016
0.005528
0.007414
0.000520
0.002666
0.005138
0.000845
0.001626
0.002732
0.004878
0.005528
0.001691
0.001236
0.001496
0.006894
0.001041
0.001106
0.000780
0.003447
0.000911
0.001431
0.002862
0.001431
0.000650
0.002927
0.003447
0.001366
0.001691
0.001366
0.001886
0.004813
0.008780
0.004097
0.005203
0.006048
0.000715
0.001431
0.003122
0.000650
0.003447
0.004618
0.008975
0.005918
0.003512
0.000650
0.002276
0.002276
0.002666
0.000585
0.003187
0.001431
0.001366
0.002797
0.004422
0.002211
0.001756
0.000976
0.004097
0.001561
0.005658
0.002016
0.003967
0.004162
0.008130
0.006048
0.004943
0.007869
0.000585
0.010146
0.001171
0.001561
0.004878
0.011511
0.003772
0.003772
0.001626
0.004488
0.000780
0.003252
0.001041
0.004357
0.000845
0.002406
0.001886
0.007154
0.001951
0.001236
0.000911
0.006569
0.001301
0.002081
0.004422
0.004943
0.001756
0.005658
0.008455
0.007284
0.001366
0.002406
0.001236
0.007414
0.001561
0.000390
0.005528
0.006113
0.001821
0.001756
0.006113
0.002471
0.000520
0.001561
0.002992
0.001951
0.000845
0.001756
0.001236
0.004683
0.001041
0.001301
0.000976
0.006113
0.000845
0.000520
0.005398
0.003512
0.000715
0.001496
