0.093197
0.001951
0.003577
0.002862
0.003057
0.002536
0.011902
0.002666
0.002992
0.002927
0.003447
0.002927
0.002992
0.002081
0.003187
0.013202
0.003252
0.002536
0.001496
0.004032
0.003512
0.001691
0.009495
0.003707
0.003187
0.003187
0.004227
0.001886
0.002927
0.001821
0.004292
0.006634
0.005073
0.003512
0.002406
0.003382
0.003252
0.002146
0.006048
0.001236
0.002211
0.004032
0.005008
0.003512
0.006829
0.001821
0.002406
0.003187
0.003122
0.002471
0.002862
0.001821
0.004227
0.002927
0.014113
0.003577
0.002732
0.002341
0.002211
0.002797
0.014568
0.002797
0.004878
0.003317
0.004357
0.001301
0.002992
0.003902
0.002601
0.005918
0.003057
0.003967
0.003382
0.003577
0.005073
0.002797
0.003512
0.002016
0.002341
0.007154
0.003447
0.002536
0.001821
0.002211
0.003707
0.009755
0.005658
0.004878
0.002341
0.001821
0.002732
0.002471
0.003707
0.002081
0.004162
0.015219
0.002862
0.002146
0.001691
0.002601
0.003642
0.009755
0.002732
0.003317
0.002276
0.002666
0.002081
0.002536
0.011707
0.001236
0.003252
0.002211
0.003967
0.001301
0.002341
0.001951
0.003772
0.006309
0.002666
0.003512
0.001626
0.003772
0.003967
0.001691
0.006894
0.002276
0.002471
0.001886
0.001561
0.002276
0.003057
0.003902
0.002146
0.002927
0.007544
0.001756
0.002471
0.001431
0.004748
0.004032
0.003837
0.002406
0.002211
0.006894
0.002797
0.002992
0.001106
0.005333
0.003642
0.004357
0.004748
0.002862
0.003772
0.002797
0.004488
0.002016
0.004878
0.001951
0.002406
0.003382
0.005333
0.004943
0.002341
0.003187
0.002016
0.004032
0.003967
0.002601
0.002666
0.002536
0.006894
0.004878
0.003707
0.001691
0.002536
0.003512
0.003577
0.002146
0.002276
0.001171
0.002211
0.004683
0.009690
0.002601
0.002406
0.001626
0.002536
0.002016
0.009560
0.002341
0.002406
0.003772
0.002797
0.001626
0.004683
0.005658
0.002732
0.003252
0.004292
0.001626
0.004943
0.006634
0.004553
0.002862
0.004878
0.000976
0.003057
0.003577
0.002016
0.002276
0.001626
0.002016
0.003447
0.007934
0.005463
0.003317
0.002016
0.001821
0.001496
0.003772
0.003447
0.001496
0.003772
0.008130
0.002927
0.002081
0.003317
0.001821
0.002341
0.006439
0.003252
0.002536
0.002927
0.002276
0.001691
0.002146
0.007349
0.001301
0.002016
0.003447
0.004943
0.001821
0.003642
0.002146
0.001886
0.002471
0.004748
0.001301
0.001756
0.003772
0.003057
0.003057
0.004162
0.001431
0.002862
0.004488
