0.086563
0.002341
0.002862
0.002406
0.002276
0.002211
0.012617
0.002081
0.002992
0.002276
0.004032
0.003772
0.004032
0.002016
0.004943
0.011772
0.004748
0.004097
0.002601
0.003057
0.001886
0.001821
0.007674
0.002666
0.002797
0.002341
0.004357
0.001951
0.003122
0.001431
0.004683
0.005983
0.003512
0.003252
0.003252
0.004357
0.003512
0.002081
0.006764
0.002016
0.002666
0.002992
0.006048
0.004032
0.007024
0.001886
0.003707
0.002146
0.002927
0.003317
0.003252
0.002471
0.002601
0.001951
0.013658
0.002016
0.003577
0.002862
0.002536
0.002276
0.012877
0.002211
0.004553
0.003772
0.003707
0.002146
0.003447
0.004227
0.002536
0.006764
0.002732
0.002406
0.003317
0.003317
0.005918
0.002862
0.002732
0.001626
0.003057
0.006374
0.002211
0.002276
0.002536
0.001496
0.003057
0.009235
0.005658
0.004813
0.001756
0.001821
0.002862
0.002666
0.002536
0.002927
0.003772
0.009690
0.002276
0.002862
0.002276
0.002797
0.003382
0.011316
0.002732
0.002992
0.002081
0.001626
0.002797
0.002797
0.012942
0.001951
0.004357
0.002927
0.003902
0.001366
0.003317
0.002927
0.003837
0.004683
0.002992
0.003447
0.002992
0.003057
0.003187
0.002146
0.006634
0.001886
0.003512
0.002862
0.002146
0.002081
0.002927
0.003577
0.002146
0.002406
0.008260
0.002146
0.002341
0.002016
0.004553
0.002732
0.003707
0.001821
0.002862
0.006504
0.003122
0.004032
0.003317
0.004488
0.004878
0.004162
0.006504
0.002146
0.004488
0.002406
0.004227
0.001626
0.004553
0.002406
0.001756
0.003772
0.005333
0.003902
0.003577
0.002276
0.001886
0.004488
0.004943
0.002471
0.002146
0.002862
0.008130
0.004618
0.005203
0.002666
0.002081
0.006048
0.001626
0.002666
0.003187
0.001691
0.002146
0.003772
0.009625
0.002862
0.002601
0.001691
0.002536
0.001821
0.007804
0.001951
0.002797
0.004813
0.002992
0.001626
0.005203
0.004878
0.002536
0.002797
0.004227
0.001756
0.004943
0.005073
0.004422
0.002276
0.004227
0.000911
0.002862
0.003902
0.001106
0.002341
0.003187
0.001821
0.002927
0.006894
0.005918
0.002536
0.002341
0.001691
0.002081
0.002146
0.003577
0.001496
0.003707
0.009170
0.004162
0.001431
0.002797
0.002016
0.002666
0.006439
0.003707
0.002471
0.001496
0.001951
0.002732
0.002406
0.008390
0.001756
0.002732
0.003707
0.004357
0.001171
0.005333
0.003707
0.001561
0.002601
0.005203
0.002536
0.001886
0.003967
0.003057
0.004162
0.004488
0.001626
0.002341
0.005398
