0.122464
0.002146
0.002992
0.004488
0.003187
0.003252
0.005528
0.003577
0.002471
0.003642
0.003772
0.002536
0.002927
0.002276
0.001626
0.008260
0.003252
0.002341
0.001236
0.004618
0.001626
0.002211
0.005528
0.004162
0.002081
0.003577
0.004162
0.002211
0.001886
0.002146
0.003577
0.007154
0.005593
0.002081
0.001691
0.003837
0.025039
0.002081
0.005788
0.001691
0.001756
0.003382
0.004878
0.002797
0.005398
0.002081
0.002146
0.001756
0.003122
0.001951
0.001561
0.003187
0.002406
0.003057
0.009040
0.003707
0.002081
0.002666
0.002276
0.002146
0.010666
0.002992
0.003707
0.003772
0.003382
0.002927
0.001431
0.006113
0.001691
0.009365
0.001301
0.004683
0.002862
0.006374
0.004162
0.002601
0.002276
0.003447
0.001626
0.008780
0.003642
0.001951
0.001496
0.003642
0.002992
0.009951
0.002927
0.010666
0.002016
0.003382
0.002732
0.002471
0.002992
0.002862
0.002927
0.011707
0.003252
0.002016
0.001561
0.003902
0.002146
0.008910
0.002276
0.002536
0.001756
0.002406
0.002471
0.002797
0.009235
0.002536
0.002016
0.001496
0.004878
0.001366
0.001626
0.002081
0.002341
0.006178
0.001431
0.001886
0.002016
0.004618
0.003577
0.002146
0.007089
0.002601
0.001496
0.002016
0.002211
0.002081
0.002601
0.006959
0.002732
0.004553
0.004488
0.002601
0.001496
0.001496
0.003187
0.002601
0.003577
0.002666
0.001561
0.006374
0.001756
0.003187
0.001236
0.006178
0.003317
0.003512
0.004292
0.002992
0.002081
0.002992
0.004357
0.002016
0.004553
0.002211
0.001756
0.004618
0.007219
0.002146
0.002927
0.003122
0.002081
0.002666
0.003057
0.002146
0.001431
0.002992
0.009560
0.002471
0.003902
0.002666
0.001236
0.003122
0.003057
0.001626
0.001431
0.001496
0.002081
0.003967
0.006374
0.003252
0.001756
0.002081
0.002927
0.001431
0.006504
0.003512
0.002341
0.004553
0.003187
0.002471
0.001821
0.008065
0.002016
0.005788
0.002471
0.002862
0.002666
0.009625
0.002601
0.003122
0.003902
0.002146
0.001756
0.004683
0.001626
0.002276
0.001431
0.004553
0.003252
0.007349
0.004878
0.003382
0.001626
0.003707
0.001041
0.002601
0.003902
0.002666
0.002601
0.007219
0.006243
0.001821
0.002276
0.001756
0.002081
0.005918
0.003382
0.002601
0.001821
0.003382
0.001366
0.001626
0.007479
0.002081
0.002016
0.002797
0.007089
0.002016
0.001756
0.002406
0.002341
0.004162
0.002732
0.002146
0.002081
0.005333
0.002276
0.002146
0.003382
0.002666
0.001431
0.003447
