0.093132
0.001496
0.003447
0.002406
0.003577
0.001431
0.016519
0.004683
0.002081
0.001951
0.002927
0.003382
0.001951
0.001886
0.003642
0.011316
0.003317
0.002797
0.002146
0.003512
0.003187
0.001821
0.007869
0.002732
0.004357
0.002862
0.004553
0.002471
0.003512
0.001496
0.003967
0.007154
0.005983
0.002927
0.002666
0.004422
0.004162
0.001431
0.008520
0.002016
0.002601
0.004032
0.004813
0.003122
0.007414
0.001561
0.003447
0.002146
0.002992
0.002016
0.002927
0.001886
0.006959
0.001821
0.015609
0.002732
0.003512
0.001626
0.002211
0.001821
0.015479
0.002536
0.004618
0.002927
0.004748
0.001691
0.003187
0.003707
0.002016
0.005593
0.003057
0.003187
0.002992
0.005073
0.003837
0.001821
0.002016
0.002081
0.001561
0.005918
0.002406
0.002276
0.002341
0.002862
0.003642
0.013398
0.003057
0.003447
0.002406
0.001886
0.002471
0.002081
0.003187
0.002601
0.004227
0.012097
0.003967
0.002081
0.002341
0.002211
0.004032
0.010406
0.002666
0.002797
0.002601
0.001821
0.002992
0.001431
0.011251
0.001431
0.002536
0.003057
0.004813
0.001171
0.002406
0.002471
0.004488
0.005463
0.003382
0.001756
0.002211
0.002992
0.004162
0.003057
0.007284
0.002341
0.002797
0.002211
0.002016
0.001301
0.002797
0.003057
0.003122
0.002862
0.008715
0.001951
0.002081
0.001431
0.002536
0.002341
0.003707
0.001236
0.002406
0.007739
0.003187
0.002666
0.002016
0.004292
0.003122
0.003642
0.003902
0.002276
0.005073
0.002016
0.006243
0.002341
0.005983
0.001951
0.002992
0.004162
0.006113
0.004227
0.002601
0.003577
0.002536
0.004227
0.004878
0.003187
0.003252
0.002797
0.007544
0.005008
0.004162
0.001951
0.002016
0.002927
0.002862
0.001626
0.002146
0.001236
0.002927
0.004618
0.009235
0.002732
0.002536
0.001171
0.002666
0.001106
0.009495
0.001821
0.002601
0.003382
0.003707
0.001366
0.004813
0.005138
0.002862
0.003187
0.004097
0.002536
0.004748
0.008065
0.003577
0.002081
0.004162
0.001236
0.003512
0.002862
0.001366
0.001691
0.001886
0.002146
0.003057
0.006504
0.003447
0.001301
0.001821
0.001886
0.002471
0.003512
0.004422
0.001756
0.003122
0.007869
0.004032
0.002081
0.002666
0.001431
0.002211
0.006569
0.004097
0.002146
0.002927
0.002211
0.001886
0.001496
0.009365
0.000976
0.001886
0.002666
0.004683
0.000845
0.004878
0.001756
0.002732
0.002927
0.004162
0.002601
0.002601
0.004553
0.003642
0.004032
0.004553
0.001496
0.003252
0.004097
