0.114854
0.001951
0.003057
0.002797
0.002992
0.004943
0.010991
0.004683
0.001821
0.002146
0.002146
0.003252
0.001821
0.003642
0.003187
0.013593
0.002992
0.003317
0.001691
0.004813
0.001431
0.002406
0.009755
0.004878
0.002797
0.004162
0.003642
0.002341
0.001561
0.003252
0.004422
0.006699
0.002341
0.002601
0.001691
0.003512
0.004943
0.002732
0.005723
0.001951
0.001951
0.003512
0.003447
0.002797
0.008715
0.001691
0.003577
0.001951
0.002146
0.001756
0.002536
0.002081
0.002536
0.002146
0.012227
0.002666
0.003837
0.002406
0.002471
0.001366
0.012032
0.002471
0.004097
0.003122
0.003122
0.002276
0.002862
0.002601
0.001626
0.008520
0.002016
0.004813
0.001886
0.002927
0.003642
0.001496
0.001951
0.003577
0.002276
0.009625
0.001236
0.003837
0.001821
0.003252
0.002016
0.011511
0.002927
0.003512
0.001691
0.002992
0.002016
0.002601
0.002797
0.004227
0.002862
0.009430
0.001756
0.003317
0.001886
0.002341
0.003252
0.013593
0.002211
0.004748
0.002471
0.002601
0.002211
0.002341
0.010276
0.004618
0.003837
0.003967
0.003902
0.002862
0.001431
0.004422
0.003187
0.005073
0.001431
0.001821
0.002211
0.004618
0.003122
0.003837
0.009040
0.003642
0.002081
0.001626
0.001171
0.001951
0.002732
0.003772
0.002146
0.004097
0.008260
0.002081
0.001041
0.001561
0.002601
0.002536
0.003057
0.002601
0.002406
0.008065
0.002016
0.005853
0.001496
0.006243
0.001496
0.003382
0.004162
0.002471
0.004292
0.004553
0.004618
0.002406
0.003837
0.001756
0.002862
0.003967
0.003642
0.004097
0.001431
0.002666
0.002536
0.003707
0.004227
0.002732
0.002081
0.002341
0.006439
0.004097
0.003967
0.002666
0.001821
0.004813
0.002146
0.001626
0.002471
0.002146
0.002146
0.003057
0.007479
0.002016
0.003057
0.002081
0.002146
0.001691
0.007414
0.001886
0.001431
0.003837
0.002992
0.002211
0.004097
0.004032
0.001951
0.005463
0.004488
0.002406
0.003642
0.005658
0.003317
0.001756
0.002797
0.001951
0.002016
0.005203
0.000911
0.003447
0.001756
0.004422
0.001821
0.006699
0.003317
0.002146
0.001951
0.004097
0.001041
0.002471
0.002927
0.002276
0.001756
0.007154
0.003252
0.003057
0.001496
0.001561
0.001756
0.009365
0.004032
0.002471
0.002536
0.002732
0.001691
0.002146
0.006569
0.002341
0.001691
0.004357
0.005073
0.002927
0.003252
0.004357
0.002081
0.004162
0.004032
0.002146
0.002992
0.006894
0.002146
0.004618
0.003317
0.002666
0.002081
0.003902
