0.126821
0.002406
0.002211
0.003902
0.003512
0.005073
0.009560
0.004162
0.001951
0.002732
0.002146
0.002016
0.003577
0.003252
0.002341
0.010276
0.005918
0.003187
0.003252
0.005463
0.001691
0.002471
0.004813
0.004097
0.002666
0.004813
0.004032
0.003187
0.002471
0.002666
0.003317
0.005658
0.004422
0.002276
0.002406
0.005008
0.002797
0.002081
0.004488
0.001691
0.001626
0.003057
0.003122
0.002927
0.005983
0.002211
0.002341
0.002536
0.004488
0.002016
0.001691
0.004097
0.002406
0.002927
0.007089
0.003967
0.001171
0.003577
0.002016
0.001691
0.006764
0.002406
0.002601
0.005398
0.003317
0.002601
0.002471
0.005268
0.002471
0.005333
0.001821
0.003382
0.002016
0.005073
0.003447
0.002211
0.002081
0.004422
0.001236
0.005918
0.003577
0.003447
0.000976
0.005593
0.003252
0.005853
0.002341
0.003187
0.001691
0.004683
0.002471
0.002797
0.002732
0.003317
0.003057
0.008520
0.002146
0.002081
0.002081
0.002797
0.003317
0.010081
0.001886
0.004878
0.001886
0.002536
0.002016
0.002081
0.007999
0.003707
0.002341
0.006504
0.006699
0.003642
0.002471
0.006829
0.002146
0.004227
0.001951
0.002732
0.002406
0.004748
0.003902
0.003317
0.004943
0.004162
0.002081
0.002601
0.002341
0.002081
0.001626
0.005593
0.002146
0.006048
0.004292
0.002406
0.002276
0.001886
0.002016
0.003252
0.007024
0.003447
0.003577
0.009560
0.003967
0.003902
0.002146
0.006634
0.001756
0.003382
0.003187
0.002862
0.002797
0.004227
0.005788
0.003057
0.003382
0.002536
0.002666
0.005203
0.004488
0.002471
0.002601
0.002471
0.002732
0.002666
0.002666
0.001886
0.002016
0.002016
0.005723
0.003447
0.005788
0.002211
0.003187
0.004162
0.001756
0.002081
0.002471
0.002927
0.001756
0.003837
0.004943
0.002732
0.002146
0.001951
0.002146
0.001951
0.006569
0.001951
0.002341
0.004683
0.002536
0.003707
0.002471
0.005398
0.001886
0.004357
0.002341
0.003057
0.002406
0.006113
0.001951
0.002406
0.004227
0.002862
0.002276
0.005658
0.001821
0.002732
0.001561
0.003252
0.001821
0.005528
0.004292
0.002862
0.001886
0.003187
0.001756
0.002862
0.004422
0.002406
0.002406
0.006439
0.004097
0.002536
0.002016
0.002276
0.002927
0.005853
0.003902
0.003707
0.002081
0.002211
0.002536
0.001821
0.006894
0.003382
0.002601
0.006569
0.005723
0.002732
0.002666
0.004422
0.002276
0.003707
0.002081
0.001756
0.002081
0.005398
0.002601
0.003707
0.003707
0.002081
0.001886
0.004357
