0.119342
0.001626
0.002536
0.002862
0.003837
0.002666
0.012487
0.005398
0.000845
0.002406
0.002211
0.002732
0.004292
0.005008
0.005008
0.008780
0.003837
0.003447
0.002732
0.005918
0.001041
0.002406
0.006178
0.004943
0.002536
0.004683
0.004553
0.002992
0.001756
0.001821
0.002471
0.005593
0.003057
0.002862
0.001561
0.004032
0.004357
0.002536
0.008130
0.002081
0.001236
0.003447
0.002601
0.002601
0.007349
0.002276
0.004162
0.002081
0.003837
0.002211
0.002927
0.003382
0.001626
0.002732
0.008260
0.003707
0.002081
0.002601
0.003967
0.001886
0.007999
0.002732
0.002732
0.002081
0.002601
0.001756
0.001496
0.003967
0.002276
0.007284
0.001756
0.005918
0.001366
0.002666
0.003122
0.002536
0.001756
0.004422
0.002471
0.006504
0.002276
0.003447
0.002471
0.005138
0.002862
0.009625
0.002471
0.004227
0.001236
0.002992
0.002732
0.002341
0.001886
0.002341
0.002666
0.007349
0.002601
0.002341
0.001431
0.002406
0.003967
0.009755
0.004488
0.006243
0.001951
0.002927
0.002471
0.001626
0.010146
0.004357
0.004097
0.004292
0.005073
0.002601
0.002862
0.005593
0.003707
0.004943
0.001951
0.002797
0.002732
0.003707
0.003577
0.003707
0.006959
0.003707
0.002276
0.002536
0.001301
0.001431
0.002536
0.004162
0.002341
0.003512
0.007479
0.003577
0.001626
0.001236
0.002666
0.002862
0.004032
0.003512
0.002666
0.008325
0.003057
0.004488
0.002406
0.005398
0.001431
0.003122
0.003512
0.003187
0.004943
0.003967
0.006959
0.004618
0.002797
0.003382
0.001431
0.005008
0.003967
0.003252
0.001431
0.002601
0.002276
0.003512
0.004097
0.002732
0.000976
0.002276
0.005008
0.003642
0.005528
0.002081
0.002016
0.004422
0.004488
0.001236
0.003317
0.002016
0.001951
0.003577
0.004748
0.002666
0.002732
0.001236
0.005073
0.002732
0.005853
0.002276
0.001626
0.004488
0.002081
0.001626
0.002797
0.004943
0.001431
0.004292
0.003382
0.002536
0.003057
0.004618
0.002862
0.002081
0.002862
0.002536
0.002406
0.006048
0.001561
0.002732
0.001431
0.003512
0.001236
0.005788
0.003512
0.002341
0.002341
0.002992
0.002601
0.004227
0.003382
0.001561
0.001821
0.006178
0.003642
0.001886
0.001236
0.001561
0.002016
0.006309
0.004943
0.003057
0.001951
0.002406
0.000976
0.002016
0.007804
0.002666
0.002797
0.006439
0.005073
0.003252
0.003577
0.004292
0.002211
0.002862
0.003642
0.002666
0.003902
0.005593
0.003252
0.006113
0.004943
0.002276
0.001626
0.003577
