0.122984
0.002276
0.002146
0.002927
0.002992
0.003967
0.012617
0.003252
0.001561
0.002666
0.002666
0.002081
0.003967
0.005333
0.003707
0.011642
0.003902
0.002276
0.002211
0.003447
0.001821
0.002471
0.006309
0.002536
0.001431
0.004878
0.002927
0.002601
0.002732
0.001691
0.002732
0.006374
0.003837
0.002016
0.001496
0.002732
0.002406
0.002016
0.005333
0.001626
0.001561
0.003902
0.002276
0.001951
0.008195
0.002016
0.002211
0.001756
0.003317
0.001496
0.002406
0.002862
0.002797
0.003382
0.011446
0.003122
0.002536
0.003122
0.002276
0.001951
0.010211
0.003057
0.002341
0.001691
0.002927
0.001886
0.001756
0.003642
0.001756
0.009820
0.002081
0.003837
0.001236
0.005983
0.003967
0.002016
0.001691
0.005983
0.001236
0.007349
0.001041
0.003577
0.001691
0.002666
0.001821
0.013202
0.001561
0.002601
0.001171
0.005203
0.002732
0.003187
0.002276
0.003707
0.001756
0.009755
0.002536
0.003447
0.001626
0.002797
0.003382
0.012812
0.002536
0.003187
0.002471
0.004813
0.002341
0.001496
0.013202
0.005333
0.002927
0.002797
0.004813
0.003122
0.001951
0.002862
0.004748
0.010601
0.001431
0.002666
0.002601
0.006374
0.003447
0.002471
0.010146
0.004813
0.001756
0.001626
0.001691
0.002016
0.001496
0.004032
0.001821
0.006048
0.005918
0.002081
0.001756
0.002601
0.002276
0.002276
0.004553
0.002927
0.001496
0.006374
0.002406
0.004422
0.001886
0.005463
0.001821
0.003642
0.004878
0.001756
0.002536
0.004292
0.003382
0.002536
0.002797
0.001561
0.001236
0.003577
0.003642
0.002862
0.001691
0.002601
0.001561
0.003837
0.003707
0.002081
0.001886
0.003122
0.005593
0.003447
0.003902
0.002146
0.000911
0.002536
0.003057
0.002406
0.001886
0.002276
0.002081
0.003642
0.006178
0.002146
0.002536
0.002016
0.002406
0.001431
0.005398
0.002406
0.001756
0.003512
0.002666
0.002276
0.001951
0.004422
0.001366
0.007219
0.003447
0.002732
0.002406
0.007414
0.002666
0.002992
0.002666
0.003837
0.001366
0.003772
0.001756
0.004032
0.001626
0.003252
0.001171
0.008455
0.004032
0.001756
0.001561
0.004032
0.001756
0.002862
0.003057
0.002601
0.001886
0.005463
0.005073
0.003772
0.001886
0.001886
0.002927
0.008455
0.003252
0.003187
0.002927
0.004618
0.001496
0.001821
0.006894
0.002732
0.001821
0.003382
0.007024
0.005203
0.003447
0.003577
0.002081
0.007544
0.002666
0.002732
0.003772
0.007674
0.002276
0.003837
0.004683
0.002992
0.001431
0.003512
