0.107440
0.000911
0.002146
0.004878
0.002406
0.002081
0.010536
0.004748
0.001561
0.002081
0.002666
0.002471
0.002862
0.001756
0.002406
0.013137
0.002862
0.001236
0.001496
0.005788
0.001626
0.001366
0.008325
0.005853
0.001691
0.002992
0.004878
0.002146
0.001496
0.001626
0.002927
0.008520
0.003317
0.001756
0.000976
0.004357
0.005333
0.001561
0.009495
0.002601
0.002081
0.003317
0.003837
0.002276
0.009365
0.001821
0.003577
0.002081
0.003707
0.001106
0.001496
0.002081
0.003642
0.003122
0.019771
0.004357
0.002146
0.002146
0.005268
0.001756
0.008780
0.003252
0.002146
0.003577
0.002341
0.002211
0.000976
0.006439
0.001171
0.012292
0.001886
0.006374
0.001561
0.003772
0.003577
0.002341
0.001366
0.005203
0.001431
0.012812
0.001496
0.002406
0.000845
0.006309
0.002211
0.012487
0.002601
0.004618
0.000780
0.004162
0.001951
0.002862
0.002341
0.003577
0.001626
0.014828
0.002992
0.003057
0.000911
0.002016
0.003057
0.011121
0.002666
0.003252
0.002146
0.003057
0.001756
0.002536
0.010796
0.002797
0.002276
0.003252
0.003902
0.001431
0.001496
0.003447
0.005073
0.008325
0.001236
0.002471
0.002081
0.004032
0.005008
0.002341
0.007674
0.005138
0.001236
0.002146
0.000976
0.001496
0.002927
0.005593
0.001886
0.003317
0.007024
0.002211
0.001236
0.001301
0.002927
0.003122
0.003122
0.001106
0.001366
0.007804
0.002862
0.002211
0.001431
0.005658
0.001626
0.003317
0.005528
0.004227
0.002146
0.003707
0.005528
0.003122
0.002732
0.002081
0.001561
0.006113
0.004813
0.001886
0.002536
0.002276
0.002862
0.002471
0.006504
0.001691
0.001951
0.002862
0.006504
0.003057
0.006634
0.001561
0.001886
0.002601
0.003707
0.000911
0.001951
0.001821
0.002471
0.003837
0.005203
0.002536
0.001951
0.001691
0.003707
0.001561
0.005658
0.002211
0.001951
0.004553
0.001821
0.002927
0.001626
0.008715
0.001626
0.008455
0.002341
0.003967
0.002536
0.006178
0.003122
0.002732
0.001821
0.003512
0.001041
0.007414
0.000715
0.002797
0.001041
0.005723
0.002471
0.009235
0.003837
0.002927
0.000845
0.004357
0.001431
0.003317
0.002732
0.001366
0.000845
0.008910
0.004292
0.002536
0.001626
0.001366
0.001691
0.006178
0.005203
0.002016
0.003772
0.003577
0.001626
0.001691
0.007089
0.002081
0.001301
0.003707
0.003252
0.001561
0.002276
0.002211
0.002666
0.006504
0.002732
0.002666
0.002081
0.004357
0.003187
0.002406
0.004618
0.002862
0.001171
0.003642
