0.123898
0.003086
0.003716
0.001638
0.002394
0.002583
0.002016
0.002520
0.004283
0.002897
0.007937
0.001827
0.003905
0.003086
0.003086
0.008062
0.003149
0.002457
0.002708
0.002897
0.003275
0.002394
0.003905
0.001701
0.002646
0.002520
0.006236
0.001575
0.003338
0.002205
0.003086
0.005165
0.005039
0.003464
0.002897
0.003338
0.003401
0.005165
0.003968
0.003401
0.002834
0.003086
0.007244
0.001701
0.006488
0.002079
0.002708
0.002331
0.002708
0.001953
0.003086
0.002457
0.003149
0.001953
0.002268
0.002205
0.003023
0.005732
0.011338
0.002960
0.009637
0.004157
0.003023
0.002394
0.005228
0.003212
0.003716
0.003212
0.002708
0.004346
0.004976
0.002394
0.002897
0.005354
0.003149
0.002268
0.002583
0.002771
0.001827
0.004598
0.002520
0.003212
0.002142
0.001701
0.002268
0.002331
0.002205
0.002142
0.003968
0.010645
0.004220
0.002016
0.005795
0.002708
0.004094
0.007685
0.004472
0.003023
0.002331
0.003905
0.003653
0.002205
0.002268
0.002897
0.003023
0.006992
0.003275
0.003338
0.007937
0.002079
0.002520
0.002583
0.004220
0.001386
0.002834
0.002457
0.002771
0.002646
0.002646
0.002834
0.004283
0.004661
0.003275
0.002331
0.007118
0.002520
0.003149
0.002646
0.003464
0.002394
0.003212
0.005165
0.003149
0.002394
0.002646
0.002016
0.002205
0.003023
0.004850
0.001197
0.003590
0.002016
0.002708
0.005102
0.003527
0.003464
0.001890
0.002708
0.004157
0.002142
0.002771
0.001890
0.003779
0.004031
0.003023
0.001827
0.005291
0.002016
0.002142
0.002331
0.005417
0.006173
0.003086
0.003401
0.003338
0.002960
0.008188
0.003590
0.002331
0.003905
0.004031
0.002268
0.004346
0.003212
0.002897
0.003905
0.003023
0.002079
0.003779
0.001827
0.002834
0.002394
0.002583
0.002142
0.003905
0.004094
0.006488
0.002646
0.007370
0.004346
0.003275
0.004031
0.005354
0.003401
0.004283
0.003401
0.005102
0.006677
0.004472
0.001386
0.002708
0.002331
0.003212
0.000945
0.003968
0.001764
0.002708
0.002268
0.002771
0.002079
0.002708
0.003023
0.002394
0.003338
0.001953
0.002331
0.003779
0.006236
0.003779
0.001827
0.005606
0.002268
0.003527
0.004913
0.007118
0.002457
0.002205
0.002205
0.003590
0.003149
0.002457
0.002394
0.002205
0.005417
0.003653
0.002079
0.005291
0.001575
0.002960
0.003716
0.004913
0.001701
0.004787
0.002016
0.002646
0.002520
0.003905
0.004535
0.002205
0.003275
0.004094
0.002142
0.005543
0.002646
0.003590
0.003968
