0.126691
0.001301
0.002341
0.003317
0.002992
0.003382
0.012162
0.002732
0.001886
0.002276
0.004097
0.002471
0.002732
0.002601
0.003382
0.010926
0.004032
0.002406
0.002536
0.004943
0.002081
0.003187
0.010211
0.003317
0.003252
0.004097
0.005008
0.002016
0.002211
0.002081
0.005853
0.007479
0.004748
0.001756
0.001886
0.003122
0.004878
0.002081
0.011642
0.002276
0.001691
0.003122
0.004422
0.001366
0.006764
0.001886
0.005723
0.002016
0.004618
0.001366
0.002406
0.001821
0.004292
0.002601
0.011902
0.001756
0.002666
0.002081
0.003967
0.001561
0.009235
0.002927
0.004748
0.002406
0.004357
0.002081
0.001236
0.003642
0.002601
0.008780
0.001951
0.004422
0.002211
0.003252
0.003187
0.001691
0.001886
0.002992
0.001561
0.008325
0.001886
0.002211
0.001171
0.004748
0.002406
0.010081
0.002536
0.003187
0.001626
0.004227
0.002081
0.002276
0.003577
0.002211
0.002341
0.009040
0.005268
0.002211
0.002081
0.002211
0.003902
0.010211
0.003057
0.003447
0.002536
0.002732
0.002211
0.001236
0.011121
0.004422
0.002732
0.004162
0.004032
0.002276
0.002276
0.002927
0.003837
0.006439
0.001561
0.001496
0.002341
0.003707
0.004553
0.002081
0.006504
0.003317
0.002601
0.002406
0.001236
0.001691
0.003317
0.004878
0.002471
0.004162
0.007999
0.002927
0.002081
0.002536
0.002927
0.002081
0.002732
0.002081
0.002211
0.006178
0.002797
0.002797
0.002536
0.004748
0.002471
0.002536
0.007414
0.002276
0.002341
0.002211
0.005983
0.003187
0.003642
0.002016
0.002992
0.004943
0.006959
0.002666
0.002016
0.002406
0.002797
0.003057
0.006894
0.002276
0.003447
0.002862
0.006439
0.002081
0.005008
0.001691
0.002536
0.001821
0.003967
0.001951
0.003057
0.001236
0.002732
0.003707
0.008390
0.000976
0.002536
0.001886
0.003772
0.000911
0.007479
0.002016
0.003057
0.003447
0.002536
0.001301
0.002341
0.003902
0.001756
0.005918
0.002471
0.002601
0.002471
0.006829
0.002016
0.001951
0.002797
0.002081
0.001561
0.005268
0.001431
0.003382
0.001106
0.002992
0.002927
0.005463
0.003512
0.001821
0.001431
0.002341
0.001626
0.003122
0.004553
0.002276
0.001366
0.005138
0.005203
0.002081
0.001951
0.001366
0.003317
0.006764
0.003512
0.001691
0.002732
0.003057
0.001626
0.001106
0.007414
0.002406
0.001626
0.003772
0.006439
0.003187
0.002016
0.003252
0.002992
0.004097
0.002927
0.001626
0.002406
0.004292
0.002927
0.001496
0.005853
0.002211
0.002406
0.002081
