0.125130
0.000650
0.001366
0.003577
0.002666
0.002797
0.012032
0.003317
0.000585
0.001106
0.004162
0.003187
0.001626
0.002536
0.002992
0.009040
0.002406
0.000650
0.001106
0.005528
0.001886
0.000911
0.008520
0.006764
0.001301
0.002146
0.002666
0.001626
0.000976
0.001301
0.004032
0.010731
0.004097
0.000911
0.002146
0.002406
0.006243
0.001496
0.011967
0.001886
0.002406
0.003252
0.004422
0.000650
0.009886
0.001756
0.004683
0.001431
0.003187
0.000455
0.002666
0.001626
0.005658
0.001756
0.014308
0.001496
0.002276
0.001626
0.003577
0.000911
0.012292
0.002406
0.003187
0.002406
0.002666
0.001756
0.000845
0.005528
0.001756
0.016259
0.001041
0.004097
0.001301
0.004097
0.003252
0.002666
0.001301
0.005528
0.001431
0.009560
0.001366
0.001366
0.000130
0.004227
0.003252
0.013202
0.002862
0.003122
0.001106
0.003577
0.001106
0.002536
0.002276
0.003122
0.002016
0.014568
0.003252
0.002797
0.000455
0.001691
0.004878
0.015609
0.001561
0.001626
0.003317
0.003252
0.001236
0.001561
0.014828
0.003707
0.002146
0.002211
0.003772
0.001171
0.000845
0.002081
0.007219
0.010926
0.001756
0.002016
0.001951
0.003772
0.001561
0.001496
0.013398
0.004813
0.001756
0.001301
0.001496
0.001496
0.002732
0.007284
0.001236
0.002536
0.004813
0.002146
0.001561
0.001756
0.004422
0.007869
0.002406
0.001691
0.001431
0.006959
0.002016
0.002471
0.002081
0.004813
0.002081
0.001431
0.004488
0.003577
0.002211
0.002862
0.003902
0.002601
0.001561
0.000911
0.001951
0.005138
0.006569
0.002471
0.003837
0.002732
0.002992
0.001561
0.005268
0.001171
0.003187
0.001691
0.007024
0.002146
0.003512
0.001301
0.002536
0.001951
0.004553
0.000911
0.003642
0.001171
0.003512
0.003577
0.007349
0.001496
0.004097
0.001301
0.004032
0.001366
0.007999
0.001171
0.002016
0.003837
0.002211
0.002276
0.001626
0.007869
0.001496
0.006309
0.001691
0.002797
0.002666
0.006634
0.002081
0.004162
0.001756
0.001561
0.001301
0.005788
0.001366
0.003512
0.001236
0.004878
0.001626
0.005723
0.003837
0.001951
0.000715
0.004683
0.000976
0.003382
0.003057
0.002211
0.000780
0.009040
0.006309
0.004813
0.001041
0.001561
0.003057
0.008130
0.002732
0.001171
0.004553
0.004032
0.001366
0.001821
0.006959
0.001366
0.001431
0.002146
0.006113
0.003772
0.002536
0.002536
0.003252
0.005918
0.001886
0.001886
0.003837
0.005593
0.002081
0.001886
0.005008
0.002536
0.001171
0.002732
