0.161250
0.001701
0.004409
0.003401
0.002394
0.002331
0.003023
0.003842
0.003716
0.002205
0.010519
0.002331
0.002583
0.002268
0.002457
0.010708
0.002897
0.001953
0.002079
0.002771
0.002583
0.002457
0.002520
0.001449
0.002897
0.002142
0.007937
0.003590
0.003086
0.002268
0.003842
0.009133
0.003275
0.002897
0.003212
0.002897
0.003086
0.003527
0.004220
0.002897
0.001764
0.001701
0.006929
0.001764
0.005606
0.001701
0.002897
0.002331
0.001764
0.001638
0.002771
0.001827
0.002457
0.002331
0.002142
0.001764
0.002520
0.003338
0.014109
0.003716
0.011464
0.004472
0.004598
0.003275
0.003401
0.002646
0.003527
0.003212
0.001953
0.002646
0.003401
0.003275
0.001953
0.005921
0.002520
0.002016
0.002520
0.002268
0.002142
0.005858
0.002457
0.001953
0.001575
0.001827
0.001701
0.001953
0.002457
0.002771
0.004094
0.009952
0.005417
0.003716
0.003779
0.001764
0.004913
0.010708
0.002897
0.003338
0.002394
0.002646
0.002960
0.001827
0.002457
0.001386
0.003275
0.009385
0.002834
0.003527
0.006929
0.001827
0.003275
0.002520
0.002205
0.001890
0.002583
0.002960
0.002520
0.002142
0.002331
0.002457
0.003527
0.005039
0.002520
0.002771
0.008125
0.001827
0.002205
0.003086
0.003023
0.002142
0.003527
0.006488
0.002331
0.002205
0.002771
0.003779
0.002268
0.002394
0.005669
0.000945
0.002771
0.001575
0.001512
0.005921
0.003653
0.004031
0.002394
0.003086
0.004031
0.002646
0.003464
0.002394
0.003401
0.004346
0.004409
0.002897
0.004850
0.001701
0.003590
0.004157
0.004346
0.005039
0.002771
0.003842
0.002457
0.003464
0.006929
0.004094
0.001827
0.003086
0.003149
0.002646
0.003212
0.002583
0.002708
0.003212
0.003212
0.001638
0.002708
0.001827
0.002520
0.001575
0.003401
0.001575
0.001638
0.003464
0.006236
0.003023
0.006047
0.002897
0.004283
0.003653
0.004157
0.002205
0.005102
0.003401
0.005480
0.005858
0.005291
0.003149
0.001953
0.002268
0.003023
0.001764
0.003779
0.000882
0.002897
0.002205
0.001890
0.002583
0.002079
0.002771
0.002331
0.001890
0.001953
0.002331
0.002331
0.004850
0.004094
0.001701
0.003401
0.001701
0.003149
0.006614
0.004535
0.001827
0.002331
0.003149
0.003842
0.002079
0.003149
0.002708
0.001953
0.004598
0.002205
0.002268
0.005732
0.000882
0.002457
0.003023
0.002960
0.001701
0.004094
0.002646
0.002331
0.002205
0.003086
0.003527
0.001071
0.003212
0.004598
0.002331
0.004094
0.001512
0.002331
0.003464
