0.106985
0.000976
0.002862
0.003447
0.002471
0.003252
0.010146
0.004488
0.001561
0.001626
0.003382
0.002406
0.002016
0.004227
0.003837
0.010991
0.003902
0.002146
0.002536
0.004292
0.001756
0.001496
0.007349
0.005333
0.002016
0.004488
0.003577
0.002797
0.001756
0.002211
0.003902
0.006959
0.003902
0.001886
0.002601
0.003902
0.004357
0.001821
0.007869
0.002471
0.001561
0.003317
0.004422
0.002666
0.006113
0.001626
0.004683
0.002862
0.003837
0.001041
0.002797
0.001626
0.003902
0.002341
0.010471
0.003707
0.003317
0.001821
0.002992
0.001691
0.011642
0.002406
0.003577
0.003187
0.003057
0.001236
0.002732
0.004683
0.001496
0.009105
0.001886
0.005853
0.001756
0.002862
0.003577
0.001821
0.001106
0.004032
0.001886
0.009625
0.001366
0.002862
0.001691
0.003902
0.002471
0.010406
0.002992
0.003122
0.001301
0.003252
0.002016
0.003772
0.002276
0.003252
0.002797
0.013137
0.003707
0.002211
0.001626
0.002536
0.003577
0.011186
0.002797
0.004618
0.002081
0.002666
0.002732
0.001561
0.011837
0.004227
0.004422
0.004097
0.004357
0.002471
0.002536
0.004422
0.006048
0.007804
0.001821
0.003122
0.002666
0.004553
0.003057
0.003252
0.009300
0.003577
0.002016
0.002601
0.000780
0.001691
0.002146
0.005398
0.001821
0.003707
0.006048
0.002797
0.002016
0.000780
0.003447
0.002992
0.003252
0.002471
0.002732
0.008845
0.002797
0.003707
0.002406
0.006374
0.001886
0.002276
0.005138
0.002992
0.003187
0.003317
0.004943
0.003187
0.003252
0.002016
0.003382
0.005593
0.005918
0.002406
0.002341
0.003642
0.002341
0.002471
0.004683
0.002276
0.001626
0.003187
0.007219
0.003707
0.005268
0.001821
0.002862
0.003317
0.002471
0.001496
0.003642
0.002146
0.002797
0.002992
0.007674
0.002146
0.002992
0.001171
0.003512
0.001691
0.005658
0.001301
0.003057
0.003902
0.001821
0.001821
0.003122
0.006439
0.001366
0.003967
0.002797
0.002536
0.002927
0.005983
0.002536
0.002341
0.002992
0.001951
0.002211
0.005398
0.001366
0.002797
0.002016
0.004097
0.001431
0.005983
0.003447
0.002406
0.001626
0.003447
0.001886
0.002992
0.002992
0.001886
0.002211
0.006764
0.004357
0.002666
0.001366
0.002601
0.001756
0.005333
0.003772
0.002081
0.002666
0.002276
0.001626
0.002016
0.008065
0.002016
0.002341
0.004292
0.004943
0.002406
0.003512
0.004943
0.003317
0.004097
0.003447
0.002016
0.002471
0.006113
0.002992
0.003447
0.006764
0.002081
0.001821
0.003317
