0.126366
0.001171
0.002536
0.005528
0.003122
0.004097
0.010991
0.004357
0.000845
0.002732
0.002601
0.003317
0.002862
0.003837
0.003837
0.011186
0.003057
0.001821
0.001691
0.005658
0.001691
0.002016
0.007544
0.007219
0.001106
0.004227
0.005398
0.002732
0.001691
0.001951
0.003317
0.008325
0.003772
0.001366
0.001626
0.002406
0.004097
0.001626
0.011251
0.001756
0.001951
0.003512
0.003512
0.001886
0.004618
0.001886
0.004813
0.002146
0.004097
0.001366
0.002471
0.002471
0.002862
0.002081
0.008065
0.003252
0.002406
0.002471
0.003967
0.001431
0.006699
0.003057
0.002797
0.003057
0.002406
0.002341
0.000715
0.004748
0.001431
0.008650
0.001691
0.006243
0.001106
0.006178
0.002016
0.003057
0.001626
0.005983
0.001236
0.008585
0.002081
0.002992
0.000911
0.004553
0.002732
0.009040
0.002732
0.004813
0.001691
0.005593
0.002016
0.003187
0.002081
0.005138
0.001431
0.008065
0.003057
0.003057
0.000845
0.002016
0.002732
0.010341
0.003967
0.003837
0.001886
0.003902
0.001756
0.001626
0.007804
0.004422
0.002471
0.003707
0.004748
0.001691
0.001951
0.004357
0.003772
0.007024
0.001171
0.002016
0.002016
0.005723
0.004357
0.002081
0.004813
0.005593
0.001106
0.002471
0.001236
0.001301
0.002211
0.007544
0.001366
0.004357
0.006569
0.002536
0.001041
0.002862
0.004488
0.004422
0.003057
0.002601
0.001691
0.007934
0.002341
0.003642
0.002471
0.008130
0.001431
0.002536
0.004032
0.003772
0.002666
0.005008
0.006634
0.004878
0.001756
0.001301
0.002341
0.005008
0.005463
0.002146
0.002406
0.002276
0.002471
0.003642
0.007804
0.001041
0.002797
0.002276
0.006504
0.001561
0.003967
0.001691
0.002536
0.002797
0.004227
0.001756
0.002666
0.002406
0.002081
0.003577
0.004748
0.001626
0.003447
0.002146
0.004553
0.001366
0.003967
0.001561
0.001106
0.003122
0.001691
0.003577
0.001301
0.006374
0.001301
0.005333
0.002146
0.003187
0.001756
0.008975
0.001301
0.003707
0.002211
0.003057
0.001756
0.005528
0.001106
0.003772
0.001756
0.005853
0.001561
0.006178
0.002927
0.002601
0.001431
0.003967
0.000976
0.003967
0.003187
0.002927
0.001171
0.005138
0.004162
0.004292
0.001236
0.001951
0.002406
0.008520
0.004422
0.002601
0.002341
0.004227
0.001431
0.001561
0.005008
0.002732
0.002146
0.005008
0.005073
0.002797
0.002732
0.003837
0.002211
0.004227
0.002797
0.002146
0.002862
0.006699
0.003512
0.003057
0.003122
0.003902
0.001041
0.002341
