0.116025
0.000780
0.002276
0.002797
0.004488
0.003577
0.014178
0.003382
0.000976
0.001301
0.001821
0.001301
0.006374
0.004032
0.008195
0.014958
0.005658
0.002992
0.005658
0.006504
0.001236
0.001236
0.007674
0.002146
0.001756
0.003122
0.003967
0.000976
0.001106
0.000911
0.003967
0.007674
0.004032
0.000520
0.001886
0.002276
0.005853
0.001301
0.008585
0.000911
0.000715
0.002471
0.002601
0.000585
0.012747
0.001756
0.007479
0.001496
0.005333
0.000911
0.004357
0.001821
0.002276
0.002081
0.006894
0.001236
0.002797
0.001236
0.003057
0.000520
0.007609
0.001106
0.002862
0.001431
0.001821
0.001886
0.000715
0.002536
0.002016
0.011902
0.001301
0.002927
0.000650
0.003967
0.001951
0.000585
0.000976
0.010796
0.002211
0.008260
0.002016
0.005918
0.000650
0.004813
0.001821
0.009300
0.001561
0.001756
0.000585
0.004488
0.000455
0.001366
0.001171
0.003252
0.000976
0.006374
0.002406
0.002927
0.000650
0.002211
0.003967
0.014828
0.002601
0.004683
0.001301
0.004618
0.000976
0.000585
0.012032
0.007739
0.006243
0.007674
0.006829
0.004813
0.002211
0.008520
0.003187
0.010276
0.000911
0.002536
0.001626
0.005918
0.002536
0.001301
0.007024
0.004618
0.000715
0.001496
0.001301
0.001041
0.002211
0.004943
0.002146
0.003187
0.005333
0.001366
0.001041
0.001041
0.001821
0.001821
0.006439
0.002992
0.004813
0.007414
0.006959
0.005788
0.006178
0.007804
0.001236
0.001496
0.004618
0.001236
0.005333
0.003252
0.008455
0.002862
0.003187
0.001366
0.002146
0.003187
0.004943
0.000780
0.001106
0.001626
0.002862
0.001756
0.003837
0.000911
0.001366
0.001301
0.005398
0.001106
0.007349
0.000976
0.003837
0.001951
0.005983
0.001301
0.007284
0.001431
0.000976
0.002536
0.003577
0.000715
0.006309
0.001366
0.006113
0.001496
0.005463
0.001301
0.001561
0.002016
0.000911
0.002211
0.001041
0.004032
0.001106
0.006894
0.000911
0.001236
0.000911
0.006309
0.000976
0.000976
0.002732
0.004748
0.001106
0.004943
0.001106
0.008715
0.001431
0.005593
0.000845
0.005073
0.002276
0.000650
0.000780
0.006699
0.000976
0.003382
0.002797
0.002276
0.000585
0.004292
0.004488
0.003902
0.000390
0.002146
0.001496
0.008260
0.003187
0.001756
0.002601
0.004032
0.000976
0.001171
0.007609
0.006374
0.002601
0.007544
0.007479
0.007804
0.004032
0.004943
0.001301
0.006764
0.001496
0.001041
0.002927
0.008975
0.002732
0.003707
0.003577
0.003447
0.001106
0.002341
