0.106204
0.001366
0.003252
0.003642
0.001626
0.002862
0.010861
0.005073
0.000976
0.001496
0.005203
0.002146
0.003317
0.003317
0.005008
0.013853
0.003447
0.002732
0.003057
0.006439
0.001626
0.001951
0.009886
0.005268
0.002276
0.003577
0.005398
0.002536
0.001626
0.001366
0.004943
0.009495
0.003642
0.000715
0.001951
0.002797
0.003642
0.002146
0.010796
0.001951
0.001236
0.002211
0.005723
0.000976
0.008130
0.001886
0.006959
0.001496
0.002992
0.001691
0.002732
0.003317
0.001561
0.002601
0.010081
0.002406
0.001821
0.001561
0.004032
0.001366
0.008520
0.002341
0.004292
0.002862
0.003512
0.001366
0.001171
0.003577
0.001561
0.010601
0.002016
0.008585
0.001301
0.002666
0.003772
0.002211
0.002341
0.006699
0.001106
0.014438
0.001886
0.004227
0.001106
0.007414
0.002016
0.008910
0.002601
0.003642
0.001236
0.003967
0.001561
0.003317
0.002276
0.002536
0.002211
0.008975
0.002862
0.002471
0.001171
0.002016
0.002992
0.009625
0.002992
0.004488
0.001756
0.002862
0.001561
0.001626
0.010406
0.004488
0.003447
0.004227
0.004097
0.002471
0.001626
0.005658
0.002797
0.004813
0.001561
0.002016
0.001106
0.005203
0.003317
0.002536
0.004683
0.003187
0.001821
0.002016
0.001041
0.001496
0.003317
0.004488
0.001041
0.004227
0.008845
0.003577
0.001561
0.001691
0.005073
0.002601
0.003317
0.002601
0.003707
0.009365
0.003772
0.004032
0.004813
0.007219
0.001236
0.002536
0.006959
0.002536
0.001886
0.004292
0.005918
0.003447
0.002927
0.001626
0.003317
0.005723
0.004813
0.001496
0.002536
0.002406
0.002146
0.002666
0.006374
0.001886
0.001951
0.001626
0.007804
0.001691
0.004553
0.001431
0.003837
0.003187
0.002732
0.001496
0.002862
0.001236
0.002016
0.002211
0.007674
0.001431
0.002732
0.001171
0.004422
0.000845
0.005138
0.001561
0.002471
0.002992
0.002732
0.001691
0.002016
0.005268
0.001431
0.006048
0.003382
0.005138
0.002146
0.005138
0.002471
0.002406
0.002276
0.003707
0.002276
0.010861
0.001041
0.005203
0.001561
0.006764
0.001626
0.005593
0.003837
0.002797
0.001106
0.003642
0.001041
0.003642
0.003122
0.001496
0.001626
0.005788
0.003837
0.002536
0.001236
0.001301
0.001561
0.006439
0.004097
0.002666
0.002406
0.002211
0.001366
0.002016
0.006243
0.002927
0.001756
0.006048
0.005138
0.002341
0.001951
0.006699
0.001951
0.003837
0.002732
0.001756
0.002406
0.005398
0.001691
0.002732
0.003642
0.002211
0.001431
0.004032
