0.105814
0.001366
0.002081
0.002992
0.004227
0.003122
0.010406
0.002992
0.002016
0.002081
0.002797
0.002471
0.005528
0.003187
0.004618
0.008845
0.006178
0.001626
0.002276
0.004748
0.001301
0.001691
0.005073
0.003577
0.002276
0.002862
0.004227
0.001431
0.002016
0.001756
0.003512
0.004878
0.003577
0.001561
0.001171
0.003837
0.008390
0.001561
0.010081
0.001561
0.001626
0.003252
0.002927
0.001561
0.013593
0.002016
0.005268
0.002406
0.006569
0.001366
0.003837
0.001821
0.003902
0.003382
0.008910
0.001756
0.003967
0.001496
0.004618
0.001561
0.009040
0.002016
0.002797
0.002862
0.002601
0.001756
0.001626
0.003902
0.001691
0.010666
0.001821
0.002992
0.001496
0.005073
0.002341
0.001171
0.001041
0.007154
0.001951
0.008845
0.002536
0.002927
0.001886
0.002732
0.002146
0.009300
0.002601
0.001886
0.001171
0.004813
0.001886
0.002146
0.002601
0.004292
0.002732
0.008390
0.003902
0.003057
0.001496
0.001756
0.005918
0.010406
0.003447
0.001756
0.002666
0.005268
0.001496
0.000911
0.014048
0.004488
0.003122
0.002927
0.007089
0.003057
0.002797
0.003772
0.004943
0.010471
0.001821
0.001236
0.002341
0.005268
0.003512
0.002146
0.008390
0.004943
0.002146
0.001886
0.001561
0.001171
0.002732
0.004162
0.003447
0.004097
0.006113
0.001626
0.001301
0.001106
0.002081
0.002016
0.005658
0.002211
0.003642
0.006374
0.006048
0.002081
0.003447
0.005463
0.002276
0.002601
0.003252
0.001301
0.002862
0.002471
0.005203
0.002211
0.003837
0.001496
0.001496
0.003707
0.004878
0.002406
0.001951
0.002927
0.005008
0.002536
0.006113
0.001366
0.002081
0.001951
0.005788
0.002016
0.009495
0.002146
0.003707
0.002927
0.006374
0.001171
0.005008
0.001041
0.002406
0.004227
0.004878
0.001431
0.003642
0.001366
0.003642
0.001496
0.005853
0.001561
0.002211
0.003252
0.001301
0.002341
0.001886
0.005593
0.002146
0.006699
0.001886
0.001886
0.002016
0.007999
0.001756
0.002146
0.003382
0.003447
0.001171
0.004357
0.001886
0.003382
0.000715
0.002797
0.001691
0.006243
0.002471
0.001691
0.000976
0.003772
0.001821
0.002341
0.002732
0.002536
0.001366
0.004943
0.006048
0.003577
0.000845
0.001366
0.004097
0.008780
0.004292
0.001236
0.001821
0.004618
0.001236
0.001236
0.009430
0.003902
0.002797
0.003902
0.007154
0.004292
0.003447
0.003902
0.001821
0.007544
0.002536
0.001756
0.003837
0.006374
0.003707
0.002601
0.005593
0.003967
0.001951
0.002146
