0.046319
0.001389
0.002847
0.002292
0.002986
0.001528
0.015139
0.004306
0.001944
0.001181
0.003542
0.002917
0.003264
0.002500
0.006250
0.016250
0.005625
0.002083
0.002986
0.006181
0.001806
0.001528
0.010347
0.003403
0.002569
0.004236
0.005417
0.002361
0.002847
0.001250
0.006250
0.005486
0.004375
0.002222
0.002986
0.002500
0.006597
0.001667
0.008472
0.003194
0.002569
0.003611
0.005347
0.002986
0.009792
0.001667
0.004861
0.002917
0.002778
0.001458
0.003750
0.003542
0.006389
0.000903
0.014583
0.002222
0.003611
0.001181
0.003125
0.001667
0.015278
0.000764
0.006319
0.002292
0.003611
0.001597
0.003125
0.002431
0.001389
0.004375
0.002361
0.004028
0.001667
0.003889
0.005000
0.001042
0.002917
0.002708
0.002778
0.008403
0.002222
0.002083
0.002083
0.003750
0.003403
0.011458
0.003819
0.003264
0.001458
0.001875
0.002222
0.003056
0.002292
0.002153
0.003681
0.011875
0.003958
0.001875
0.001528
0.002083
0.005625
0.010694
0.002500
0.003681
0.003958
0.001875
0.002639
0.001667
0.013472
0.002292
0.003542
0.003681
0.004097
0.002292
0.002569
0.005694
0.005625
0.004097
0.002083
0.001806
0.002292
0.003403
0.004306
0.003611
0.008472
0.002639
0.002708
0.002569
0.000972
0.000833
0.003056
0.002639
0.001944
0.004722
0.009444
0.004167
0.002292
0.000694
0.002292
0.002917
0.006319
0.001736
0.004444
0.010486
0.003194
0.003542
0.002917
0.007222
0.002153
0.002986
0.007292
0.002847
0.002847
0.001736
0.006875
0.002361
0.004097
0.001389
0.004028
0.004792
0.006806
0.002292
0.002153
0.002083
0.003542
0.001944
0.005764
0.002153
0.002569
0.000694
0.007431
0.003611
0.008958
0.001250
0.003750
0.004792
0.003125
0.001111
0.003333
0.001319
0.002917
0.004653
0.011042
0.001736
0.002917
0.001111
0.002292
0.002083
0.008056
0.001319
0.004375
0.004236
0.001528
0.001250
0.005417
0.002639
0.001111
0.003056
0.004792
0.003333
0.002917
0.007708
0.003611
0.001111
0.003333
0.003542
0.003403
0.006944
0.000903
0.002014
0.001667
0.001806
0.002222
0.006667
0.006250
0.002708
0.001389
0.002292
0.001875
0.003056
0.004931
0.001875
0.002500
0.006597
0.003819
0.001597
0.001944
0.001181
0.003611
0.005486
0.005139
0.002708
0.003125
0.001181
0.000903
0.002083
0.009931
0.002431
0.003194
0.006042
0.008264
0.001806
0.003611
0.002639
0.002708
0.003403
0.004514
0.001875
0.001806
0.006875
0.002986
0.002708
0.005694
0.002361
0.002639
0.002639
