0.052500
0.000625
0.002986
0.005347
0.003958
0.003125
0.007500
0.004722
0.000625
0.002708
0.002917
0.002986
0.001944
0.004028
0.001806
0.008264
0.003125
0.002847
0.003056
0.005625
0.002222
0.002431
0.007361
0.006319
0.002083
0.005486
0.003611
0.001667
0.002222
0.002917
0.006458
0.009028
0.004722
0.001597
0.002569
0.004514
0.004167
0.001875
0.006944
0.003958
0.002500
0.005069
0.004514
0.002153
0.008056
0.003472
0.004097
0.001736
0.003958
0.001597
0.002014
0.002847
0.005000
0.003264
0.010903
0.003611
0.002153
0.001944
0.002708
0.001667
0.012361
0.003750
0.004653
0.003681
0.005278
0.002500
0.002014
0.005972
0.001736
0.010833
0.001389
0.006736
0.001528
0.005903
0.004514
0.002986
0.001528
0.007014
0.002361
0.008125
0.002361
0.003542
0.001319
0.005417
0.003958
0.013194
0.002014
0.004583
0.000903
0.005625
0.001597
0.003125
0.004236
0.005139
0.002569
0.010694
0.004583
0.002708
0.001250
0.002431
0.003125
0.010486
0.002153
0.003681
0.002500
0.006389
0.001458
0.001181
0.011250
0.006181
0.002222
0.003889
0.004722
0.003403
0.001667
0.004931
0.005903
0.011111
0.002083
0.002986
0.001181
0.006111
0.004514
0.001528
0.007847
0.005556
0.002361
0.001875
0.000694
0.001111
0.001458
0.003958
0.002222
0.005486
0.005764
0.001875
0.001250
0.002014
0.001389
0.002292
0.003333
0.002917
0.002083
0.007569
0.001875
0.003403
0.001042
0.005417
0.000486
0.003472
0.005139
0.003056
0.002917
0.002500
0.005764
0.001111
0.002153
0.001875
0.003472
0.007569
0.006319
0.002292
0.001944
0.002431
0.002917
0.002986
0.004444
0.001875
0.002639
0.002569
0.008958
0.002708
0.005278
0.002639
0.002083
0.003056
0.001944
0.001875
0.000764
0.001667
0.002222
0.006250
0.005625
0.001667
0.002222
0.001597
0.001597
0.001458
0.008681
0.001528
0.002569
0.005694
0.003472
0.002708
0.001667
0.005556
0.001944
0.010764
0.001944
0.002708
0.002361
0.010000
0.001389
0.002083
0.002778
0.004653
0.000972
0.007500
0.000972
0.003542
0.001458
0.002986
0.001736
0.008750
0.005208
0.002431
0.002083
0.004028
0.001667
0.003125
0.005347
0.003056
0.001875
0.006875
0.003403
0.003264
0.001597
0.001181
0.002083
0.008264
0.004514
0.001944
0.002292
0.005208
0.001458
0.001181
0.005764
0.003125
0.001528
0.006944
0.004375
0.003333
0.001389
0.001944
0.002639
0.007361
0.001806
0.002847
0.001250
0.006597
0.002569
0.002361
0.009028
0.002361
0.002014
0.003056
