0.067292
0.001458
0.000972
0.003194
0.004583
0.002292
0.011667
0.004583
0.001389
0.002500
0.002639
0.001736
0.003125
0.003611
0.002500
0.015139
0.005000
0.002292
0.000625
0.005069
0.001944
0.002014
0.005972
0.005069
0.001597
0.002569
0.002500
0.001597
0.002153
0.002778
0.002569
0.008542
0.005069
0.002292
0.000694
0.003403
0.008889
0.001806
0.007431
0.001458
0.003056
0.006319
0.003472
0.001667
0.009028
0.003611
0.003611
0.001111
0.004792
0.001111
0.000556
0.001944
0.004375
0.002014
0.016944
0.003542
0.002292
0.001667
0.003125
0.000972
0.019931
0.002917
0.004861
0.002847
0.003750
0.002292
0.001875
0.004653
0.002708
0.009514
0.001528
0.004514
0.002639
0.006806
0.003681
0.001528
0.002569
0.005903
0.001806
0.008542
0.002778
0.002014
0.000625
0.003264
0.003125
0.015625
0.003403
0.005000
0.001111
0.002778
0.001042
0.000903
0.002361
0.005764
0.001319
0.014861
0.004931
0.003056
0.000972
0.002847
0.006319
0.012778
0.001597
0.002222
0.002917
0.003750
0.001042
0.002083
0.018819
0.003819
0.001458
0.001597
0.006389
0.000764
0.001181
0.005486
0.005833
0.007292
0.002153
0.002500
0.001458
0.003819
0.003403
0.002361
0.011458
0.006111
0.001389
0.002014
0.000972
0.001111
0.001528
0.003333
0.001944
0.003472
0.005903
0.002431
0.001528
0.000486
0.002569
0.002639
0.005833
0.001250
0.000764
0.009306
0.001736
0.003958
0.000347
0.006111
0.002986
0.003056
0.003681
0.002569
0.003889
0.001528
0.003819
0.001389
0.003125
0.001806
0.001875
0.005903
0.006319
0.002500
0.000903
0.001736
0.004722
0.003958
0.006181
0.001181
0.003125
0.001875
0.006944
0.003681
0.009653
0.002569
0.002014
0.002986
0.003542
0.001111
0.001181
0.000556
0.003611
0.006250
0.009097
0.001597
0.003542
0.001111
0.001319
0.001736
0.012847
0.001319
0.002431
0.004514
0.001389
0.002778
0.003056
0.007292
0.002639
0.005208
0.002083
0.002569
0.002569
0.010556
0.002222
0.002500
0.002778
0.001944
0.001319
0.006250
0.001111
0.003264
0.000486
0.001111
0.001944
0.008681
0.004375
0.001875
0.001111
0.002153
0.000139
0.001319
0.006042
0.002431
0.000833
0.008472
0.005139
0.003403
0.000903
0.001250
0.003889
0.008472
0.003125
0.001944
0.002431
0.002708
0.000556
0.001458
0.010625
0.002778
0.000556
0.004792
0.007014
0.001458
0.002153
0.001389
0.002708
0.006458
0.002778
0.002083
0.002222
0.003472
0.001111
0.003681
0.008125
0.002431
0.001736
0.003819
