0.054167
0.000972
0.001389
0.001597
0.002778
0.000486
0.012500
0.004514
0.001458
0.002778
0.004514
0.001458
0.004028
0.000903
0.003958
0.012847
0.004028
0.000486
0.001181
0.003403
0.002500
0.001667
0.009722
0.004375
0.000347
0.002708
0.003125
0.000972
0.001736
0.001667
0.003264
0.009514
0.007917
0.001736
0.002292
0.003403
0.007986
0.001111
0.005903
0.001875
0.003403
0.006875
0.005486
0.002431
0.025486
0.002778
0.003611
0.002083
0.003819
0.000833
0.001042
0.000903
0.011042
0.005278
0.018681
0.006111
0.004861
0.001597
0.002708
0.001389
0.017778
0.004306
0.005139
0.002222
0.003194
0.001042
0.001806
0.003125
0.001458
0.010486
0.002014
0.006181
0.001111
0.006250
0.005347
0.003681
0.002569
0.002153
0.003403
0.007431
0.000833
0.000694
0.001458
0.003403
0.003819
0.020139
0.003819
0.004097
0.000625
0.002431
0.002292
0.002917
0.002986
0.003542
0.009028
0.013542
0.003889
0.002639
0.001181
0.000903
0.004444
0.015278
0.001736
0.001042
0.003264
0.003333
0.002847
0.001319
0.015208
0.002500
0.001597
0.001597
0.006111
0.000556
0.000833
0.004097
0.008264
0.007361
0.001806
0.001875
0.002361
0.002361
0.002847
0.000625
0.008264
0.003819
0.001528
0.001806
0.002569
0.001319
0.003333
0.005764
0.001250
0.002778
0.009444
0.001042
0.002917
0.001389
0.003472
0.000972
0.004375
0.000764
0.000556
0.005347
0.001806
0.001319
0.000764
0.006181
0.002014
0.002708
0.005139
0.002778
0.000972
0.001597
0.005694
0.001042
0.001528
0.001250
0.001042
0.003819
0.012708
0.005208
0.002639
0.004653
0.004861
0.003403
0.003681
0.001042
0.004722
0.004514
0.009653
0.005625
0.010000
0.002083
0.000764
0.002431
0.002639
0.001319
0.001250
0.001806
0.003194
0.005625
0.008819
0.002847
0.002986
0.001458
0.003681
0.001250
0.005208
0.002847
0.001597
0.003194
0.004792
0.001667
0.006944
0.006875
0.000972
0.003403
0.003889
0.002292
0.003125
0.010278
0.005347
0.002569
0.001319
0.000556
0.001389
0.004097
0.000694
0.001042
0.001875
0.002708
0.001736
0.007292
0.006806
0.002153
0.001389
0.001597
0.002569
0.003056
0.003958
0.000903
0.002361
0.003681
0.006736
0.003333
0.001458
0.002153
0.001042
0.008889
0.003472
0.000069
0.003125
0.001667
0.002083
0.002500
0.009653
0.000486
0.000208
0.004653
0.006667
0.000486
0.001528
0.001944
0.003472
0.006181
0.004375
0.001944
0.001667
0.003819
0.001806
0.001458
0.004444
0.000556
0.001250
0.001597
