0.054583
0.001875
0.003264
0.004722
0.002083
0.003333
0.011319
0.004583
0.001528
0.002083
0.003750
0.002917
0.002639
0.002708
0.003958
0.010000
0.005694
0.002847
0.002153
0.006042
0.002014
0.001806
0.008750
0.005347
0.002569
0.004236
0.003681
0.001250
0.002708
0.001875
0.004375
0.008819
0.004653
0.001875
0.002847
0.006319
0.002153
0.002500
0.005069
0.002361
0.001111
0.004931
0.007153
0.002778
0.005972
0.001458
0.003194
0.002083
0.003403
0.001736
0.002778
0.003403
0.003958
0.003056
0.017361
0.003750
0.001875
0.002153
0.004653
0.002083
0.013958
0.002083
0.005139
0.003056
0.004583
0.001319
0.002917
0.005417
0.001806
0.005694
0.002292
0.003681
0.002708
0.002917
0.005764
0.001875
0.002153
0.003611
0.001944
0.007708
0.002639
0.002778
0.001944
0.004167
0.001667
0.014444
0.003333
0.004028
0.002222
0.002847
0.001944
0.001458
0.002986
0.003681
0.002708
0.016111
0.003611
0.001806
0.002778
0.003264
0.003333
0.010903
0.002361
0.002569
0.002569
0.003194
0.002431
0.002778
0.014028
0.002569
0.002708
0.002361
0.003681
0.001667
0.002014
0.005417
0.003750
0.006806
0.002847
0.002500
0.001181
0.003472
0.004653
0.001528
0.007639
0.002361
0.003403
0.002708
0.002500
0.002014
0.002986
0.005139
0.001111
0.003889
0.006806
0.002569
0.002708
0.001597
0.002639
0.004028
0.005069
0.002153
0.002222
0.009306
0.003403
0.003125
0.002083
0.004444
0.002778
0.003542
0.007292
0.002083
0.002847
0.002569
0.004444
0.002083
0.003750
0.003125
0.003681
0.008333
0.006528
0.003056
0.002708
0.002778
0.000694
0.003403
0.006111
0.002431
0.001667
0.001181
0.009444
0.002847
0.005694
0.002917
0.002014
0.004097
0.002014
0.002639
0.002292
0.001597
0.001667
0.005486
0.009097
0.000903
0.002153
0.001944
0.002222
0.002361
0.007986
0.001250
0.003125
0.007778
0.002361
0.001528
0.004236
0.007292
0.002153
0.004097
0.004514
0.001944
0.002639
0.006042
0.003194
0.002292
0.004722
0.002431
0.002708
0.005903
0.001389
0.001389
0.002500
0.002083
0.002153
0.010069
0.006875
0.001389
0.002500
0.001806
0.001528
0.002153
0.005347
0.001319
0.003542
0.009653
0.004236
0.002708
0.002222
0.002778
0.002153
0.006181
0.005069
0.002569
0.002708
0.001181
0.001458
0.003333
0.008333
0.001528
0.002222
0.006458
0.005139
0.001528
0.003125
0.002569
0.001319
0.004722
0.003958
0.001875
0.001736
0.003472
0.001667
0.002847
0.005833
0.000764
0.003264
0.004236
