0.068750
0.001042
0.003333
0.004306
0.001458
0.003542
0.015417
0.007222
0.001667
0.001944
0.004028
0.003472
0.001458
0.002361
0.004931
0.013542
0.004931
0.002917
0.002778
0.004931
0.002153
0.001667
0.011667
0.005486
0.001806
0.005417
0.004653
0.003819
0.002639
0.002014
0.004028
0.005833
0.003264
0.001319
0.002778
0.004722
0.002083
0.002986
0.007014
0.004306
0.002639
0.005417
0.004792
0.002986
0.003819
0.002083
0.003472
0.002986
0.003125
0.001667
0.002986
0.002917
0.003819
0.002500
0.015833
0.004097
0.001944
0.002778
0.003889
0.002708
0.010486
0.001736
0.004722
0.002361
0.004514
0.000694
0.003958
0.003125
0.001944
0.006528
0.003125
0.005903
0.002083
0.003611
0.005417
0.003125
0.001528
0.002292
0.004028
0.005417
0.002986
0.002153
0.002153
0.004306
0.002014
0.012847
0.004028
0.005417
0.001528
0.003611
0.003333
0.003889
0.001458
0.003819
0.003056
0.010069
0.002569
0.001319
0.002500
0.001528
0.002222
0.010556
0.003750
0.003542
0.001806
0.001806
0.003403
0.002500
0.009583
0.003056
0.002708
0.002917
0.004306
0.001667
0.002153
0.006319
0.002986
0.004583
0.002917
0.004097
0.001250
0.003264
0.005278
0.002292
0.006667
0.001944
0.002431
0.002986
0.001736
0.000972
0.002639
0.004306
0.001736
0.005278
0.008958
0.003681
0.001736
0.001944
0.003264
0.003264
0.004375
0.001736
0.002569
0.007153
0.001111
0.003611
0.002847
0.009792
0.001944
0.004514
0.007778
0.004236
0.001597
0.003611
0.007083
0.003333
0.002639
0.001667
0.003819
0.005972
0.004097
0.002917
0.001944
0.002222
0.000833
0.002639
0.005278
0.003611
0.002500
0.002639
0.007778
0.003611
0.003333
0.002292
0.002778
0.005000
0.001597
0.002917
0.002153
0.001806
0.001458
0.004861
0.007222
0.002778
0.001389
0.002847
0.002361
0.002917
0.005833
0.001389
0.003889
0.004583
0.002222
0.001389
0.004236
0.005069
0.002014
0.004792
0.004931
0.003958
0.003611
0.006597
0.003681
0.003264
0.003611
0.001528
0.003333
0.005278
0.001042
0.001875
0.002569
0.002083
0.002083
0.007639
0.006528
0.002639
0.002431
0.001806
0.002847
0.002986
0.004861
0.002361
0.002917
0.006181
0.002153
0.000833
0.003681
0.001250
0.001875
0.005139
0.005278
0.003681
0.001736
0.001181
0.003125
0.002639
0.005417
0.001528
0.002778
0.006528
0.006389
0.002639
0.002361
0.002569
0.001458
0.003819
0.003611
0.002708
0.001042
0.005000
0.002639
0.002500
0.005625
0.001597
0.002569
0.003611
