0.071944
0.001389
0.002500
0.001736
0.002778
0.002639
0.013264
0.004375
0.000972
0.002153
0.003403
0.001528
0.001944
0.006042
0.003333
0.009167
0.005000
0.002986
0.001736
0.004653
0.001806
0.002639
0.007222
0.003194
0.002778
0.004653
0.005625
0.001319
0.001111
0.002431
0.003819
0.007569
0.004792
0.001458
0.002083
0.003958
0.006181
0.001806
0.006319
0.002292
0.002083
0.004236
0.005000
0.001875
0.010278
0.002292
0.005208
0.001944
0.002917
0.002292
0.002708
0.002986
0.005069
0.002917
0.012500
0.004306
0.002778
0.001389
0.005625
0.001806
0.014306
0.002500
0.001806
0.002083
0.005278
0.002292
0.002222
0.004722
0.002083
0.012431
0.003056
0.002847
0.002083
0.002917
0.004444
0.000972
0.001875
0.007222
0.001736
0.004028
0.001389
0.004097
0.002500
0.001736
0.003056
0.014236
0.001944
0.004028
0.001250
0.005069
0.002431
0.002708
0.002569
0.005139
0.002431
0.011458
0.003889
0.003194
0.001944
0.003542
0.003819
0.013681
0.002639
0.003819
0.002222
0.002708
0.002153
0.001528
0.015625
0.005764
0.003333
0.002083
0.004514
0.003125
0.002847
0.002847
0.003958
0.005833
0.001597
0.002500
0.002153
0.004097
0.006042
0.002431
0.008611
0.004514
0.002569
0.001806
0.000694
0.001944
0.001319
0.003681
0.001389
0.005347
0.007708
0.001597
0.001458
0.002083
0.002500
0.001597
0.005278
0.003056
0.002500
0.006875
0.001250
0.003681
0.001528
0.006111
0.002639
0.003958
0.005833
0.001458
0.001875
0.002986
0.006597
0.002014
0.003056
0.002431
0.003472
0.004583
0.006181
0.001597
0.002153
0.001736
0.004375
0.003333
0.008333
0.002014
0.001944
0.001458
0.008333
0.002778
0.006875
0.001250
0.002083
0.003889
0.002917
0.001667
0.002639
0.001250
0.003958
0.004583
0.007292
0.002153
0.001597
0.001319
0.002292
0.002153
0.006111
0.001806
0.002847
0.004306
0.001458
0.002083
0.002083
0.005486
0.001250
0.007222
0.003611
0.001597
0.002431
0.007083
0.001181
0.002153
0.002986
0.003958
0.002431
0.004653
0.000694
0.002431
0.001597
0.002569
0.002361
0.006736
0.005625
0.001806
0.001667
0.003125
0.001181
0.002431
0.006458
0.003681
0.001875
0.006944
0.003333
0.001944
0.001250
0.001458
0.003194
0.009375
0.007083
0.001806
0.002361
0.002014
0.001111
0.002083
0.007222
0.004167
0.002708
0.004097
0.006667
0.002153
0.003194
0.001944
0.003542
0.003542
0.004444
0.003333
0.002222
0.004861
0.002292
0.003681
0.005625
0.003125
0.001458
0.005000
