0.065972
0.001458
0.001944
0.002917
0.002361
0.001806
0.009792
0.006111
0.001597
0.001181
0.002847
0.003958
0.003264
0.002222
0.003264
0.013194
0.004931
0.002222
0.002292
0.006597
0.002153
0.001944
0.007431
0.005347
0.002153
0.004236
0.004722
0.002708
0.002222
0.002014
0.004583
0.010347
0.005486
0.002153
0.002083
0.002917
0.002569
0.001875
0.005556
0.003472
0.001597
0.003819
0.004028
0.002917
0.006181
0.001458
0.004375
0.002639
0.004931
0.001250
0.003125
0.003056
0.005347
0.002083
0.010069
0.003889
0.001458
0.000625
0.002361
0.002222
0.012986
0.002500
0.003889
0.002847
0.004861
0.002153
0.002500
0.004236
0.001667
0.005556
0.001944
0.005625
0.002014
0.004236
0.004722
0.003542
0.002292
0.004583
0.002153
0.011458
0.001944
0.001806
0.002153
0.003819
0.002431
0.011528
0.002083
0.005903
0.000764
0.002708
0.002014
0.004444
0.003542
0.004236
0.002917
0.015694
0.005556
0.002222
0.001944
0.002569
0.002361
0.009653
0.003056
0.002778
0.001528
0.003264
0.002778
0.001667
0.012847
0.003333
0.003056
0.003056
0.004167
0.001806
0.002708
0.005903
0.005764
0.007153
0.001875
0.002500
0.000764
0.004583
0.005972
0.003403
0.008264
0.005347
0.003125
0.002569
0.001389
0.000903
0.003125
0.003403
0.001250
0.004236
0.007778
0.004653
0.001181
0.000347
0.001806
0.004028
0.005694
0.001528
0.002083
0.010625
0.002569
0.002639
0.002083
0.009028
0.002431
0.002569
0.005417
0.002708
0.003264
0.001319
0.005417
0.002847
0.004444
0.001944
0.002014
0.006319
0.005000
0.002847
0.001458
0.002222
0.001667
0.002292
0.006389
0.003681
0.002778
0.001806
0.006042
0.003750
0.005833
0.002083
0.002847
0.004444
0.001597
0.000833
0.002917
0.001528
0.003333
0.004514
0.006042
0.002569
0.001667
0.000625
0.002153
0.001944
0.008611
0.001944
0.002083
0.003472
0.002153
0.002153
0.003611
0.004792
0.001667
0.006458
0.002847
0.003264
0.002639
0.006875
0.001667
0.002361
0.002708
0.002292
0.002500
0.008611
0.000764
0.002431
0.002014
0.003750
0.001597
0.007083
0.004931
0.003958
0.001250
0.001042
0.001111
0.003681
0.004931
0.001875
0.002083
0.010972
0.004653
0.002500
0.002014
0.001181
0.001736
0.006736
0.006111
0.002292
0.002153
0.002569
0.001042
0.001944
0.006875
0.001458
0.002222
0.006319
0.005417
0.002014
0.002708
0.002569
0.003333
0.006667
0.003889
0.003333
0.000347
0.006597
0.002083
0.004931
0.007778
0.002569
0.003542
0.003681
