0.055556
0.001042
0.002431
0.003542
0.003056
0.003194
0.010903
0.004792
0.001944
0.000486
0.003333
0.002083
0.003472
0.003681
0.004514
0.010486
0.005625
0.003542
0.002500
0.006458
0.003125
0.001736
0.004861
0.005000
0.003542
0.003750
0.004653
0.002153
0.002778
0.001458
0.004028
0.012708
0.004097
0.001944
0.001458
0.003889
0.004236
0.001944
0.006458
0.003542
0.002500
0.004236
0.004097
0.001667
0.008472
0.002083
0.004861
0.003056
0.004583
0.001319
0.002431
0.002569
0.006181
0.001111
0.009514
0.003125
0.003125
0.001944
0.004375
0.001528
0.010208
0.001389
0.004028
0.002847
0.005556
0.001528
0.002708
0.004167
0.002569
0.006181
0.002153
0.005972
0.002153
0.002986
0.003819
0.001389
0.001597
0.004722
0.002847
0.007917
0.002639
0.002917
0.001528
0.006319
0.003194
0.009306
0.002014
0.005278
0.002083
0.002708
0.002014
0.003472
0.002639
0.002778
0.002917
0.010972
0.003819
0.002153
0.002917
0.002986
0.006042
0.007639
0.002500
0.004306
0.003264
0.002153
0.002361
0.001875
0.012639
0.004514
0.003125
0.004167
0.006181
0.003194
0.002569
0.004792
0.006111
0.006111
0.002431
0.002361
0.003264
0.002917
0.005486
0.003333
0.008542
0.002639
0.002083
0.002917
0.001667
0.001319
0.002292
0.002847
0.002431
0.003333
0.008333
0.002986
0.001736
0.000833
0.002222
0.002917
0.006806
0.001667
0.003125
0.009931
0.003194
0.003125
0.001944
0.005694
0.003056
0.001736
0.005556
0.001944
0.004375
0.002500
0.007153
0.003333
0.004583
0.002083
0.003611
0.008750
0.006181
0.001806
0.001667
0.002153
0.003542
0.003542
0.006181
0.001736
0.001944
0.000972
0.005833
0.003750
0.007917
0.002500
0.003333
0.004444
0.003056
0.001597
0.002639
0.002014
0.002847
0.004097
0.005486
0.002361
0.003403
0.000833
0.003611
0.002708
0.008472
0.001458
0.003472
0.004444
0.001528
0.001042
0.002778
0.004931
0.002431
0.005764
0.004236
0.003056
0.003264
0.005625
0.001458
0.001944
0.003333
0.002083
0.002222
0.007569
0.002014
0.003750
0.000972
0.002778
0.001875
0.005278
0.004653
0.002153
0.001667
0.001806
0.001667
0.004028
0.006528
0.002292
0.002014
0.008542
0.004306
0.001111
0.001875
0.001806
0.003958
0.007083
0.006319
0.002361
0.003958
0.000694
0.001181
0.001458
0.008264
0.003056
0.002361
0.005833
0.007431
0.001944
0.003125
0.003819
0.003125
0.004792
0.003472
0.001736
0.003056
0.003819
0.002778
0.004375
0.007847
0.001389
0.002014
0.003611
