0.048056
0.000764
0.002500
0.005625
0.003819
0.002639
0.008194
0.004514
0.000486
0.002639
0.002292
0.003056
0.002222
0.004861
0.001806
0.008681
0.003125
0.002361
0.002986
0.004931
0.002083
0.002917
0.008194
0.006389
0.001736
0.006042
0.003750
0.001181
0.002153
0.002917
0.006181
0.010208
0.005000
0.001458
0.002778
0.003819
0.004097
0.001944
0.006111
0.003264
0.002569
0.004444
0.004514
0.002222
0.007847
0.003264
0.003611
0.002222
0.003333
0.001458
0.002014
0.002847
0.005139
0.003056
0.011389
0.003611
0.002361
0.001736
0.003472
0.001111
0.012778
0.003819
0.004236
0.003889
0.005000
0.002778
0.002222
0.005347
0.001806
0.011458
0.001597
0.006667
0.001389
0.005972
0.004653
0.003750
0.001806
0.007986
0.002083
0.008125
0.002222
0.002986
0.001736
0.005833
0.004236
0.014028
0.001528
0.005139
0.000972
0.006250
0.001319
0.002986
0.004028
0.005417
0.002708
0.011528
0.004375
0.002500
0.001042
0.002778
0.003403
0.011597
0.002361
0.003819
0.002778
0.006597
0.001736
0.000972
0.010486
0.006181
0.002292
0.003194
0.005278
0.003681
0.001944
0.004861
0.006736
0.010556
0.002083
0.003472
0.001181
0.005764
0.004097
0.001667
0.009028
0.005486
0.002292
0.001667
0.001111
0.001597
0.001458
0.004028
0.002778
0.005764
0.004861
0.002292
0.000972
0.001458
0.001875
0.002153
0.002917
0.002361
0.001806
0.007222
0.001250
0.003819
0.001389
0.005139
0.001042
0.003056
0.006111
0.002639
0.003125
0.002500
0.005694
0.001667
0.002500
0.001667
0.003889
0.007361
0.005903
0.002083
0.002778
0.001667
0.002847
0.002847
0.005000
0.002222
0.002292
0.002639
0.009097
0.002083
0.004653
0.002222
0.002847
0.002847
0.001667
0.002014
0.000694
0.001597
0.001736
0.005694
0.005764
0.001736
0.002014
0.001458
0.001597
0.002014
0.009236
0.001389
0.002153
0.005069
0.003681
0.002986
0.001667
0.006458
0.001319
0.011111
0.001944
0.002083
0.002083
0.009514
0.001389
0.002361
0.003194
0.004097
0.001250
0.007500
0.001389
0.003542
0.001111
0.003264
0.001458
0.008125
0.004861
0.002778
0.001389
0.003472
0.001597
0.003125
0.005417
0.003403
0.001806
0.007361
0.004444
0.002986
0.001250
0.001181
0.002083
0.007847
0.004722
0.002222
0.002708
0.005417
0.000972
0.001319
0.006458
0.003681
0.001111
0.006597
0.004375
0.001944
0.001528
0.002222
0.003056
0.008333
0.001806
0.002083
0.001597
0.007222
0.002569
0.002083
0.007986
0.002361
0.002083
0.003472
