0.067986
0.000764
0.000903
0.002292
0.002292
0.000972
0.009653
0.002083
0.001319
0.001806
0.004375
0.001667
0.001458
0.002778
0.003750
0.016181
0.003056
0.000625
0.001042
0.003056
0.001389
0.002014
0.018681
0.003750
0.001250
0.001319
0.004583
0.000972
0.001736
0.002361
0.005972
0.005972
0.007222
0.003056
0.001111
0.002708
0.005764
0.001667
0.007292
0.001181
0.004306
0.006042
0.006111
0.001319
0.007986
0.003264
0.004306
0.001111
0.004167
0.001319
0.002222
0.001181
0.004514
0.003819
0.018125
0.002083
0.002639
0.002986
0.005833
0.000347
0.013056
0.005625
0.006319
0.002778
0.006528
0.004236
0.001528
0.002986
0.002153
0.004653
0.000833
0.003056
0.002014
0.008542
0.006181
0.000833
0.002153
0.005347
0.001806
0.017153
0.002083
0.001389
0.000486
0.001736
0.003056
0.012778
0.003750
0.002917
0.001111
0.003958
0.001250
0.001319
0.003889
0.006528
0.002431
0.006667
0.005417
0.004444
0.000556
0.001250
0.005833
0.006250
0.002222
0.001181
0.005278
0.011111
0.001944
0.000556
0.011319
0.004514
0.002986
0.002431
0.006875
0.000972
0.000903
0.001597
0.007708
0.015069
0.001806
0.000903
0.001597
0.004167
0.002708
0.001042
0.017639
0.011458
0.002083
0.000694
0.001042
0.000694
0.001319
0.003194
0.001250
0.001528
0.005347
0.001111
0.000903
0.000625
0.003125
0.002500
0.004028
0.001111
0.001736
0.002153
0.002569
0.002222
0.000903
0.011597
0.001250
0.002292
0.007917
0.003472
0.001319
0.000764
0.004583
0.001389
0.000903
0.001458
0.001319
0.003264
0.010764
0.003750
0.001111
0.002431
0.003403
0.002153
0.008194
0.000833
0.002986
0.002639
0.012153
0.002153
0.006597
0.001875
0.001319
0.001042
0.004028
0.001250
0.001528
0.000625
0.003819
0.009167
0.009583
0.000833
0.002639
0.000972
0.001944
0.000625
0.007431
0.003194
0.000486
0.002014
0.003819
0.004444
0.001111
0.002500
0.001181
0.004236
0.002292
0.001667
0.003403
0.005903
0.002361
0.001111
0.001944
0.002569
0.001389
0.002639
0.001319
0.002569
0.001806
0.012500
0.002083
0.010833
0.006875
0.002431
0.001528
0.002222
0.000694
0.001111
0.007153
0.003819
0.000347
0.004236
0.005625
0.007361
0.000486
0.000833
0.003194
0.005000
0.004792
0.001181
0.005625
0.005000
0.000694
0.001111
0.006528
0.001667
0.000764
0.001319
0.007222
0.002639
0.000903
0.002222
0.002986
0.017153
0.003125
0.000694
0.004444
0.002222
0.001042
0.001111
0.011111
0.004236
0.000347
0.001458
