0.073194
0.002153
0.003264
0.005764
0.002431
0.001597
0.010833
0.002847
0.001319
0.001875
0.003194
0.002847
0.002639
0.002847
0.003889
0.014375
0.005347
0.002639
0.001736
0.004236
0.002708
0.001042
0.005486
0.003472
0.003333
0.004861
0.003403
0.001875
0.003750
0.003056
0.003194
0.005278
0.003194
0.001806
0.002153
0.005972
0.003542
0.002014
0.005972
0.001667
0.002361
0.005069
0.006111
0.002431
0.008681
0.003056
0.002917
0.003611
0.003611
0.001528
0.002986
0.002500
0.003889
0.003125
0.010417
0.002778
0.003264
0.002500
0.003056
0.001875
0.011042
0.001389
0.004236
0.003681
0.003611
0.001667
0.002153
0.006319
0.002639
0.005903
0.001875
0.002778
0.002292
0.004653
0.006250
0.002569
0.002847
0.003403
0.002361
0.007292
0.002500
0.002431
0.001389
0.005208
0.002778
0.011597
0.003264
0.003958
0.002639
0.002847
0.002222
0.002569
0.002639
0.004236
0.002917
0.013750
0.003750
0.002292
0.001181
0.002708
0.003958
0.010764
0.001736
0.001875
0.002778
0.003125
0.003264
0.002153
0.017569
0.004375
0.001806
0.004028
0.003750
0.001736
0.001736
0.005764
0.003472
0.004931
0.002431
0.002431
0.002083
0.004514
0.004514
0.001528
0.007222
0.002847
0.002361
0.002639
0.002083
0.001875
0.002500
0.004306
0.002361
0.005625
0.006389
0.001806
0.002917
0.001458
0.001667
0.002292
0.005694
0.001736
0.002569
0.009444
0.002361
0.004583
0.000972
0.006736
0.003056
0.002986
0.006389
0.002014
0.003472
0.001944
0.004792
0.001806
0.004097
0.001389
0.002292
0.005347
0.005347
0.002847
0.002361
0.002986
0.002292
0.002986
0.004861
0.002361
0.002153
0.002153
0.007986
0.002361
0.004792
0.002014
0.001042
0.004514
0.001806
0.002222
0.002500
0.002292
0.002083
0.006111
0.009514
0.002083
0.001806
0.001458
0.001944
0.001806
0.008958
0.001181
0.003333
0.006806
0.001944
0.002153
0.004097
0.007292
0.002500
0.005417
0.003611
0.002014
0.003125
0.007847
0.002917
0.002361
0.004931
0.002222
0.001597
0.006458
0.001875
0.002917
0.002083
0.002986
0.002014
0.006389
0.008264
0.002083
0.002500
0.002431
0.001458
0.002708
0.003611
0.002917
0.002292
0.009931
0.004931
0.001319
0.002500
0.002917
0.003472
0.007847
0.003958
0.001944
0.002292
0.002153
0.001806
0.002569
0.009722
0.002153
0.001389
0.006458
0.005833
0.002083
0.001944
0.001806
0.001458
0.004306
0.004653
0.002222
0.001944
0.003681
0.001528
0.003542
0.003889
0.002153
0.001736
0.005139
