0.065556
0.001806
0.003958
0.003333
0.001528
0.002569
0.010417
0.003472
0.001181
0.002847
0.003681
0.001944
0.002153
0.002917
0.004722
0.009931
0.002847
0.002361
0.001528
0.005694
0.002431
0.003264
0.007431
0.004722
0.002153
0.004792
0.004653
0.001528
0.001458
0.002917
0.004306
0.007500
0.005417
0.002639
0.001875
0.005625
0.002778
0.001944
0.005069
0.002014
0.002292
0.004306
0.005208
0.003264
0.004167
0.004583
0.003264
0.001875
0.002083
0.002431
0.002153
0.002569
0.004306
0.003333
0.012361
0.003889
0.001667
0.003472
0.003542
0.001389
0.010764
0.003889
0.004653
0.002153
0.003472
0.003958
0.002361
0.006181
0.002222
0.008681
0.002153
0.005694
0.002083
0.007153
0.005694
0.003056
0.001875
0.007222
0.002083
0.006597
0.002014
0.003403
0.001528
0.004861
0.002778
0.011736
0.003333
0.004306
0.000903
0.004792
0.001944
0.003125
0.002153
0.004861
0.003264
0.010556
0.003889
0.003681
0.001111
0.003542
0.003472
0.010556
0.001944
0.003472
0.002083
0.005417
0.002361
0.001667
0.009306
0.004861
0.002153
0.003403
0.003333
0.003889
0.002639
0.004236
0.004167
0.006528
0.002292
0.002917
0.001667
0.007569
0.004375
0.002222
0.005903
0.004792
0.003264
0.001667
0.001319
0.002153
0.003403
0.002431
0.000694
0.004306
0.007917
0.002708
0.000764
0.001944
0.002292
0.002292
0.003819
0.002847
0.004306
0.005903
0.001944
0.003056
0.002222
0.006806
0.001528
0.003750
0.004653
0.003403
0.002153
0.001944
0.005417
0.002639
0.003125
0.001806
0.002917
0.005833
0.005139
0.003403
0.001944
0.001458
0.002639
0.004097
0.005347
0.001667
0.001875
0.002778
0.009583
0.002708
0.003819
0.002500
0.002639
0.003681
0.001042
0.002292
0.001319
0.001875
0.002639
0.007222
0.006597
0.002917
0.001528
0.001528
0.001597
0.001875
0.005694
0.002292
0.003819
0.005556
0.001319
0.002847
0.003125
0.006597
0.001389
0.007708
0.002639
0.002917
0.002361
0.008472
0.002708
0.002083
0.002292
0.005347
0.002431
0.006181
0.000556
0.003472
0.001319
0.002847
0.001944
0.007500
0.006181
0.002083
0.000903
0.004097
0.001806
0.003750
0.005208
0.004375
0.003333
0.007083
0.003542
0.002917
0.001528
0.001319
0.002639
0.006736
0.005694
0.001458
0.003264
0.002778
0.002014
0.002292
0.005903
0.003958
0.001181
0.005903
0.003958
0.003542
0.001806
0.002153
0.003611
0.007847
0.003403
0.002431
0.000903
0.006667
0.002431
0.002708
0.006042
0.005139
0.002986
0.004028
