0.068194
0.001389
0.002917
0.005278
0.004097
0.004514
0.008958
0.003819
0.001319
0.002708
0.003125
0.002639
0.003056
0.004931
0.003333
0.012431
0.004722
0.002569
0.001736
0.005208
0.002014
0.001806
0.005972
0.007153
0.002569
0.005833
0.004861
0.002153
0.002778
0.002917
0.004306
0.007986
0.004236
0.001667
0.002153
0.005625
0.004097
0.002639
0.004514
0.002083
0.002917
0.004028
0.003958
0.002153
0.007917
0.002431
0.003056
0.002222
0.003264
0.001944
0.001111
0.002083
0.004653
0.001806
0.011319
0.003750
0.002500
0.002222
0.002569
0.001806
0.012639
0.002639
0.003472
0.002361
0.003958
0.002569
0.001944
0.007222
0.002222
0.010000
0.001597
0.003472
0.002083
0.005278
0.004861
0.002014
0.003611
0.006875
0.001458
0.008681
0.002083
0.003681
0.000972
0.005000
0.001944
0.010833
0.001458
0.005833
0.002014
0.004653
0.001181
0.002569
0.001667
0.004931
0.002917
0.012361
0.002847
0.002153
0.001042
0.003264
0.004792
0.010417
0.001528
0.002222
0.003750
0.003056
0.000903
0.001458
0.011528
0.004931
0.002500
0.002639
0.004722
0.001806
0.002014
0.005694
0.005069
0.004583
0.001111
0.003194
0.002917
0.006181
0.003750
0.002500
0.008333
0.004931
0.001389
0.002153
0.000694
0.001875
0.001389
0.004653
0.002222
0.007014
0.006319
0.002986
0.001667
0.001319
0.001806
0.003333
0.005486
0.002778
0.002847
0.008125
0.002500
0.003958
0.002292
0.006250
0.002083
0.003056
0.005139
0.003472
0.004306
0.002986
0.005764
0.002222
0.003264
0.003472
0.001667
0.007153
0.004653
0.002222
0.001806
0.002639
0.002847
0.003056
0.004306
0.002014
0.002917
0.001528
0.006736
0.004236
0.006319
0.002222
0.001875
0.002847
0.001597
0.001806
0.001111
0.001042
0.002986
0.004931
0.005833
0.002153
0.003333
0.001458
0.001458
0.001458
0.009444
0.001667
0.001736
0.005694
0.001944
0.002500
0.002639
0.007222
0.002431
0.008681
0.002639
0.002361
0.003611
0.005417
0.001667
0.002917
0.004375
0.004097
0.002083
0.007014
0.001458
0.004444
0.000833
0.002639
0.001389
0.008056
0.005347
0.002847
0.001528
0.002986
0.000417
0.003056
0.003750
0.003472
0.001806
0.009931
0.003542
0.002917
0.000486
0.002292
0.003472
0.008819
0.003681
0.001944
0.002778
0.002083
0.000486
0.001597
0.007917
0.002500
0.001597
0.005625
0.006042
0.002083
0.001528
0.003056
0.003750
0.004444
0.002639
0.002083
0.002083
0.007500
0.001528
0.003889
0.005139
0.002361
0.001181
0.004931
