0.061667
0.001667
0.001806
0.003889
0.002569
0.001875
0.009931
0.002917
0.002361
0.002153
0.003194
0.002569
0.003958
0.002778
0.002708
0.011181
0.006667
0.001944
0.002292
0.005625
0.003264
0.002292
0.005625
0.003403
0.002569
0.004097
0.004931
0.001042
0.003264
0.001944
0.004861
0.005486
0.008611
0.001806
0.001944
0.005625
0.002847
0.002500
0.006250
0.002153
0.003681
0.004861
0.004236
0.001944
0.008333
0.001250
0.003194
0.001875
0.004306
0.001181
0.003333
0.003333
0.004931
0.003542
0.010625
0.002708
0.003403
0.002222
0.003333
0.001597
0.014861
0.001944
0.004028
0.003958
0.006458
0.001875
0.002431
0.005486
0.002708
0.006667
0.001736
0.002431
0.002986
0.005139
0.004861
0.002014
0.003056
0.004583
0.001944
0.007986
0.004306
0.002083
0.001458
0.002917
0.002431
0.013472
0.003542
0.002361
0.002083
0.002917
0.002569
0.001458
0.002778
0.002917
0.002778
0.012292
0.004653
0.002083
0.002708
0.002708
0.003403
0.010764
0.002431
0.002917
0.004097
0.004444
0.002361
0.001667
0.014792
0.003819
0.002778
0.002847
0.006944
0.001875
0.002778
0.005139
0.004306
0.006944
0.002222
0.002292
0.001736
0.003958
0.003819
0.001528
0.010556
0.002431
0.001944
0.002292
0.001806
0.001597
0.002778
0.005069
0.002431
0.005000
0.006944
0.001736
0.003194
0.001806
0.003264
0.002917
0.007292
0.001389
0.002986
0.007361
0.002708
0.002847
0.002222
0.006944
0.002500
0.002500
0.003958
0.001875
0.002778
0.002292
0.005972
0.001806
0.003264
0.001111
0.003125
0.005278
0.008611
0.001667
0.001875
0.002292
0.001875
0.002917
0.004375
0.001389
0.003819
0.002639
0.008681
0.002431
0.006111
0.001319
0.002986
0.003681
0.003819
0.001458
0.001875
0.001667
0.002708
0.005625
0.007431
0.002431
0.003681
0.001597
0.002292
0.001458
0.009236
0.001597
0.003264
0.006944
0.002361
0.001806
0.002917
0.006389
0.002014
0.006042
0.002569
0.002708
0.003681
0.006667
0.002847
0.002222
0.004097
0.002292
0.001875
0.004722
0.002292
0.001250
0.001458
0.001736
0.001528
0.007083
0.005833
0.002431
0.002569
0.001944
0.001736
0.001736
0.006528
0.002014
0.001458
0.007153
0.005208
0.002778
0.001944
0.001528
0.001875
0.006736
0.004028
0.001597
0.004236
0.002431
0.002639
0.001806
0.009514
0.001806
0.001597
0.006806
0.008750
0.001389
0.002222
0.001875
0.003403
0.004931
0.003542
0.002222
0.002500
0.005556
0.001944
0.001944
0.007153
0.002014
0.003264
0.003403
