0.042292
0.001389
0.002153
0.003750
0.001667
0.004236
0.014375
0.005069
0.001181
0.001944
0.004514
0.001458
0.001736
0.003125
0.005000
0.015625
0.006250
0.001319
0.002014
0.005833
0.001389
0.001389
0.007083
0.003611
0.000972
0.005000
0.006944
0.001806
0.000764
0.001875
0.003958
0.010903
0.002500
0.001319
0.002500
0.003889
0.003333
0.002083
0.011458
0.002292
0.001111
0.004167
0.005208
0.001042
0.006528
0.001319
0.006528
0.002083
0.003681
0.000972
0.004028
0.002500
0.002222
0.002569
0.015972
0.002083
0.002361
0.002014
0.006458
0.001458
0.008264
0.002847
0.006597
0.004028
0.003125
0.002917
0.000278
0.004028
0.001667
0.024375
0.002778
0.007847
0.001458
0.006875
0.004653
0.000903
0.000833
0.009653
0.002431
0.013264
0.001528
0.002917
0.000972
0.005278
0.002292
0.019375
0.002153
0.002708
0.001319
0.006250
0.002292
0.002917
0.001319
0.005139
0.001389
0.015139
0.002708
0.002292
0.000972
0.001875
0.004861
0.020486
0.003889
0.003264
0.002431
0.004236
0.000903
0.001389
0.015556
0.006528
0.003333
0.003819
0.003750
0.001319
0.001042
0.004375
0.004583
0.011250
0.002292
0.002153
0.001528
0.005208
0.004236
0.001458
0.005069
0.006528
0.001667
0.001042
0.000903
0.001667
0.001319
0.003194
0.001250
0.005417
0.007639
0.002083
0.001389
0.001181
0.003611
0.000625
0.006875
0.001875
0.002292
0.007708
0.002500
0.002153
0.002014
0.006806
0.001389
0.002847
0.004792
0.002014
0.001736
0.001806
0.007083
0.002639
0.002847
0.001389
0.003056
0.007639
0.003611
0.002083
0.001528
0.001250
0.002153
0.002292
0.009792
0.001250
0.001250
0.001667
0.007292
0.001181
0.005556
0.001458
0.004653
0.002986
0.002361
0.001389
0.004583
0.001319
0.001667
0.004236
0.008125
0.001319
0.001667
0.001042
0.006181
0.001806
0.005278
0.001458
0.003681
0.003542
0.001528
0.001458
0.001042
0.004306
0.001389
0.014722
0.002292
0.003750
0.001667
0.007917
0.001389
0.000903
0.001597
0.005972
0.001111
0.007917
0.001319
0.002917
0.001528
0.003542
0.001667
0.009722
0.004028
0.002639
0.001181
0.004583
0.000833
0.003056
0.003403
0.003681
0.001528
0.007292
0.003125
0.002500
0.001319
0.000833
0.002153
0.010000
0.005556
0.001944
0.001944
0.002569
0.000903
0.001319
0.007361
0.002431
0.002083
0.004653
0.006181
0.000694
0.002083
0.001458
0.003056
0.007639
0.002153
0.001458
0.001319
0.006042
0.001597
0.001458
0.002778
0.003125
0.001597
0.001250
