0.075486
0.002500
0.001528
0.003264
0.003125
0.004514
0.012569
0.004653
0.001528
0.002986
0.003264
0.003403
0.002569
0.004375
0.005625
0.011458
0.004931
0.002292
0.002361
0.003889
0.002292
0.002847
0.005833
0.007292
0.002639
0.006181
0.005833
0.002361
0.001806
0.002708
0.004375
0.005208
0.005208
0.001806
0.001250
0.004167
0.005208
0.003125
0.008264
0.002500
0.001806
0.004236
0.004306
0.001389
0.007708
0.001736
0.005972
0.002569
0.002569
0.001806
0.001111
0.001736
0.002917
0.003056
0.011667
0.002292
0.003264
0.004514
0.004236
0.001875
0.008889
0.002778
0.003194
0.002153
0.004375
0.003194
0.001736
0.003194
0.002708
0.006944
0.002292
0.004583
0.002153
0.004653
0.004653
0.003403
0.002569
0.003194
0.003472
0.006528
0.001736
0.003194
0.001528
0.003403
0.003264
0.010347
0.002222
0.003958
0.001667
0.005417
0.001875
0.003472
0.002778
0.003681
0.001806
0.009931
0.003056
0.003056
0.000972
0.001736
0.005625
0.011181
0.002431
0.003958
0.001528
0.003194
0.000486
0.002639
0.010833
0.004583
0.003611
0.002847
0.004722
0.003403
0.002222
0.004583
0.003264
0.008403
0.001597
0.002222
0.003681
0.006528
0.005694
0.001875
0.005347
0.003611
0.002431
0.001806
0.001181
0.003125
0.002500
0.003056
0.002569
0.005972
0.007917
0.003750
0.000972
0.001806
0.002083
0.004028
0.004375
0.002986
0.003472
0.006597
0.001944
0.003542
0.002917
0.005625
0.001944
0.004028
0.005972
0.004167
0.003403
0.003750
0.008056
0.002222
0.003125
0.002153
0.002569
0.006806
0.005972
0.002500
0.001458
0.001528
0.003889
0.002986
0.005556
0.001875
0.002708
0.002708
0.008194
0.001667
0.004931
0.002708
0.003333
0.002569
0.002708
0.002292
0.002569
0.001319
0.002431
0.004653
0.006667
0.002083
0.002986
0.002292
0.002014
0.002431
0.006250
0.002847
0.001181
0.004792
0.001528
0.002708
0.001944
0.005486
0.001597
0.006875
0.003264
0.003611
0.003125
0.007986
0.000694
0.002083
0.002153
0.002708
0.001944
0.005556
0.001875
0.003333
0.001528
0.001597
0.002569
0.007083
0.005347
0.004444
0.002014
0.002153
0.001042
0.002014
0.004931
0.003056
0.001181
0.005486
0.002986
0.003611
0.001181
0.001389
0.002778
0.007500
0.006250
0.002778
0.001736
0.002847
0.000486
0.001944
0.006042
0.003958
0.001806
0.005903
0.005833
0.003125
0.003333
0.001597
0.002847
0.006042
0.002917
0.002847
0.002986
0.006528
0.001667
0.002083
0.004931
0.002153
0.001597
0.002639
