0.070347
0.002292
0.002778
0.003472
0.001181
0.002014
0.012917
0.006250
0.002292
0.001458
0.002708
0.002917
0.003264
0.001944
0.003819
0.013889
0.005556
0.004028
0.002222
0.004931
0.002639
0.002986
0.006181
0.004653
0.003403
0.004444
0.003056
0.002431
0.002639
0.001528
0.002639
0.007153
0.003333
0.003819
0.001181
0.005486
0.000972
0.001458
0.007292
0.004097
0.001875
0.004306
0.003403
0.003819
0.004653
0.002361
0.004028
0.003194
0.002778
0.001111
0.003333
0.003403
0.002500
0.002153
0.015139
0.004792
0.002431
0.002014
0.001875
0.002292
0.012500
0.002986
0.004236
0.002847
0.005069
0.001944
0.003750
0.003403
0.001875
0.005903
0.002639
0.004444
0.003472
0.003194
0.005069
0.002292
0.001389
0.002778
0.004375
0.009167
0.002153
0.002431
0.003472
0.004306
0.001458
0.014653
0.002847
0.004931
0.001875
0.001806
0.002569
0.002153
0.001389
0.004653
0.002014
0.013403
0.001667
0.001597
0.002222
0.002500
0.001667
0.012986
0.002500
0.005000
0.002639
0.002292
0.001944
0.002153
0.011389
0.003750
0.002917
0.004097
0.003264
0.002083
0.003264
0.005903
0.000972
0.007847
0.002014
0.003819
0.000625
0.003472
0.002014
0.004653
0.003889
0.003264
0.001667
0.002986
0.000833
0.001319
0.001458
0.003958
0.001250
0.004236
0.009444
0.003056
0.002569
0.001458
0.000833
0.001944
0.004722
0.001944
0.002569
0.009167
0.002292
0.003889
0.002361
0.006319
0.002986
0.004444
0.004583
0.002361
0.004931
0.001875
0.005000
0.002639
0.004097
0.002708
0.003403
0.005833
0.005417
0.004375
0.001042
0.003264
0.001111
0.004722
0.004583
0.003125
0.002292
0.002431
0.008333
0.003958
0.002847
0.003333
0.002569
0.005694
0.002361
0.001667
0.002292
0.001389
0.001458
0.004375
0.009514
0.002014
0.001319
0.001389
0.002569
0.002778
0.009236
0.001736
0.003403
0.006111
0.001736
0.001806
0.004236
0.005694
0.002083
0.004097
0.005278
0.002500
0.004375
0.007986
0.002708
0.002014
0.004514
0.002083
0.004514
0.006458
0.001597
0.001389
0.003194
0.002083
0.001806
0.010069
0.005208
0.002361
0.001250
0.001458
0.001806
0.002500
0.003889
0.002014
0.002639
0.011875
0.002500
0.001944
0.001875
0.001597
0.001181
0.007569
0.003611
0.002431
0.001181
0.002639
0.000764
0.002292
0.008194
0.002083
0.002222
0.004792
0.006111
0.001528
0.004722
0.003403
0.000764
0.005208
0.003611
0.002431
0.000625
0.007153
0.001736
0.006181
0.003542
0.002014
0.002708
0.005347
