0.063681
0.001528
0.002917
0.002500
0.002639
0.003819
0.009653
0.006736
0.001875
0.002639
0.002361
0.002847
0.002986
0.002917
0.005069
0.014444
0.004444
0.003333
0.002153
0.006458
0.002292
0.002639
0.007014
0.005000
0.002153
0.005486
0.003472
0.002847
0.000833
0.003403
0.003889
0.007778
0.003056
0.002153
0.001875
0.002569
0.002153
0.002986
0.006667
0.002778
0.001736
0.004931
0.003194
0.001667
0.006181
0.002431
0.003611
0.002569
0.002153
0.002222
0.003542
0.002569
0.003819
0.002917
0.011667
0.003472
0.001528
0.003542
0.003750
0.001806
0.012639
0.002847
0.004028
0.002500
0.004653
0.001806
0.002500
0.003542
0.002292
0.007639
0.002431
0.003264
0.002500
0.005069
0.004236
0.002708
0.002639
0.005278
0.004306
0.007361
0.001736
0.002292
0.002292
0.003958
0.002292
0.014306
0.002917
0.006250
0.001528
0.004375
0.003264
0.002292
0.001944
0.006319
0.002500
0.009722
0.003056
0.002778
0.001875
0.002778
0.002014
0.011875
0.002292
0.003681
0.002292
0.003403
0.002778
0.002083
0.010486
0.004097
0.002778
0.003750
0.003472
0.001806
0.003125
0.007917
0.002917
0.007292
0.002222
0.002431
0.001528
0.006319
0.004097
0.004236
0.009444
0.006111
0.002083
0.002569
0.001736
0.001875
0.002431
0.003542
0.002292
0.007083
0.005556
0.002917
0.001944
0.002500
0.001944
0.001319
0.004028
0.003125
0.003472
0.008194
0.002847
0.003194
0.001944
0.009444
0.002292
0.004722
0.003958
0.003264
0.003750
0.002431
0.004236
0.002292
0.003472
0.002639
0.002639
0.003611
0.005000
0.002986
0.002431
0.001667
0.001528
0.003611
0.005000
0.002500
0.001875
0.003056
0.006528
0.002500
0.004514
0.003264
0.001806
0.003958
0.001319
0.001806
0.003125
0.002083
0.001597
0.005347
0.007292
0.002847
0.001458
0.001944
0.002708
0.002639
0.006181
0.002986
0.002917
0.002431
0.003125
0.001319
0.003333
0.004861
0.002708
0.008750
0.003958
0.002639
0.003681
0.007361
0.002153
0.001250
0.002917
0.002917
0.002222
0.006181
0.001111
0.002639
0.002778
0.002917
0.000903
0.008056
0.003889
0.003125
0.002222
0.003889
0.002639
0.002083
0.004792
0.001875
0.001875
0.006736
0.002708
0.001528
0.001875
0.002083
0.002153
0.009306
0.003611
0.003333
0.001667
0.001667
0.001528
0.001875
0.005972
0.002778
0.002778
0.008472
0.005069
0.002292
0.003264
0.002639
0.000903
0.005833
0.004514
0.003125
0.001250
0.005972
0.003194
0.003611
0.004931
0.002986
0.002778
0.004653
