0.057708
0.000486
0.001875
0.001944
0.003125
0.003611
0.014514
0.005972
0.001042
0.002500
0.003681
0.002222
0.002014
0.004375
0.005417
0.015972
0.003611
0.001806
0.001389
0.005903
0.001389
0.001528
0.007847
0.004028
0.003056
0.005972
0.007500
0.004306
0.001319
0.001597
0.003264
0.008611
0.002708
0.000764
0.000833
0.003472
0.006528
0.002569
0.007986
0.002986
0.002222
0.002917
0.003681
0.000833
0.015417
0.002222
0.005139
0.002014
0.003750
0.000764
0.000833
0.000694
0.005833
0.001597
0.010139
0.001181
0.004375
0.003472
0.004097
0.001181
0.015347
0.002361
0.003542
0.000833
0.003194
0.000556
0.001250
0.003681
0.001875
0.014236
0.001597
0.007708
0.001389
0.004583
0.004583
0.000764
0.001944
0.006181
0.001389
0.008333
0.000625
0.003403
0.000972
0.002083
0.000694
0.009722
0.001528
0.003750
0.000903
0.004861
0.002847
0.006111
0.002083
0.003472
0.001806
0.011736
0.003056
0.001111
0.001250
0.000903
0.006181
0.017569
0.003056
0.005972
0.005278
0.003264
0.002569
0.000903
0.019931
0.006042
0.004861
0.002153
0.004444
0.001597
0.002361
0.004167
0.005972
0.007708
0.002014
0.001181
0.005764
0.007014
0.006042
0.001736
0.013403
0.004375
0.002361
0.001597
0.001111
0.000903
0.002292
0.003681
0.003194
0.007292
0.009722
0.004375
0.000278
0.002083
0.001736
0.001667
0.004792
0.002083
0.001458
0.007083
0.002153
0.005208
0.000833
0.006667
0.001319
0.003194
0.004861
0.003958
0.002986
0.003819
0.007083
0.002500
0.002153
0.001042
0.001667
0.002847
0.005208
0.002222
0.001528
0.000972
0.004097
0.003958
0.006389
0.002569
0.001736
0.001667
0.006597
0.001319
0.007569
0.001250
0.002778
0.002153
0.003125
0.001528
0.002708
0.000833
0.003056
0.005694
0.007292
0.001458
0.004306
0.001458
0.001597
0.001458
0.006736
0.001042
0.001736
0.003194
0.000972
0.000764
0.002083
0.004375
0.002083
0.009306
0.003333
0.001667
0.001111
0.005278
0.001528
0.000139
0.001458
0.001667
0.001528
0.004861
0.001389
0.003333
0.000903
0.002986
0.000903
0.007431
0.005069
0.001944
0.000694
0.004236
0.000556
0.005208
0.004028
0.000764
0.001736
0.004514
0.003889
0.001528
0.001111
0.000556
0.005972
0.011736
0.006875
0.002500
0.003681
0.002083
0.001736
0.000417
0.007431
0.001250
0.001667
0.004444
0.006806
0.002639
0.004375
0.002500
0.003819
0.006458
0.004097
0.001042
0.002917
0.007708
0.003889
0.003889
0.007639
0.001458
0.001389
0.001806
