0.054306
0.001458
0.004722
0.004722
0.001458
0.002847
0.012847
0.005347
0.001875
0.002639
0.005694
0.001875
0.002917
0.002083
0.003403
0.009861
0.006042
0.002431
0.001736
0.004236
0.001875
0.002639
0.010139
0.005486
0.002431
0.004306
0.004861
0.001250
0.001875
0.002083
0.004583
0.010278
0.003681
0.001944
0.003403
0.006042
0.002292
0.002847
0.006250
0.002222
0.001458
0.005069
0.006042
0.003125
0.005278
0.001944
0.003333
0.001736
0.002986
0.001667
0.003264
0.003403
0.003889
0.002847
0.018333
0.002917
0.001597
0.003403
0.004167
0.001181
0.012639
0.002222
0.004722
0.002569
0.003889
0.000903
0.003472
0.005417
0.002153
0.007153
0.002778
0.003681
0.002847
0.002708
0.006736
0.001875
0.001944
0.003819
0.002986
0.007708
0.003056
0.002569
0.001667
0.004097
0.002222
0.016181
0.002986
0.003750
0.001806
0.003264
0.002153
0.001319
0.003264
0.002917
0.002014
0.017222
0.002986
0.002500
0.002014
0.003125
0.002778
0.014028
0.001736
0.002917
0.002847
0.003264
0.002083
0.002361
0.014653
0.003681
0.002361
0.002361
0.003819
0.001736
0.003125
0.003958
0.003681
0.007569
0.002361
0.002222
0.001181
0.002778
0.004792
0.001944
0.008403
0.003611
0.003264
0.002153
0.001944
0.001944
0.003403
0.005972
0.001181
0.004097
0.007569
0.001736
0.003125
0.000903
0.004236
0.002431
0.004792
0.002292
0.002153
0.008472
0.002847
0.002917
0.001528
0.004028
0.002778
0.003194
0.006389
0.002014
0.003681
0.002014
0.005208
0.002292
0.004514
0.002639
0.002847
0.007153
0.005903
0.002778
0.001736
0.002431
0.001319
0.004028
0.005903
0.001875
0.001250
0.001597
0.010139
0.003264
0.004583
0.002500
0.002569
0.004514
0.002292
0.002847
0.002431
0.001597
0.001875
0.005139
0.008958
0.001111
0.001875
0.001875
0.001736
0.002569
0.008194
0.001736
0.004028
0.006181
0.002569
0.001250
0.003681
0.006458
0.001736
0.005278
0.004375
0.001597
0.002917
0.005486
0.002708
0.001875
0.004375
0.001319
0.002500
0.005625
0.001806
0.000972
0.002292
0.001944
0.002500
0.008611
0.007153
0.002083
0.002500
0.002222
0.002014
0.002431
0.005486
0.001528
0.003125
0.008472
0.004097
0.001736
0.001736
0.002500
0.002292
0.007708
0.005208
0.001806
0.002569
0.002500
0.001944
0.002847
0.007708
0.001250
0.001667
0.005972
0.005139
0.001806
0.003194
0.002639
0.001111
0.006042
0.003542
0.002222
0.001736
0.004097
0.002500
0.002500
0.004861
0.000486
0.002778
0.004167
