0.068403
0.002361
0.002569
0.004444
0.001875
0.003958
0.011111
0.004375
0.000694
0.001528
0.003403
0.002153
0.002431
0.004306
0.005556
0.009028
0.004722
0.002708
0.001944
0.005764
0.002083
0.001597
0.006736
0.005417
0.001667
0.004097
0.005139
0.002917
0.002153
0.003403
0.004792
0.006528
0.005972
0.002014
0.001875
0.003819
0.004583
0.001181
0.005417
0.002986
0.002083
0.004167
0.003958
0.002222
0.007847
0.002500
0.004028
0.001389
0.003194
0.001944
0.001736
0.002847
0.003125
0.002708
0.010208
0.003819
0.001597
0.002014
0.003611
0.001111
0.009444
0.004167
0.005486
0.002500
0.006389
0.003194
0.001528
0.007014
0.002639
0.008958
0.001250
0.005972
0.001458
0.006181
0.002708
0.001736
0.002222
0.007569
0.002361
0.005764
0.002569
0.003264
0.001111
0.004444
0.002847
0.009722
0.001736
0.005139
0.001667
0.005000
0.002083
0.002500
0.002500
0.006944
0.002778
0.012153
0.004375
0.003194
0.001181
0.003264
0.006806
0.009375
0.003611
0.003333
0.001736
0.003333
0.001319
0.001944
0.009722
0.004097
0.002500
0.002639
0.004653
0.004097
0.001250
0.004792
0.005208
0.007153
0.000625
0.002083
0.001389
0.005139
0.004375
0.001597
0.008194
0.006944
0.001458
0.001181
0.001389
0.001319
0.003472
0.004097
0.001458
0.004722
0.005694
0.001319
0.001111
0.001319
0.001597
0.003125
0.005208
0.002847
0.002986
0.006528
0.003750
0.002083
0.003264
0.008264
0.002292
0.003125
0.005764
0.002917
0.002222
0.001806
0.005417
0.003611
0.002847
0.001875
0.002569
0.005486
0.005625
0.002292
0.002292
0.002153
0.002847
0.002847
0.004861
0.002153
0.001875
0.000764
0.005486
0.003056
0.005833
0.001597
0.003056
0.003958
0.003194
0.001944
0.003194
0.001181
0.001875
0.004444
0.005000
0.001597
0.002014
0.001389
0.003264
0.002083
0.007153
0.002153
0.002847
0.004444
0.005069
0.004653
0.002153
0.010069
0.001389
0.006319
0.001944
0.002639
0.003194
0.008681
0.001597
0.003264
0.003125
0.006597
0.001319
0.004722
0.002500
0.003264
0.001319
0.004375
0.001736
0.006111
0.003264
0.002431
0.001319
0.004792
0.001181
0.002917
0.006319
0.003264
0.001389
0.008264
0.003472
0.003819
0.001319
0.001806
0.002778
0.007847
0.003819
0.001597
0.002083
0.002917
0.001111
0.002222
0.007361
0.003403
0.001319
0.004444
0.009861
0.003611
0.002917
0.002361
0.002222
0.006042
0.002083
0.001458
0.002222
0.007153
0.002569
0.003056
0.007083
0.004653
0.001736
0.003125
