0.062917
0.001458
0.004028
0.005486
0.001181
0.001736
0.014931
0.006042
0.001042
0.000903
0.003958
0.006181
0.001458
0.000903
0.005764
0.019653
0.004236
0.001806
0.001944
0.006597
0.001458
0.001458
0.010417
0.009583
0.001806
0.003542
0.003264
0.002569
0.001181
0.001181
0.005903
0.016389
0.003542
0.001528
0.002708
0.005417
0.002500
0.001042
0.009028
0.002847
0.000556
0.003472
0.003333
0.003819
0.006389
0.001250
0.004514
0.002292
0.001875
0.000833
0.002292
0.002222
0.002222
0.001389
0.017569
0.003819
0.000903
0.001042
0.002917
0.001944
0.019028
0.001250
0.006042
0.002500
0.004167
0.001181
0.004306
0.003889
0.001389
0.007847
0.001875
0.008889
0.001944
0.002847
0.003889
0.002986
0.001042
0.001944
0.002222
0.008611
0.001042
0.001250
0.001597
0.002986
0.001181
0.019861
0.002500
0.007639
0.000417
0.002153
0.001597
0.003611
0.001250
0.002153
0.002708
0.022431
0.002778
0.001806
0.001528
0.001875
0.001806
0.016181
0.001389
0.003333
0.000972
0.001806
0.001528
0.001875
0.015694
0.003472
0.003056
0.002153
0.003542
0.000625
0.002847
0.004861
0.002222
0.010278
0.001944
0.001875
0.000417
0.003750
0.003611
0.002778
0.008681
0.001806
0.003403
0.002014
0.001111
0.000486
0.002431
0.003542
0.001458
0.004792
0.008542
0.005069
0.000972
0.000625
0.002361
0.003958
0.004375
0.001389
0.002639
0.013819
0.001181
0.002708
0.001250
0.008333
0.002569
0.002917
0.006944
0.003611
0.002708
0.001389
0.005417
0.002847
0.004236
0.001181
0.003750
0.007431
0.005417
0.002778
0.002778
0.004375
0.000417
0.002847
0.005833
0.003819
0.001111
0.001042
0.006806
0.005764
0.004306
0.001528
0.002917
0.004722
0.001319
0.000833
0.001181
0.001806
0.000417
0.003958
0.009653
0.001667
0.000833
0.000764
0.002569
0.001319
0.009236
0.000972
0.002500
0.004236
0.001944
0.000417
0.003333
0.005972
0.001528
0.005764
0.005208
0.004722
0.004514
0.007292
0.004375
0.002639
0.003333
0.002847
0.003472
0.004722
0.000278
0.000486
0.001528
0.001736
0.001181
0.007986
0.004097
0.003056
0.001111
0.001806
0.001042
0.003681
0.004306
0.001250
0.001875
0.012361
0.003125
0.001042
0.001111
0.001875
0.000486
0.007431
0.005625
0.002292
0.002014
0.001736
0.001806
0.001458
0.007083
0.001597
0.002639
0.004653
0.005417
0.000347
0.002639
0.002361
0.000625
0.004097
0.003472
0.003125
0.000625
0.007778
0.001667
0.003125
0.002361
0.001667
0.002292
0.004444
