0.067917
0.002986
0.002778
0.002222
0.003472
0.004722
0.008264
0.003194
0.002708
0.001944
0.002569
0.001875
0.003958
0.003403
0.003958
0.008264
0.004444
0.002431
0.003403
0.004375
0.002639
0.002153
0.008056
0.003194
0.002431
0.005903
0.003958
0.002083
0.003542
0.003125
0.004375
0.004722
0.006042
0.002639
0.002708
0.003889
0.007083
0.003125
0.003958
0.001736
0.004028
0.004375
0.004167
0.002500
0.007847
0.003333
0.002361
0.003125
0.004236
0.002778
0.003611
0.002361
0.005069
0.002431
0.010903
0.002569
0.003125
0.001806
0.001736
0.001667
0.010069
0.004028
0.004097
0.001250
0.004861
0.002917
0.003403
0.002847
0.003403
0.008542
0.002292
0.003125
0.002639
0.005000
0.005417
0.002292
0.003056
0.003611
0.002569
0.007083
0.003333
0.004167
0.002569
0.003819
0.002639
0.008611
0.003056
0.003611
0.001458
0.003333
0.002361
0.002708
0.003264
0.004931
0.001389
0.008403
0.004097
0.002639
0.001736
0.002222
0.006319
0.011667
0.001667
0.002500
0.002917
0.004444
0.002083
0.001597
0.010625
0.005417
0.002500
0.003125
0.005278
0.003958
0.003264
0.005278
0.004167
0.004861
0.003194
0.003403
0.002569
0.006042
0.003958
0.002569
0.007569
0.004444
0.002361
0.002222
0.002083
0.002153
0.002847
0.001944
0.002153
0.006389
0.004444
0.001528
0.002014
0.002500
0.002153
0.001875
0.005208
0.003125
0.003611
0.005000
0.002986
0.003750
0.001111
0.006111
0.002639
0.003125
0.005556
0.002778
0.003472
0.002986
0.004514
0.001736
0.003819
0.003889
0.003611
0.004097
0.006111
0.002708
0.002361
0.002292
0.004375
0.003819
0.004167
0.002014
0.002361
0.001736
0.008403
0.002639
0.007361
0.002917
0.003333
0.003403
0.001736
0.002917
0.001528
0.001458
0.003403
0.005208
0.004514
0.001736
0.003264
0.002222
0.000694
0.001389
0.006806
0.003194
0.002708
0.004861
0.001667
0.002292
0.003264
0.003611
0.003125
0.005556
0.002292
0.002361
0.003333
0.008194
0.002569
0.002778
0.003472
0.002222
0.002292
0.005903
0.001944
0.003194
0.001250
0.002361
0.002500
0.007431
0.005000
0.002361
0.002014
0.002083
0.001736
0.002153
0.005694
0.003958
0.001181
0.004861
0.005000
0.002778
0.001181
0.000764
0.004028
0.007153
0.004375
0.002292
0.003611
0.003819
0.001250
0.002083
0.008056
0.002917
0.002917
0.005417
0.005903
0.003472
0.002917
0.002292
0.002778
0.005208
0.002708
0.002431
0.002361
0.008819
0.002708
0.002778
0.008403
0.003472
0.002361
0.003125
