0.062778
0.001319
0.001806
0.006389
0.002708
0.003889
0.008889
0.005278
0.001736
0.002917
0.004583
0.002431
0.003819
0.004097
0.004653
0.010069
0.003403
0.002708
0.001111
0.005972
0.001667
0.002014
0.007986
0.005903
0.001875
0.004861
0.004583
0.001597
0.002778
0.002708
0.003472
0.008403
0.003889
0.001736
0.001736
0.006597
0.002639
0.002292
0.005556
0.002500
0.002292
0.004236
0.005486
0.002361
0.005278
0.001597
0.003264
0.001944
0.002569
0.001875
0.001389
0.002778
0.005347
0.001806
0.011806
0.004306
0.003958
0.000833
0.002847
0.001806
0.014514
0.001944
0.004375
0.002569
0.004444
0.001667
0.001806
0.006181
0.003611
0.007014
0.001250
0.005417
0.002361
0.004861
0.005764
0.002569
0.002500
0.004653
0.001875
0.007431
0.002986
0.004306
0.001181
0.004653
0.002153
0.013403
0.002153
0.006528
0.001181
0.005417
0.002014
0.002500
0.002639
0.005208
0.002153
0.014028
0.003056
0.001389
0.000417
0.003056
0.005208
0.012500
0.001458
0.003681
0.002917
0.002569
0.001181
0.002014
0.012222
0.005069
0.001875
0.002500
0.004375
0.002639
0.001319
0.005417
0.005000
0.007917
0.001528
0.002917
0.002431
0.003889
0.003194
0.002431
0.008403
0.005278
0.001597
0.002847
0.001042
0.002222
0.001875
0.004653
0.002083
0.005764
0.007222
0.002153
0.000694
0.001736
0.002222
0.004861
0.004028
0.002569
0.001944
0.007917
0.002083
0.004028
0.001736
0.005833
0.002222
0.003333
0.006250
0.002847
0.003403
0.003542
0.004306
0.002917
0.003472
0.002083
0.001250
0.008194
0.006181
0.002431
0.001667
0.002917
0.002431
0.002847
0.004236
0.001597
0.001667
0.002569
0.007292
0.004861
0.004653
0.002153
0.001875
0.002986
0.002292
0.001667
0.001875
0.001389
0.003403
0.005278
0.007917
0.002431
0.002500
0.001597
0.000903
0.001250
0.007847
0.001806
0.001389
0.006250
0.002292
0.001806
0.002778
0.006319
0.003125
0.007569
0.002500
0.002361
0.003403
0.006528
0.002917
0.005000
0.003611
0.003056
0.001389
0.008472
0.001875
0.003403
0.001181
0.002778
0.001944
0.007361
0.005972
0.003819
0.001597
0.002222
0.001389
0.002361
0.005625
0.002222
0.001806
0.010278
0.003333
0.002569
0.001111
0.002153
0.003542
0.006806
0.003889
0.001944
0.002917
0.001736
0.000972
0.002500
0.007153
0.001944
0.001181
0.005833
0.005486
0.002153
0.001458
0.002083
0.002569
0.005556
0.004028
0.002292
0.001944
0.006181
0.000694
0.002986
0.007292
0.002569
0.001667
0.005139
