0.063194
0.001528
0.004722
0.003472
0.001528
0.002153
0.018125
0.007153
0.000694
0.001597
0.003403
0.003472
0.001944
0.002083
0.006181
0.019236
0.004583
0.002083
0.002361
0.004722
0.001667
0.002986
0.011181
0.007431
0.002431
0.003889
0.003750
0.002917
0.001111
0.001944
0.006042
0.007986
0.003681
0.001944
0.002500
0.004514
0.002986
0.001250
0.009861
0.001875
0.001875
0.004236
0.004028
0.002847
0.007569
0.001875
0.006528
0.002778
0.002222
0.001111
0.002986
0.002500
0.003333
0.002014
0.018056
0.002639
0.002292
0.001111
0.002708
0.001875
0.015556
0.002778
0.007500
0.001389
0.002986
0.001181
0.002153
0.004375
0.001181
0.010347
0.002292
0.008264
0.001875
0.003958
0.004167
0.002917
0.001944
0.003819
0.003056
0.011806
0.001806
0.001458
0.001736
0.003333
0.002500
0.015208
0.001875
0.006944
0.000694
0.002847
0.001319
0.004167
0.002292
0.002708
0.002986
0.017500
0.001528
0.001944
0.001597
0.002153
0.003264
0.015069
0.003472
0.004861
0.001597
0.001528
0.001181
0.002292
0.010417
0.003333
0.003542
0.002292
0.004167
0.001875
0.002014
0.004375
0.001875
0.007014
0.001389
0.001667
0.001250
0.002639
0.003472
0.003819
0.009931
0.003750
0.002083
0.002292
0.000694
0.001597
0.002569
0.003889
0.001042
0.004236
0.011458
0.005972
0.001181
0.001042
0.001806
0.001667
0.004375
0.000764
0.003125
0.009792
0.001736
0.002847
0.002639
0.007361
0.001806
0.002708
0.008125
0.004375
0.002986
0.002083
0.005139
0.002986
0.003750
0.001806
0.003819
0.005069
0.004306
0.002778
0.001319
0.002083
0.001389
0.002639
0.006875
0.003056
0.000694
0.002083
0.006458
0.003611
0.003333
0.001458
0.003542
0.002708
0.002153
0.001458
0.000972
0.000556
0.001389
0.004583
0.008958
0.002083
0.000764
0.001250
0.002431
0.001528
0.009583
0.002222
0.004722
0.003472
0.001181
0.000556
0.003056
0.006042
0.001458
0.006944
0.004167
0.004861
0.003125
0.006458
0.002569
0.001667
0.003889
0.001319
0.001667
0.005903
0.000903
0.002014
0.001597
0.003264
0.001944
0.008056
0.005000
0.004028
0.001181
0.001736
0.001042
0.003611
0.004167
0.001875
0.001528
0.009861
0.002847
0.001319
0.000764
0.001250
0.001875
0.008472
0.003542
0.002986
0.001458
0.001181
0.001181
0.001042
0.008681
0.001181
0.002431
0.003611
0.005208
0.001042
0.002847
0.003056
0.001528
0.005208
0.002639
0.003403
0.001736
0.003958
0.002778
0.003750
0.005278
0.002292
0.002222
0.004306
