0.066528
0.000972
0.002431
0.004167
0.002222
0.002361
0.016458
0.004028
0.001458
0.000903
0.004167
0.002569
0.002292
0.003542
0.003819
0.017500
0.004444
0.000764
0.001528
0.003750
0.002014
0.001806
0.008264
0.003333
0.001597
0.004306
0.005556
0.003194
0.002083
0.002361
0.005625
0.006806
0.003403
0.000764
0.002014
0.004931
0.005694
0.002014
0.013194
0.001806
0.001597
0.002917
0.005486
0.001389
0.015139
0.001736
0.005347
0.002083
0.005069
0.001181
0.002708
0.001875
0.006181
0.001597
0.013472
0.002778
0.000903
0.001667
0.004514
0.001389
0.018264
0.001736
0.005208
0.002500
0.004653
0.001667
0.001736
0.004444
0.001806
0.009931
0.002361
0.005764
0.001389
0.003056
0.004375
0.001944
0.000903
0.005833
0.002292
0.014861
0.001319
0.000972
0.001736
0.002083
0.001111
0.012431
0.003333
0.004514
0.001528
0.002639
0.001944
0.003403
0.001597
0.004583
0.003750
0.014931
0.004167
0.001042
0.001597
0.002778
0.004375
0.016667
0.002431
0.003056
0.001806
0.003750
0.001181
0.000833
0.015764
0.005069
0.001806
0.002500
0.004583
0.001597
0.001597
0.003958
0.007292
0.006042
0.002153
0.002431
0.000972
0.004167
0.003611
0.002778
0.018472
0.004097
0.001736
0.002500
0.000625
0.001736
0.000903
0.005556
0.001389
0.005764
0.008819
0.002569
0.002014
0.001389
0.003819
0.002431
0.005417
0.001667
0.002639
0.008264
0.002222
0.001736
0.000972
0.005278
0.000833
0.002361
0.007361
0.003194
0.002500
0.001250
0.006389
0.001597
0.002153
0.001597
0.003056
0.005000
0.005556
0.001319
0.001319
0.002500
0.002431
0.002708
0.007500
0.002708
0.002361
0.001250
0.008403
0.002292
0.008264
0.001111
0.002847
0.002500
0.003194
0.000764
0.001875
0.001319
0.002292
0.004167
0.009931
0.001944
0.001250
0.000764
0.003819
0.001389
0.007708
0.000903
0.002153
0.005208
0.001458
0.000833
0.002153
0.006528
0.001181
0.006250
0.002500
0.002778
0.001736
0.004792
0.001528
0.000764
0.002708
0.001667
0.001667
0.006319
0.001181
0.001944
0.000972
0.000903
0.000694
0.005903
0.005486
0.002917
0.001736
0.001667
0.001597
0.002778
0.004722
0.001875
0.001875
0.008056
0.003194
0.001806
0.001319
0.002431
0.002292
0.010069
0.004236
0.001181
0.003125
0.001597
0.000972
0.002361
0.009236
0.001944
0.001597
0.004931
0.007847
0.001736
0.001389
0.002083
0.003819
0.005833
0.003403
0.001667
0.001319
0.006875
0.001667
0.002153
0.005972
0.002361
0.002361
0.002708
