0.068611
0.002153
0.001667
0.002083
0.002986
0.002153
0.011319
0.004028
0.001875
0.004167
0.003472
0.004792
0.001806
0.002569
0.003264
0.010694
0.003958
0.002153
0.002153
0.004722
0.002917
0.002639
0.005972
0.004444
0.004444
0.004931
0.005625
0.002083
0.002500
0.001944
0.002153
0.004861
0.003681
0.002431
0.001389
0.004722
0.002778
0.003611
0.006528
0.002639
0.003681
0.003333
0.005000
0.003403
0.004583
0.003403
0.003056
0.002500
0.002708
0.001458
0.001597
0.003056
0.004028
0.002361
0.008750
0.003194
0.003125
0.005972
0.004167
0.002292
0.009514
0.002708
0.003333
0.002917
0.005069
0.001181
0.002014
0.005000
0.002708
0.005278
0.003403
0.005347
0.002431
0.004236
0.005139
0.005486
0.002014
0.003056
0.003681
0.009028
0.002431
0.002986
0.002222
0.003750
0.003403
0.007778
0.002847
0.002708
0.002778
0.003472
0.003889
0.002639
0.003542
0.003819
0.002917
0.011389
0.002847
0.001806
0.001806
0.001806
0.004514
0.008333
0.002153
0.004375
0.003403
0.003194
0.003403
0.002708
0.009167
0.004306
0.002639
0.003889
0.004236
0.001944
0.002569
0.004306
0.004861
0.006181
0.002153
0.002500
0.003958
0.005139
0.006042
0.002639
0.007153
0.003194
0.003403
0.002222
0.001597
0.001736
0.002500
0.004167
0.002431
0.006111
0.007083
0.003681
0.001181
0.002361
0.002361
0.003333
0.004444
0.002986
0.002500
0.007083
0.002361
0.003333
0.001597
0.005764
0.003264
0.004514
0.005208
0.003403
0.002778
0.002986
0.006806
0.003819
0.002847
0.003056
0.002569
0.006111
0.007014
0.003542
0.001667
0.002014
0.003472
0.004722
0.005139
0.002639
0.001597
0.001875
0.007569
0.002708
0.003958
0.002361
0.002431
0.003403
0.002778
0.002500
0.003056
0.002292
0.003264
0.005486
0.005000
0.002708
0.002569
0.002292
0.002986
0.002431
0.006458
0.002708
0.001736
0.005278
0.001667
0.002014
0.003194
0.007639
0.002500
0.006250
0.004375
0.003056
0.002083
0.007083
0.003056
0.003125
0.003264
0.001736
0.003056
0.005347
0.001875
0.002500
0.002014
0.002986
0.002917
0.006181
0.005903
0.004028
0.002500
0.002569
0.001458
0.003056
0.005625
0.002708
0.002431
0.005903
0.003681
0.001944
0.002361
0.001667
0.004306
0.006806
0.005903
0.001389
0.002917
0.001458
0.002153
0.001667
0.005556
0.001528
0.002778
0.003750
0.006181
0.002222
0.004375
0.002708
0.003264
0.005417
0.004028
0.003333
0.001944
0.005694
0.001736
0.004167
0.005486
0.001597
0.002014
0.002708
