0.056806
0.001458
0.004306
0.005972
0.001944
0.002569
0.009792
0.004792
0.002153
0.001458
0.004583
0.001736
0.002639
0.002569
0.003750
0.009306
0.004583
0.002431
0.002431
0.003403
0.002500
0.002569
0.008264
0.006597
0.003056
0.004722
0.002500
0.002361
0.002847
0.001806
0.004514
0.011528
0.003542
0.002708
0.002917
0.006597
0.002639
0.001528
0.004861
0.002500
0.001667
0.004028
0.005972
0.002431
0.004653
0.002500
0.002917
0.001944
0.003403
0.001597
0.002778
0.002708
0.003819
0.004375
0.016319
0.003125
0.001806
0.002153
0.002361
0.002361
0.013889
0.001806
0.007083
0.003542
0.003333
0.001667
0.003403
0.006042
0.002917
0.010208
0.002014
0.003403
0.002292
0.002569
0.005972
0.001528
0.002778
0.003681
0.002708
0.006389
0.003681
0.003056
0.001944
0.003611
0.002361
0.013681
0.002778
0.003125
0.002847
0.002639
0.001806
0.002639
0.003819
0.003611
0.002708
0.015833
0.004306
0.002222
0.001806
0.003125
0.003542
0.012917
0.001944
0.002708
0.003194
0.003681
0.001736
0.002014
0.014444
0.005278
0.002292
0.003750
0.003958
0.001528
0.002917
0.004653
0.003472
0.006667
0.002639
0.002222
0.001181
0.003542
0.003750
0.002014
0.007222
0.004792
0.003958
0.002708
0.001806
0.002569
0.003611
0.005694
0.001250
0.004236
0.006944
0.002292
0.002292
0.001111
0.002778
0.002222
0.004722
0.002500
0.002708
0.009583
0.003542
0.002431
0.001389
0.005278
0.001875
0.003611
0.005486
0.001736
0.002222
0.002083
0.003611
0.001667
0.004097
0.002778
0.004375
0.008472
0.007639
0.002986
0.003194
0.003403
0.000764
0.002569
0.004375
0.001875
0.001597
0.001736
0.009306
0.003750
0.004444
0.002083
0.002708
0.003681
0.002083
0.002431
0.002014
0.001736
0.001319
0.006458
0.008056
0.001597
0.001944
0.001736
0.002292
0.002153
0.008403
0.001597
0.002431
0.007639
0.002500
0.000972
0.003750
0.008333
0.002292
0.004861
0.004167
0.001458
0.002431
0.006250
0.003542
0.001944
0.004514
0.001528
0.003194
0.005208
0.001597
0.001667
0.001806
0.003056
0.001944
0.009514
0.006458
0.002292
0.002986
0.001111
0.001528
0.002500
0.004722
0.001528
0.001875
0.008611
0.003681
0.001875
0.001736
0.001944
0.002292
0.006736
0.005139
0.002500
0.001597
0.001389
0.001875
0.002292
0.008819
0.001597
0.002292
0.007361
0.004653
0.001875
0.003889
0.002292
0.001389
0.006736
0.003542
0.002361
0.001528
0.004236
0.001806
0.002639
0.005417
0.001458
0.002778
0.003472
