0.056528
0.001319
0.002431
0.002917
0.003264
0.002431
0.011458
0.004653
0.002014
0.001458
0.002708
0.001875
0.002778
0.003750
0.004375
0.013056
0.005417
0.001458
0.003125
0.004792
0.002986
0.001111
0.008889
0.002639
0.001458
0.004097
0.004028
0.002292
0.002778
0.001806
0.004931
0.008403
0.005972
0.001597
0.002639
0.005000
0.005139
0.001667
0.007361
0.002292
0.002847
0.004931
0.004722
0.001875
0.006944
0.002083
0.003194
0.002639
0.003194
0.001250
0.002917
0.002708
0.005278
0.002917
0.011597
0.002014
0.002153
0.002083
0.003264
0.001042
0.014861
0.003958
0.004792
0.003056
0.005347
0.002153
0.001875
0.005625
0.002222
0.006181
0.002431
0.005556
0.002639
0.004306
0.004583
0.002500
0.001597
0.004028
0.001667
0.012153
0.002639
0.002292
0.000903
0.002917
0.002986
0.012500
0.003056
0.004722
0.001319
0.002708
0.002708
0.002431
0.005069
0.003125
0.001875
0.015417
0.004861
0.001528
0.001806
0.003264
0.003542
0.011319
0.002708
0.003056
0.002986
0.002222
0.002083
0.001944
0.013750
0.005000
0.002569
0.002708
0.006181
0.000972
0.002222
0.004792
0.007361
0.004722
0.001528
0.002708
0.002500
0.004236
0.004097
0.001250
0.010764
0.003681
0.002847
0.002778
0.000694
0.001667
0.001597
0.002778
0.001736
0.005556
0.007708
0.002569
0.001944
0.001667
0.002431
0.002569
0.005625
0.001875
0.002569
0.007361
0.002222
0.002361
0.001458
0.005556
0.001944
0.002500
0.005208
0.002222
0.003056
0.002361
0.005208
0.002292
0.004514
0.001597
0.002083
0.005486
0.007222
0.002708
0.002431
0.003472
0.002778
0.002708
0.005139
0.002153
0.004236
0.002917
0.009861
0.002500
0.006111
0.002083
0.002500
0.003264
0.001806
0.002083
0.001389
0.002014
0.002569
0.006389
0.005625
0.001111
0.003264
0.001458
0.002292
0.002083
0.010417
0.001528
0.003125
0.004722
0.002569
0.001667
0.002153
0.006250
0.002639
0.005139
0.003958
0.003194
0.003611
0.008125
0.002361
0.003542
0.003056
0.002639
0.001528
0.008403
0.000764
0.000972
0.001458
0.002986
0.002847
0.007431
0.006250
0.002500
0.001250
0.001806
0.001944
0.002500
0.006944
0.002778
0.002292
0.007292
0.004792
0.001806
0.001597
0.001319
0.002708
0.007361
0.003472
0.001528
0.003889
0.001597
0.001944
0.002083
0.006944
0.002014
0.001806
0.004375
0.005208
0.001250
0.002292
0.003056
0.003819
0.004722
0.003333
0.001736
0.003611
0.005000
0.003125
0.003681
0.008750
0.003750
0.002014
0.003472
