0.070903
0.000903
0.001250
0.004028
0.001389
0.003056
0.009653
0.003889
0.000417
0.002014
0.006319
0.001597
0.002014
0.004514
0.005833
0.014097
0.005139
0.000903
0.001806
0.007292
0.001181
0.001944
0.015000
0.006667
0.000556
0.003264
0.005069
0.001042
0.001042
0.001736
0.006181
0.014097
0.003194
0.001250
0.000903
0.003542
0.003958
0.001875
0.012014
0.001528
0.001250
0.004722
0.006597
0.000347
0.019028
0.001528
0.006319
0.001528
0.003542
0.001181
0.002222
0.002083
0.004306
0.003056
0.013958
0.001736
0.001528
0.002500
0.003889
0.000556
0.011319
0.003472
0.005694
0.001250
0.003194
0.002986
0.000625
0.004167
0.002153
0.009236
0.000764
0.003681
0.000833
0.005764
0.005833
0.001250
0.001250
0.007222
0.000972
0.008125
0.001667
0.002431
0.000417
0.005000
0.002014
0.014444
0.001806
0.002500
0.000833
0.003958
0.001389
0.001389
0.003194
0.004444
0.002639
0.011181
0.003472
0.003611
0.000278
0.002292
0.007083
0.015139
0.001458
0.002778
0.002292
0.006111
0.001319
0.000556
0.015139
0.005208
0.001806
0.001875
0.005347
0.002569
0.000903
0.004861
0.006944
0.015694
0.001597
0.001250
0.001528
0.005486
0.004583
0.001111
0.012222
0.007639
0.002014
0.000278
0.000625
0.000694
0.001458
0.003958
0.001389
0.005069
0.006111
0.002500
0.000625
0.001250
0.002500
0.001250
0.004097
0.002569
0.002292
0.007014
0.002986
0.002639
0.002083
0.008819
0.001181
0.002361
0.010000
0.002292
0.001042
0.002014
0.007361
0.002708
0.002014
0.001806
0.002292
0.009653
0.005486
0.002222
0.001181
0.000556
0.002431
0.002778
0.008264
0.000833
0.001042
0.003056
0.006944
0.001042
0.011875
0.001875
0.002917
0.002639
0.000903
0.001667
0.001319
0.000486
0.001389
0.004514
0.008681
0.000764
0.001597
0.001736
0.001597
0.000486
0.006597
0.002292
0.000903
0.004583
0.001597
0.001528
0.001389
0.006111
0.001181
0.003958
0.002014
0.001042
0.001667
0.007986
0.001875
0.000625
0.001806
0.004653
0.000764
0.006528
0.000833
0.003819
0.001042
0.002778
0.001667
0.007778
0.006875
0.000625
0.001181
0.004375
0.001111
0.001667
0.004375
0.002986
0.001042
0.005486
0.004444
0.003194
0.000417
0.000694
0.002986
0.006458
0.004792
0.001111
0.003056
0.006250
0.000972
0.000139
0.007361
0.004167
0.000833
0.006111
0.006944
0.003958
0.000833
0.001944
0.002986
0.008750
0.001875
0.000764
0.001875
0.009375
0.000972
0.002292
0.007292
0.003889
0.001250
0.001875
