0.055000
0.001667
0.001319
0.004306
0.000833
0.004375
0.012500
0.004167
0.000903
0.001250
0.001319
0.001667
0.000417
0.003264
0.004167
0.011806
0.002569
0.000486
0.000903
0.003750
0.001389
0.001181
0.009028
0.003889
0.000417
0.004375
0.003056
0.001181
0.001667
0.002153
0.004931
0.010069
0.006181
0.000903
0.003750
0.005694
0.002083
0.002639
0.007778
0.003472
0.001111
0.003056
0.003194
0.001389
0.009861
0.001319
0.005972
0.002431
0.002778
0.000694
0.002708
0.002500
0.003542
0.003264
0.014028
0.008125
0.000625
0.000764
0.003194
0.001319
0.020000
0.004097
0.003889
0.004167
0.007639
0.003403
0.002361
0.005139
0.002222
0.025347
0.001806
0.003611
0.001736
0.007431
0.003889
0.001944
0.001042
0.008889
0.001667
0.006944
0.001528
0.004861
0.001597
0.002708
0.004861
0.017500
0.002292
0.004236
0.000972
0.004097
0.000694
0.000764
0.005556
0.010833
0.005972
0.018125
0.003333
0.003611
0.001319
0.002778
0.003333
0.015694
0.001806
0.001250
0.002361
0.003889
0.000903
0.001528
0.015694
0.004236
0.001389
0.001875
0.002569
0.002361
0.000903
0.002569
0.004028
0.007500
0.001736
0.002014
0.000694
0.005625
0.004167
0.000833
0.007917
0.008264
0.001875
0.001667
0.001528
0.003125
0.001111
0.004028
0.000486
0.004514
0.004861
0.000694
0.001458
0.002569
0.004028
0.003611
0.002639
0.001389
0.001181
0.009722
0.001389
0.001389
0.000694
0.006181
0.001597
0.001597
0.003819
0.000833
0.001319
0.001528
0.005903
0.000556
0.002986
0.002014
0.002986
0.005347
0.009028
0.003125
0.002500
0.005139
0.000556
0.001458
0.004028
0.001458
0.001667
0.004375
0.008264
0.007361
0.003125
0.000903
0.002639
0.003611
0.001181
0.001528
0.003472
0.002431
0.000972
0.003889
0.003611
0.002639
0.000833
0.000764
0.002708
0.002083
0.007292
0.001806
0.001944
0.007083
0.003681
0.004722
0.005486
0.008889
0.002222
0.010417
0.002986
0.000972
0.005625
0.013889
0.004306
0.003125
0.003750
0.004306
0.000833
0.003958
0.001389
0.002986
0.001111
0.003056
0.002431
0.005556
0.003333
0.001458
0.001111
0.003125
0.001875
0.001250
0.005139
0.003264
0.002500
0.008889
0.002500
0.003403
0.001944
0.002083
0.000625
0.008472
0.004375
0.000347
0.003472
0.005208
0.002292
0.001597
0.008403
0.002153
0.000208
0.003264
0.004236
0.001458
0.000972
0.002083
0.000625
0.005000
0.001667
0.001458
0.000486
0.007361
0.002222
0.001319
0.005694
0.003125
0.002083
0.003750
