0.072014
0.001806
0.001528
0.004583
0.001875
0.003542
0.013056
0.005139
0.000486
0.002222
0.003056
0.002847
0.002222
0.003264
0.003472
0.015278
0.004236
0.001250
0.002153
0.005000
0.001458
0.002222
0.010833
0.007500
0.000764
0.005000
0.005000
0.001458
0.001458
0.002361
0.004028
0.010000
0.005486
0.001042
0.001667
0.004792
0.006806
0.001389
0.012708
0.001875
0.001181
0.006319
0.003333
0.001042
0.013958
0.001667
0.007361
0.001875
0.004444
0.000833
0.002708
0.002708
0.002917
0.002708
0.013125
0.003403
0.001736
0.001319
0.004028
0.000903
0.011806
0.003958
0.002222
0.002847
0.004861
0.001458
0.001458
0.004444
0.001944
0.013194
0.001944
0.005139
0.000903
0.006597
0.003681
0.001667
0.001667
0.005000
0.001181
0.007569
0.001458
0.003889
0.000903
0.005833
0.002639
0.013125
0.001667
0.004792
0.000833
0.008056
0.001181
0.002014
0.002361
0.004861
0.001250
0.012431
0.004306
0.001181
0.000972
0.002500
0.004306
0.013889
0.002014
0.002222
0.001319
0.003889
0.001667
0.001875
0.016042
0.004583
0.002222
0.002778
0.005000
0.002153
0.001667
0.005625
0.005486
0.005903
0.000833
0.002500
0.001528
0.006319
0.003403
0.001319
0.007083
0.007153
0.001528
0.002639
0.001389
0.001806
0.002083
0.006250
0.001736
0.005556
0.006944
0.002500
0.001389
0.001319
0.003333
0.003611
0.003819
0.002361
0.002847
0.007639
0.000694
0.002014
0.001111
0.007153
0.001250
0.002986
0.005208
0.004306
0.001806
0.002292
0.006389
0.001944
0.001181
0.001806
0.002361
0.006389
0.007292
0.001458
0.000903
0.001667
0.002292
0.003056
0.007569
0.001111
0.002014
0.001667
0.007083
0.002778
0.008681
0.001319
0.003264
0.001944
0.003333
0.001736
0.002431
0.001597
0.001667
0.005903
0.006667
0.002153
0.002639
0.000833
0.002222
0.001597
0.005903
0.001736
0.002431
0.004653
0.001597
0.002847
0.001944
0.008819
0.001181
0.009375
0.001458
0.002917
0.002222
0.008403
0.001319
0.002083
0.001944
0.003542
0.000625
0.005833
0.001111
0.003542
0.000972
0.003264
0.001042
0.010139
0.003819
0.002847
0.002222
0.006528
0.000417
0.002083
0.005000
0.001667
0.000903
0.008542
0.004583
0.001528
0.000972
0.000833
0.001944
0.007778
0.004931
0.001111
0.002083
0.002292
0.000972
0.002014
0.007917
0.002292
0.001667
0.006042
0.004792
0.001597
0.000833
0.002361
0.001667
0.005486
0.001806
0.001875
0.001667
0.006250
0.001042
0.002153
0.005764
0.002222
0.001458
0.003611
