0.084653
0.001458
0.002014
0.002778
0.003750
0.003472
0.012014
0.004375
0.001736
0.001458
0.002639
0.002847
0.002778
0.003472
0.002639
0.013750
0.004861
0.001458
0.001667
0.004444
0.002431
0.002153
0.011111
0.003542
0.001597
0.005556
0.003056
0.001736
0.001736
0.003194
0.004653
0.007847
0.005764
0.002014
0.001736
0.002569
0.007708
0.002361
0.008681
0.002083
0.002292
0.004583
0.004514
0.002569
0.011806
0.002292
0.003958
0.002153
0.003750
0.001181
0.002569
0.002083
0.004167
0.002708
0.015556
0.003194
0.002917
0.001528
0.003681
0.001111
0.015486
0.002778
0.003681
0.002431
0.005556
0.001181
0.001806
0.004167
0.002292
0.006736
0.001458
0.004306
0.002431
0.003542
0.004583
0.002222
0.002847
0.004931
0.002153
0.006944
0.002708
0.002222
0.001111
0.002569
0.001597
0.012847
0.001597
0.003542
0.000972
0.003472
0.001319
0.002778
0.003056
0.004722
0.001736
0.011181
0.004444
0.001319
0.001458
0.002917
0.005625
0.013750
0.002778
0.002431
0.002639
0.003056
0.001528
0.001875
0.013750
0.004514
0.002847
0.001806
0.004931
0.002917
0.001319
0.004167
0.004931
0.008750
0.001528
0.002500
0.003403
0.002639
0.004097
0.002083
0.012917
0.005417
0.002153
0.001806
0.001042
0.001389
0.001181
0.002778
0.003125
0.004653
0.007222
0.002222
0.001667
0.001042
0.002153
0.003056
0.006806
0.001319
0.002292
0.008542
0.002083
0.002014
0.001667
0.007569
0.002014
0.003681
0.005833
0.002083
0.002569
0.001528
0.004097
0.001597
0.003333
0.002361
0.002778
0.003958
0.006667
0.002847
0.002222
0.001597
0.003542
0.003542
0.006667
0.001667
0.002431
0.001389
0.007847
0.003472
0.011319
0.001319
0.002153
0.003681
0.002153
0.001250
0.001667
0.001528
0.001736
0.004931
0.007917
0.002361
0.002153
0.000903
0.002639
0.001736
0.008819
0.001458
0.003125
0.003889
0.002569
0.000833
0.002014
0.004444
0.001667
0.004653
0.003125
0.002153
0.004028
0.005903
0.001319
0.001042
0.004097
0.002222
0.001319
0.004444
0.001458
0.001250
0.000972
0.001181
0.000556
0.007917
0.005833
0.002292
0.001736
0.002153
0.001111
0.001667
0.005069
0.002014
0.002153
0.007431
0.005556
0.001736
0.001597
0.000833
0.003194
0.010139
0.004444
0.002083
0.003542
0.002014
0.000972
0.002639
0.009028
0.002500
0.001597
0.005000
0.006667
0.000833
0.001944
0.002639
0.003125
0.004375
0.002847
0.002500
0.002917
0.004514
0.001042
0.004167
0.007361
0.001667
0.002361
0.003611
