0.072917
0.001944
0.002014
0.003750
0.002778
0.002778
0.006736
0.005972
0.001597
0.002361
0.002569
0.002986
0.002639
0.002500
0.002500
0.009583
0.006042
0.003472
0.001181
0.005208
0.002569
0.003264
0.005347
0.004375
0.002986
0.005208
0.003194
0.002569
0.002292
0.002986
0.002847
0.007361
0.004514
0.002847
0.001875
0.004375
0.003611
0.002361
0.002986
0.003472
0.002153
0.005556
0.003889
0.002708
0.005347
0.003750
0.002153
0.002292
0.002847
0.002639
0.001667
0.003750
0.003958
0.004375
0.007361
0.003542
0.002361
0.003056
0.002153
0.002500
0.008403
0.003750
0.002431
0.003542
0.003889
0.004028
0.002292
0.005694
0.002014
0.007500
0.001389
0.004514
0.002083
0.005625
0.003542
0.002778
0.003264
0.005833
0.002153
0.007847
0.002222
0.003125
0.001667
0.005278
0.002639
0.009722
0.002292
0.004653
0.001597
0.004444
0.001736
0.003264
0.002708
0.004653
0.002639
0.012708
0.001944
0.003889
0.002014
0.003958
0.004167
0.010833
0.001389
0.003889
0.002153
0.003472
0.002292
0.002431
0.011181
0.006042
0.002153
0.002986
0.005208
0.003958
0.001806
0.005694
0.004583
0.007569
0.002569
0.004028
0.002222
0.005278
0.003889
0.002431
0.007292
0.007778
0.002292
0.002431
0.001667
0.002222
0.002083
0.003194
0.001944
0.006389
0.004375
0.003681
0.001667
0.001736
0.001736
0.002778
0.005278
0.003264
0.001736
0.007778
0.002431
0.003472
0.001389
0.007986
0.002083
0.003542
0.004444
0.002778
0.002778
0.001875
0.004236
0.003472
0.002917
0.002361
0.002500
0.005347
0.005347
0.003194
0.002222
0.002708
0.002431
0.003819
0.004306
0.002153
0.002639
0.002222
0.006319
0.003264
0.005000
0.002917
0.001875
0.003750
0.002153
0.002361
0.001736
0.002292
0.002431
0.007639
0.004375
0.001875
0.002361
0.001667
0.001458
0.003542
0.004653
0.002847
0.002153
0.005000
0.002222
0.003333
0.002222
0.007847
0.002361
0.006250
0.003264
0.004306
0.002014
0.007153
0.002083
0.002778
0.003125
0.004722
0.002639
0.007847
0.001389
0.004236
0.001944
0.003333
0.002153
0.006319
0.003681
0.002917
0.001250
0.003889
0.001042
0.003958
0.005278
0.003750
0.001597
0.007222
0.002917
0.002917
0.001528
0.001736
0.003125
0.006528
0.004097
0.003611
0.001528
0.002153
0.001597
0.002708
0.005000
0.003542
0.002431
0.006389
0.006806
0.003125
0.001875
0.002431
0.002708
0.007083
0.002083
0.002986
0.002917
0.006944
0.001667
0.002986
0.004861
0.005208
0.001389
0.004792
