0.061458
0.001458
0.003403
0.004722
0.003403
0.002361
0.015903
0.005903
0.001111
0.002361
0.003472
0.003333
0.002431
0.002153
0.005486
0.017917
0.003819
0.001597
0.003472
0.007014
0.001389
0.001875
0.007708
0.005764
0.001736
0.004167
0.005486
0.002986
0.001389
0.003125
0.002639
0.011667
0.002222
0.001319
0.003125
0.004861
0.002986
0.001042
0.006597
0.002153
0.000972
0.003264
0.004792
0.002153
0.008611
0.000972
0.006875
0.002153
0.002708
0.001042
0.002917
0.003750
0.003403
0.001528
0.016736
0.002847
0.002569
0.001875
0.004444
0.000972
0.014722
0.002153
0.003472
0.002986
0.002708
0.001875
0.002292
0.006458
0.001736
0.007708
0.002222
0.006042
0.001181
0.003611
0.003889
0.002639
0.001250
0.001597
0.003194
0.009792
0.001667
0.001597
0.001806
0.004167
0.000903
0.016389
0.001875
0.005556
0.001181
0.002500
0.000625
0.005208
0.001181
0.007292
0.001528
0.020903
0.002431
0.001597
0.001250
0.002431
0.002431
0.017708
0.002569
0.003333
0.001806
0.001806
0.001458
0.001250
0.014861
0.002500
0.004653
0.002292
0.005000
0.001042
0.002778
0.004792
0.005069
0.009375
0.002778
0.002014
0.001597
0.003681
0.005764
0.002014
0.006944
0.005556
0.002639
0.002569
0.000833
0.000972
0.001667
0.004444
0.001944
0.005278
0.010208
0.004792
0.002222
0.001181
0.001528
0.002917
0.004097
0.001111
0.004375
0.011528
0.003125
0.002014
0.001944
0.008125
0.001944
0.003403
0.007431
0.004306
0.002708
0.001181
0.007569
0.003333
0.002778
0.002153
0.002222
0.007569
0.003889
0.002639
0.001528
0.003403
0.000972
0.002778
0.008333
0.001806
0.002014
0.001597
0.006528
0.004097
0.005139
0.001667
0.003819
0.003889
0.001736
0.000764
0.002361
0.001528
0.000694
0.004167
0.009097
0.001944
0.002500
0.000764
0.001389
0.001528
0.006111
0.001181
0.001667
0.005278
0.001042
0.001806
0.003264
0.006181
0.001944
0.003819
0.003889
0.004306
0.003472
0.007222
0.002153
0.002708
0.002708
0.000833
0.002569
0.006875
0.000833
0.001042
0.001250
0.003264
0.000903
0.009236
0.004653
0.003958
0.000694
0.000903
0.000972
0.004306
0.002500
0.001319
0.001944
0.009236
0.002222
0.002917
0.000764
0.001319
0.001736
0.008542
0.005694
0.002639
0.002361
0.001319
0.000903
0.001667
0.007014
0.001111
0.002778
0.006111
0.005903
0.000625
0.002569
0.002569
0.002361
0.004792
0.002569
0.001875
0.001042
0.005139
0.001389
0.003819
0.004236
0.001667
0.002222
0.003125
