0.077292
0.001944
0.002500
0.003472
0.002361
0.003472
0.014653
0.002917
0.002431
0.002778
0.003264
0.003264
0.000972
0.003819
0.003403
0.013125
0.004028
0.003194
0.001667
0.003472
0.002153
0.002847
0.006181
0.002639
0.002361
0.006597
0.002778
0.001944
0.002014
0.002639
0.003194
0.006111
0.004167
0.003264
0.001736
0.005972
0.003403
0.002847
0.007222
0.002014
0.002361
0.005556
0.004722
0.002708
0.005069
0.002639
0.002639
0.002500
0.002778
0.002639
0.002361
0.003056
0.003056
0.003819
0.013958
0.002361
0.002222
0.001875
0.003681
0.001736
0.012917
0.003542
0.003958
0.003611
0.003889
0.002361
0.002847
0.006250
0.002153
0.008333
0.002222
0.003194
0.003333
0.005000
0.006042
0.001806
0.001181
0.004722
0.002014
0.009792
0.002222
0.002153
0.001736
0.004306
0.003403
0.011250
0.002917
0.004167
0.001597
0.004167
0.002778
0.002778
0.003403
0.005764
0.003194
0.013472
0.002500
0.002500
0.002431
0.002361
0.004514
0.012014
0.002917
0.002361
0.003125
0.003472
0.002083
0.002014
0.009861
0.004167
0.001806
0.002431
0.003194
0.002292
0.003472
0.004306
0.002639
0.007222
0.001875
0.002153
0.003125
0.004097
0.004583
0.002569
0.007361
0.002708
0.002778
0.002847
0.001319
0.001944
0.001875
0.003819
0.001597
0.006667
0.007500
0.002014
0.001389
0.001944
0.001181
0.002500
0.004097
0.002222
0.001736
0.007708
0.001736
0.003264
0.001319
0.004306
0.002292
0.004514
0.005556
0.001944
0.003056
0.003750
0.004514
0.001458
0.003542
0.002778
0.001806
0.007292
0.005972
0.003542
0.002431
0.002222
0.001597
0.005000
0.004236
0.002014
0.001597
0.002292
0.008542
0.003333
0.002986
0.001250
0.001250
0.003125
0.001111
0.001944
0.001667
0.001528
0.001528
0.005417
0.010972
0.001528
0.001944
0.001667
0.001250
0.002153
0.007292
0.002778
0.002361
0.008056
0.002361
0.001736
0.003194
0.007847
0.002222
0.006875
0.002847
0.002292
0.002292
0.006667
0.002292
0.002222
0.003750
0.002778
0.001875
0.007361
0.000694
0.001458
0.002083
0.001250
0.002222
0.010069
0.006875
0.002639
0.001667
0.002083
0.001597
0.002431
0.005556
0.003542
0.002847
0.008056
0.002708
0.002083
0.001319
0.001597
0.002500
0.010278
0.005000
0.002639
0.002083
0.001806
0.001181
0.001736
0.007292
0.001944
0.002153
0.005625
0.005278
0.001528
0.002778
0.003194
0.002153
0.006528
0.004167
0.001944
0.001458
0.005764
0.001944
0.003819
0.003750
0.002500
0.002847
0.003403
