0.038264
0.000903
0.002847
0.002778
0.002639
0.001181
0.014306
0.004167
0.002222
0.001111
0.003889
0.003125
0.002986
0.001042
0.005347
0.016111
0.003958
0.002083
0.001389
0.004306
0.003125
0.001111
0.011042
0.002917
0.004306
0.003958
0.004931
0.002778
0.002153
0.001389
0.006944
0.010903
0.004306
0.003194
0.002500
0.003750
0.005000
0.000833
0.006319
0.002361
0.003403
0.004236
0.005972
0.003958
0.006736
0.000972
0.005069
0.002431
0.003472
0.001111
0.003611
0.001944
0.006736
0.001667
0.015139
0.002083
0.002569
0.000972
0.003889
0.001736
0.015764
0.001875
0.005556
0.002014
0.006319
0.000764
0.003472
0.003403
0.002639
0.005417
0.003194
0.002917
0.002986
0.002431
0.006944
0.001667
0.002083
0.001875
0.003889
0.006597
0.001111
0.001042
0.002014
0.003125
0.002500
0.013750
0.003611
0.003611
0.001597
0.001597
0.002083
0.003056
0.002778
0.001806
0.004167
0.015486
0.002361
0.001389
0.002361
0.001806
0.005972
0.014236
0.002500
0.003056
0.002569
0.001458
0.002569
0.001944
0.011875
0.001597
0.003472
0.003403
0.004653
0.000278
0.004792
0.004583
0.003889
0.004167
0.002778
0.002153
0.002014
0.004028
0.004028
0.003750
0.006736
0.001389
0.002847
0.001528
0.001667
0.001111
0.003611
0.002500
0.002153
0.003750
0.011667
0.004167
0.001319
0.000556
0.002778
0.001667
0.004444
0.001181
0.003056
0.009653
0.002639
0.004514
0.002083
0.008194
0.004306
0.002986
0.007708
0.003125
0.006042
0.002292
0.008194
0.001667
0.004097
0.001458
0.003333
0.006806
0.007014
0.004583
0.002153
0.002847
0.003889
0.002986
0.005278
0.003194
0.001181
0.001528
0.008889
0.004653
0.005069
0.001458
0.003472
0.004167
0.001597
0.000903
0.003750
0.000694
0.004167
0.003750
0.013125
0.002431
0.003125
0.000347
0.002083
0.001389
0.010972
0.000972
0.004583
0.004792
0.002153
0.000417
0.005694
0.005972
0.002778
0.003472
0.004861
0.003611
0.004097
0.005278
0.002778
0.001389
0.004583
0.000764
0.004722
0.004861
0.000903
0.001319
0.002014
0.001806
0.002500
0.007639
0.006667
0.002361
0.001458
0.001181
0.001250
0.002083
0.005972
0.001111
0.003472
0.008889
0.001875
0.001181
0.001875
0.001458
0.002986
0.007569
0.004792
0.002500
0.002708
0.001042
0.001944
0.001458
0.008611
0.000833
0.002708
0.005694
0.007500
0.000833
0.005417
0.001528
0.002569
0.003125
0.006319
0.001875
0.001875
0.007292
0.002292
0.003889
0.006528
0.000972
0.004028
0.003403
