0.075139
0.000833
0.002222
0.001389
0.004792
0.002431
0.011458
0.003264
0.003403
0.001528
0.003125
0.002222
0.003958
0.003056
0.003403
0.009028
0.004514
0.000833
0.003056
0.002292
0.003611
0.002569
0.010486
0.003819
0.002847
0.005208
0.004444
0.001319
0.003333
0.002778
0.004514
0.008194
0.004583
0.002639
0.002500
0.002431
0.006389
0.001667
0.009514
0.001528
0.003611
0.005208
0.004861
0.001319
0.007917
0.001319
0.006181
0.001597
0.004931
0.001597
0.003958
0.001250
0.005833
0.003125
0.016458
0.002222
0.005139
0.002569
0.004236
0.000903
0.012153
0.004653
0.003819
0.002083
0.005556
0.002153
0.001667
0.002639
0.002847
0.007639
0.001667
0.003194
0.002639
0.005417
0.003889
0.001111
0.002569
0.003750
0.001875
0.005347
0.003264
0.002083
0.001528
0.001319
0.004931
0.009792
0.002778
0.002986
0.002569
0.003542
0.001806
0.000764
0.004236
0.004722
0.001667
0.009375
0.004792
0.002222
0.002569
0.001042
0.006042
0.014792
0.003333
0.002083
0.004514
0.004514
0.002153
0.000972
0.011250
0.002847
0.003264
0.001597
0.005139
0.001319
0.001806
0.003611
0.005625
0.005139
0.002153
0.001597
0.003889
0.003889
0.004722
0.000764
0.007569
0.003333
0.002292
0.001319
0.002917
0.001181
0.001736
0.001875
0.005069
0.006250
0.007153
0.001319
0.002639
0.001181
0.001736
0.001319
0.005208
0.001528
0.002361
0.003819
0.003264
0.002222
0.001667
0.004653
0.003125
0.002847
0.005972
0.001667
0.003611
0.001250
0.005625
0.000486
0.006389
0.001597
0.003681
0.005208
0.009097
0.002639
0.002569
0.001042
0.005278
0.002708
0.007639
0.001181
0.003889
0.002014
0.008333
0.001667
0.006389
0.001528
0.003958
0.002014
0.004097
0.002153
0.003125
0.000486
0.004375
0.005625
0.008889
0.001806
0.004514
0.001111
0.004097
0.000903
0.008403
0.002569
0.004514
0.003333
0.004861
0.002431
0.001389
0.003542
0.003403
0.006111
0.002847
0.000972
0.004028
0.009028
0.001597
0.001111
0.003958
0.001597
0.001667
0.002639
0.001736
0.002569
0.002431
0.000556
0.003472
0.005625
0.004792
0.002222
0.002569
0.001736
0.000972
0.000694
0.007014
0.002500
0.002569
0.005347
0.005139
0.002014
0.001875
0.000764
0.005694
0.006944
0.006528
0.001181
0.004514
0.002222
0.001736
0.001250
0.009167
0.002222
0.002361
0.003819
0.005833
0.002778
0.002917
0.001042
0.003889
0.006597
0.003681
0.001111
0.003056
0.005833
0.002153
0.001736
0.007083
0.003333
0.003125
0.001181
