0.061875
0.002917
0.002153
0.003056
0.002917
0.003333
0.015556
0.005139
0.001528
0.002569
0.003333
0.002986
0.001944
0.003750
0.003333
0.012778
0.004306
0.003333
0.002083
0.004167
0.002222
0.003125
0.007500
0.004653
0.002431
0.006597
0.003542
0.003125
0.002014
0.001736
0.002778
0.004306
0.004653
0.002361
0.002014
0.004097
0.004514
0.003264
0.007153
0.002222
0.001458
0.005903
0.004306
0.002986
0.004514
0.003194
0.004167
0.002431
0.002639
0.001528
0.002500
0.002847
0.004236
0.002292
0.012222
0.003333
0.002292
0.002569
0.002917
0.003333
0.010625
0.002986
0.003611
0.002361
0.005556
0.002153
0.002639
0.004722
0.002500
0.009792
0.002431
0.003542
0.002708
0.004375
0.005694
0.003194
0.003125
0.004653
0.002708
0.007639
0.003403
0.002917
0.002431
0.002847
0.002222
0.011181
0.003333
0.004236
0.002083
0.004306
0.002639
0.002431
0.002708
0.004861
0.002222
0.007847
0.003889
0.002292
0.001389
0.004444
0.004444
0.012292
0.002361
0.003056
0.001806
0.003542
0.002431
0.002500
0.008403
0.004236
0.002083
0.003542
0.004097
0.002917
0.002778
0.004514
0.003889
0.006042
0.003889
0.002917
0.001319
0.004722
0.005208
0.003264
0.006042
0.003750
0.002778
0.003264
0.001875
0.001944
0.002222
0.003472
0.002083
0.005972
0.007778
0.004444
0.002014
0.001875
0.002083
0.003333
0.005347
0.003333
0.002014
0.006528
0.002292
0.003403
0.001875
0.007083
0.002153
0.003819
0.005139
0.002014
0.002708
0.002847
0.005486
0.002014
0.002361
0.003333
0.001736
0.003056
0.006458
0.002778
0.002292
0.001667
0.002778
0.004375
0.005278
0.002431
0.001042
0.002361
0.008958
0.003611
0.003889
0.002222
0.002153
0.002639
0.002083
0.002361
0.002361
0.001111
0.002222
0.005486
0.007986
0.002222
0.002917
0.002222
0.001667
0.002222
0.005625
0.001806
0.001597
0.004444
0.003194
0.001597
0.002847
0.006042
0.002431
0.005139
0.003889
0.003264
0.003403
0.007014
0.003194
0.002083
0.003958
0.003819
0.001667
0.005069
0.001389
0.001319
0.002500
0.002639
0.002014
0.006667
0.006250
0.001806
0.002917
0.003958
0.002292
0.002847
0.005556
0.004653
0.002222
0.006458
0.003889
0.001667
0.002778
0.001806
0.002222
0.006389
0.005764
0.002153
0.001944
0.002500
0.002014
0.002153
0.008333
0.003333
0.001528
0.004514
0.004583
0.002569
0.003542
0.002778
0.002708
0.005139
0.003542
0.003194
0.002222
0.006042
0.002847
0.004167
0.006389
0.003194
0.003264
0.004028
