0.071806
0.000833
0.001944
0.007431
0.003472
0.002500
0.010764
0.005278
0.001597
0.001250
0.003125
0.002083
0.001944
0.002431
0.003958
0.014861
0.004653
0.000972
0.002778
0.006875
0.000833
0.002222
0.007361
0.005694
0.001736
0.004097
0.005000
0.003125
0.001250
0.002639
0.004722
0.009028
0.004444
0.002153
0.001875
0.006806
0.003333
0.003056
0.007153
0.001806
0.001806
0.003889
0.004653
0.000903
0.005069
0.003125
0.005694
0.001597
0.004792
0.000764
0.001944
0.002083
0.003056
0.002986
0.010694
0.003472
0.002500
0.003264
0.005000
0.001111
0.011528
0.003819
0.003889
0.003194
0.005486
0.000903
0.001597
0.007639
0.002292
0.010069
0.002083
0.007083
0.001181
0.002778
0.005208
0.001875
0.002292
0.004236
0.001944
0.013889
0.003056
0.001528
0.001389
0.003819
0.001875
0.012986
0.002292
0.002986
0.002083
0.003056
0.001667
0.002847
0.002500
0.002986
0.002222
0.015347
0.004097
0.002569
0.001319
0.001875
0.003611
0.016250
0.003333
0.002431
0.001667
0.004097
0.002083
0.001042
0.011319
0.006319
0.002361
0.002639
0.004444
0.002292
0.001806
0.003125
0.002361
0.008194
0.001806
0.001806
0.002431
0.005625
0.005069
0.001667
0.007778
0.007014
0.001597
0.001042
0.001389
0.000972
0.003611
0.005417
0.002014
0.004097
0.008750
0.003611
0.002014
0.001250
0.003264
0.002778
0.004444
0.001111
0.002222
0.007639
0.001944
0.001875
0.002847
0.007431
0.001389
0.003194
0.005625
0.003333
0.002222
0.003333
0.006250
0.003958
0.003333
0.002083
0.002639
0.009722
0.007222
0.002292
0.001667
0.000972
0.002222
0.003333
0.006597
0.000972
0.001944
0.001528
0.008819
0.002083
0.003681
0.001389
0.002847
0.002569
0.002153
0.001736
0.002569
0.002083
0.001389
0.004931
0.005694
0.001597
0.002083
0.001597
0.003056
0.001597
0.006667
0.002153
0.002639
0.008194
0.002847
0.001458
0.002569
0.008750
0.001875
0.005764
0.003681
0.005069
0.001875
0.005972
0.002222
0.001944
0.003125
0.002639
0.001944
0.007014
0.002083
0.002083
0.001042
0.003750
0.001597
0.006528
0.005139
0.002778
0.002292
0.001875
0.002083
0.002153
0.004931
0.001389
0.001389
0.006736
0.004375
0.001597
0.001667
0.000972
0.002778
0.008056
0.005694
0.000694
0.002083
0.002083
0.001181
0.001042
0.007153
0.001528
0.001667
0.004097
0.005486
0.002014
0.002500
0.001736
0.002222
0.008125
0.003819
0.001528
0.002569
0.008403
0.002083
0.001806
0.004097
0.002847
0.001111
0.002361
