0.062222
0.001667
0.002917
0.004583
0.000764
0.001181
0.019722
0.004097
0.000764
0.002847
0.004653
0.003542
0.001458
0.001528
0.006528
0.013681
0.002847
0.002292
0.002361
0.003333
0.001458
0.001736
0.012361
0.007986
0.001250
0.005069
0.007292
0.001944
0.001181
0.002431
0.006042
0.007708
0.003472
0.001944
0.002014
0.006111
0.003056
0.000764
0.012986
0.002153
0.000972
0.003125
0.004931
0.002222
0.009931
0.001250
0.008333
0.001736
0.002986
0.001042
0.002292
0.001458
0.005486
0.002778
0.022222
0.002708
0.000417
0.002361
0.004722
0.001250
0.017639
0.002431
0.006319
0.002500
0.003194
0.001667
0.002083
0.005486
0.001667
0.009861
0.002292
0.006181
0.002292
0.003611
0.003681
0.002431
0.001667
0.004931
0.002222
0.011250
0.000625
0.001528
0.000694
0.003403
0.001528
0.015556
0.001667
0.006667
0.000833
0.003403
0.002569
0.002847
0.002917
0.004861
0.002639
0.016389
0.002083
0.001458
0.001667
0.002500
0.003056
0.014583
0.002431
0.004028
0.001597
0.003542
0.000903
0.001181
0.011458
0.005069
0.004028
0.002431
0.002708
0.001042
0.001667
0.002431
0.004167
0.010903
0.001250
0.001806
0.001042
0.004861
0.004583
0.001458
0.006528
0.006458
0.002083
0.002014
0.000417
0.001111
0.002222
0.004028
0.000278
0.005069
0.010278
0.003194
0.000833
0.001319
0.003056
0.003125
0.002917
0.002431
0.004375
0.009861
0.001042
0.002639
0.002708
0.004306
0.001389
0.003403
0.007917
0.002778
0.002361
0.001597
0.006528
0.001528
0.002153
0.002153
0.003403
0.005694
0.005000
0.002847
0.003681
0.001319
0.002153
0.003611
0.008542
0.003125
0.001042
0.001597
0.007917
0.002153
0.004375
0.001042
0.004861
0.003403
0.000694
0.001667
0.003889
0.000625
0.002431
0.003819
0.011528
0.001667
0.000694
0.000764
0.004097
0.001389
0.008056
0.001389
0.004306
0.006181
0.002500
0.002361
0.002361
0.009236
0.001181
0.005833
0.003611
0.002361
0.002917
0.009097
0.001111
0.002222
0.002292
0.003542
0.002500
0.005486
0.000069
0.001250
0.001111
0.001528
0.000556
0.008264
0.005625
0.002639
0.000347
0.001736
0.000903
0.003403
0.003889
0.001597
0.001319
0.008681
0.002639
0.002708
0.001597
0.000972
0.000903
0.009722
0.004444
0.002014
0.002153
0.002014
0.000694
0.000764
0.006458
0.002292
0.002708
0.002708
0.003333
0.001389
0.003056
0.001667
0.002292
0.004653
0.003403
0.001597
0.000278
0.006181
0.001528
0.003750
0.003333
0.002569
0.002778
0.003194
