0.055000
0.002153
0.002847
0.003542
0.002569
0.002639
0.013056
0.002431
0.002153
0.003056
0.004028
0.002083
0.002292
0.002986
0.003056
0.011736
0.004653
0.002222
0.001111
0.003056
0.003403
0.002083
0.008472
0.002500
0.002431
0.005278
0.003611
0.001806
0.002569
0.002639
0.003750
0.007569
0.006528
0.003125
0.000972
0.004653
0.003403
0.002014
0.006944
0.002014
0.003333
0.006250
0.004444
0.001597
0.004792
0.002361
0.002500
0.001875
0.004236
0.002083
0.001944
0.002153
0.004306
0.003056
0.014514
0.001944
0.001806
0.002847
0.003542
0.001458
0.016875
0.003611
0.003194
0.003194
0.006458
0.002500
0.003333
0.002917
0.002153
0.007431
0.001944
0.003958
0.003403
0.004653
0.004028
0.001458
0.002361
0.004028
0.001667
0.005000
0.002292
0.001319
0.001736
0.003333
0.002361
0.015486
0.003750
0.003403
0.001528
0.004097
0.003403
0.003333
0.002847
0.004514
0.001875
0.014583
0.003611
0.003056
0.001458
0.002083
0.004028
0.009792
0.002361
0.001806
0.003194
0.005556
0.002222
0.002083
0.011528
0.004375
0.002014
0.003125
0.004444
0.001042
0.002778
0.004514
0.005764
0.009236
0.002222
0.002708
0.002361
0.005347
0.005347
0.002500
0.008056
0.005069
0.002361
0.002917
0.001597
0.002639
0.002083
0.002292
0.002639
0.006736
0.008750
0.001319
0.002222
0.002431
0.002639
0.002569
0.005347
0.002708
0.001944
0.006736
0.001458
0.002917
0.001875
0.003542
0.003125
0.003958
0.005278
0.000833
0.003194
0.002431
0.004792
0.001528
0.004375
0.001806
0.001250
0.004583
0.008542
0.002500
0.001458
0.001736
0.001736
0.005000
0.005347
0.002431
0.002847
0.003333
0.007778
0.003056
0.006389
0.001944
0.001250
0.003958
0.001806
0.002778
0.002431
0.001736
0.002986
0.007222
0.008611
0.001875
0.002292
0.001528
0.001875
0.002708
0.009167
0.001458
0.001667
0.005000
0.003403
0.002153
0.002778
0.005069
0.002292
0.006250
0.004514
0.001875
0.003750
0.008819
0.002708
0.001389
0.004514
0.001597
0.002014
0.004028
0.001736
0.002708
0.002361
0.001875
0.003333
0.009444
0.004861
0.002292
0.002361
0.002222
0.001389
0.001806
0.007292
0.001458
0.002014
0.009097
0.004097
0.003125
0.002847
0.001458
0.002153
0.009306
0.005208
0.002431
0.002639
0.003542
0.002153
0.001944
0.007083
0.002292
0.001389
0.003750
0.004236
0.002292
0.002708
0.001806
0.003403
0.008819
0.004306
0.002708
0.001736
0.004583
0.003125
0.003125
0.007569
0.001597
0.002639
0.004028
