0.068194
0.001667
0.002917
0.003750
0.001875
0.002778
0.010486
0.003681
0.002708
0.002431
0.003264
0.002083
0.003819
0.002431
0.002778
0.014097
0.006111
0.001319
0.002431
0.003889
0.002778
0.002014
0.007361
0.004097
0.002361
0.005764
0.004097
0.002917
0.003125
0.002917
0.004375
0.008056
0.004097
0.001944
0.002153
0.005278
0.003264
0.002292
0.004097
0.002917
0.002639
0.004097
0.004236
0.002639
0.007847
0.002778
0.002431
0.003403
0.003472
0.001458
0.002986
0.002708
0.003125
0.001458
0.010694
0.003750
0.002847
0.002500
0.003681
0.001944
0.013194
0.003056
0.004097
0.003819
0.004236
0.002361
0.002847
0.002986
0.002500
0.004861
0.002708
0.003403
0.003264
0.002917
0.004167
0.001944
0.002639
0.002639
0.003125
0.007292
0.003333
0.002569
0.001806
0.004236
0.002292
0.008750
0.001736
0.004097
0.002222
0.003403
0.003819
0.003542
0.003542
0.002986
0.002431
0.015069
0.003611
0.002778
0.002500
0.002917
0.003472
0.011458
0.002014
0.002500
0.003194
0.002431
0.003125
0.001667
0.017569
0.004306
0.002361
0.004861
0.004583
0.001875
0.001597
0.005278
0.002917
0.004375
0.003333
0.003056
0.002361
0.004444
0.003958
0.002917
0.007708
0.003125
0.002153
0.002500
0.002778
0.002014
0.002917
0.004028
0.002708
0.006458
0.007153
0.001944
0.003264
0.001458
0.002083
0.001389
0.005764
0.002222
0.002431
0.007292
0.002014
0.001806
0.001319
0.004861
0.002361
0.003194
0.006319
0.002847
0.001806
0.001806
0.005486
0.002778
0.003403
0.002222
0.001875
0.004653
0.005556
0.002917
0.002500
0.003472
0.002292
0.004167
0.003194
0.002778
0.001806
0.001319
0.005486
0.003333
0.005278
0.002847
0.001319
0.004028
0.002153
0.001944
0.002014
0.003611
0.002847
0.005139
0.006042
0.001944
0.002153
0.001389
0.002500
0.003333
0.007083
0.001875
0.001597
0.005625
0.003819
0.002014
0.004653
0.006667
0.002431
0.004236
0.003958
0.002639
0.004306
0.005278
0.002917
0.001528
0.005625
0.002500
0.002153
0.006667
0.002222
0.001181
0.003264
0.002361
0.002778
0.005417
0.004653
0.003194
0.002500
0.001597
0.001528
0.002014
0.005764
0.002500
0.002083
0.009028
0.004028
0.002708
0.003056
0.002708
0.002153
0.005833
0.004722
0.002361
0.002986
0.002222
0.002708
0.002639
0.009375
0.002778
0.001944
0.004444
0.007083
0.002222
0.002361
0.004306
0.003194
0.003750
0.002917
0.002500
0.002639
0.007361
0.001667
0.005000
0.006875
0.001944
0.002986
0.004722
