0.062569
0.001806
0.001458
0.001458
0.003958
0.002639
0.015208
0.003056
0.001319
0.001736
0.001389
0.001875
0.001389
0.004028
0.002986
0.015069
0.003194
0.003125
0.001111
0.002917
0.002847
0.002500
0.006458
0.002639
0.002847
0.004722
0.002986
0.001042
0.002361
0.002222
0.003750
0.008472
0.002708
0.003819
0.000556
0.004375
0.005069
0.002778
0.007639
0.001389
0.003750
0.005278
0.002639
0.001597
0.009028
0.003542
0.002292
0.001111
0.003681
0.001458
0.002083
0.001389
0.007083
0.003542
0.014028
0.002222
0.003472
0.002431
0.002083
0.000903
0.014583
0.002569
0.003194
0.001667
0.004375
0.003333
0.001667
0.003403
0.002847
0.009514
0.001181
0.002500
0.003194
0.005069
0.004236
0.001250
0.001944
0.008333
0.001528
0.006597
0.001597
0.004028
0.001042
0.002431
0.002986
0.017986
0.001736
0.002222
0.002569
0.004375
0.000694
0.001736
0.003403
0.007500
0.002361
0.017014
0.004167
0.005278
0.000903
0.001528
0.005000
0.018194
0.001389
0.001944
0.004444
0.006597
0.001389
0.000903
0.012708
0.007083
0.001667
0.002222
0.003611
0.003194
0.001597
0.004236
0.005347
0.013264
0.001667
0.000833
0.002153
0.006597
0.005139
0.001319
0.009306
0.007917
0.002222
0.002292
0.001181
0.001389
0.001319
0.002361
0.002986
0.004653
0.007500
0.000903
0.001111
0.001667
0.001181
0.000972
0.004444
0.002153
0.001389
0.008194
0.001806
0.003472
0.000694
0.005069
0.003125
0.003542
0.003264
0.001042
0.003333
0.002569
0.004722
0.000069
0.003333
0.003681
0.000833
0.004583
0.006111
0.006250
0.000347
0.001042
0.003611
0.004028
0.004028
0.000833
0.002361
0.003819
0.005903
0.003472
0.005486
0.003333
0.001042
0.002847
0.002500
0.001944
0.001806
0.000764
0.003472
0.004444
0.009097
0.001667
0.002083
0.001667
0.001250
0.000417
0.008611
0.001458
0.001181
0.004028
0.004167
0.003264
0.004167
0.005000
0.003264
0.006181
0.003472
0.001806
0.003264
0.007222
0.001944
0.000694
0.004236
0.005764
0.002500
0.006597
0.001042
0.003750
0.001042
0.001042
0.002292
0.011528
0.004444
0.000972
0.000972
0.002361
0.000833
0.000903
0.004097
0.003542
0.001458
0.006944
0.005347
0.005069
0.000903
0.000764
0.002708
0.011111
0.005069
0.001181
0.002986
0.003264
0.000556
0.001458
0.008264
0.003958
0.001458
0.005139
0.005278
0.002986
0.003333
0.001875
0.005069
0.007847
0.003681
0.001736
0.001042
0.008403
0.001250
0.002222
0.006875
0.004097
0.002431
0.002569
