0.058403
0.000694
0.002014
0.005000
0.001042
0.000833
0.016250
0.005903
0.000417
0.000833
0.004931
0.003472
0.001319
0.001736
0.006042
0.017014
0.003264
0.003125
0.000972
0.006736
0.002292
0.000764
0.008750
0.006667
0.000556
0.003542
0.005347
0.004167
0.002153
0.001667
0.007431
0.013750
0.005278
0.001250
0.003889
0.007292
0.003333
0.000694
0.009028
0.003542
0.000764
0.003333
0.003264
0.001806
0.010556
0.001597
0.006111
0.002153
0.001389
0.001111
0.002361
0.003056
0.003611
0.001528
0.013681
0.002778
0.001111
0.001389
0.004792
0.002222
0.015208
0.002847
0.008125
0.003403
0.009583
0.002222
0.002083
0.007431
0.002569
0.007500
0.001667
0.008681
0.000486
0.003264
0.003958
0.003125
0.001181
0.005347
0.001389
0.010694
0.000903
0.002083
0.001042
0.005417
0.002014
0.011875
0.002292
0.005625
0.000486
0.003056
0.001875
0.004444
0.005486
0.004792
0.003472
0.017708
0.002708
0.001042
0.000833
0.002292
0.002986
0.014861
0.002083
0.003472
0.002083
0.002222
0.000903
0.001250
0.014792
0.004792
0.002153
0.003264
0.002778
0.001181
0.001528
0.004861
0.002361
0.004931
0.001736
0.002431
0.000694
0.003056
0.003889
0.003056
0.007292
0.005208
0.001806
0.002153
0.000625
0.000347
0.004236
0.003958
0.000486
0.003542
0.008333
0.003819
0.001389
0.000139
0.002361
0.002083
0.003472
0.001319
0.002847
0.011389
0.002153
0.002639
0.000625
0.007569
0.001597
0.002153
0.005833
0.004792
0.002639
0.001528
0.005694
0.003681
0.002500
0.001736
0.003958
0.009444
0.005417
0.001736
0.006250
0.005000
0.001389
0.001597
0.006319
0.002847
0.000694
0.001250
0.006458
0.004306
0.005347
0.001667
0.003125
0.004375
0.000694
0.000694
0.002292
0.001944
0.001319
0.004375
0.007431
0.001319
0.000833
0.000764
0.003472
0.002361
0.007639
0.001875
0.005694
0.009167
0.003889
0.003125
0.003472
0.006389
0.001042
0.004861
0.002778
0.003403
0.002847
0.007361
0.002569
0.002153
0.002153
0.003681
0.002222
0.008542
0.001250
0.000764
0.000972
0.003889
0.001250
0.007222
0.003125
0.003889
0.000972
0.001042
0.000903
0.004306
0.009583
0.003819
0.001944
0.008611
0.002569
0.000694
0.001319
0.000556
0.000347
0.005486
0.004653
0.001389
0.000625
0.000486
0.000417
0.000903
0.008056
0.002292
0.001806
0.005694
0.004167
0.001111
0.002083
0.002153
0.000903
0.004375
0.002292
0.002431
0.000278
0.004722
0.001181
0.004097
0.005764
0.003681
0.002639
0.004236
