0.072222
0.001319
0.002917
0.003403
0.002708
0.002639
0.014236
0.004167
0.002708
0.002500
0.005000
0.002778
0.002292
0.002222
0.002292
0.011458
0.005139
0.003125
0.002083
0.003819
0.003056
0.003403
0.003819
0.003264
0.002500
0.005278
0.004167
0.001875
0.001597
0.002986
0.003542
0.006250
0.003819
0.002778
0.002639
0.005903
0.003750
0.002639
0.006319
0.002917
0.002153
0.004028
0.005556
0.002222
0.006042
0.002917
0.003056
0.002222
0.002778
0.002153
0.002778
0.002361
0.004861
0.002778
0.013542
0.002778
0.002222
0.002569
0.005347
0.001875
0.011458
0.002708
0.004097
0.002917
0.005278
0.002431
0.002708
0.006042
0.003403
0.008958
0.002847
0.002361
0.001597
0.003333
0.007083
0.002431
0.002222
0.003472
0.001667
0.006875
0.002639
0.003611
0.001806
0.002708
0.001389
0.011458
0.003472
0.004514
0.001319
0.003611
0.002986
0.002708
0.003403
0.003264
0.002778
0.010069
0.003542
0.002292
0.002500
0.003542
0.003611
0.017014
0.004306
0.001458
0.001597
0.004028
0.002361
0.001389
0.010139
0.004444
0.002222
0.001319
0.004514
0.001944
0.001528
0.004861
0.002778
0.007292
0.002431
0.002222
0.001319
0.003681
0.006111
0.001806
0.004792
0.003958
0.002361
0.002292
0.001597
0.003333
0.002222
0.003611
0.001736
0.005486
0.008264
0.002361
0.002083
0.001875
0.002917
0.002917
0.005208
0.001944
0.001389
0.006181
0.001458
0.003542
0.001667
0.005556
0.001528
0.004514
0.005625
0.002431
0.003889
0.002153
0.007014
0.001181
0.003264
0.003056
0.002083
0.006597
0.006250
0.002778
0.002153
0.002639
0.001944
0.005486
0.007014
0.001736
0.001944
0.001667
0.009236
0.004167
0.005625
0.002986
0.001528
0.003750
0.002083
0.002778
0.002222
0.001250
0.003056
0.003542
0.009931
0.002222
0.003056
0.002014
0.004167
0.002014
0.006736
0.002014
0.002153
0.008056
0.001944
0.002014
0.003056
0.006458
0.001944
0.004722
0.004792
0.001319
0.002917
0.007153
0.002639
0.001944
0.003542
0.001944
0.002917
0.004514
0.001181
0.001736
0.001944
0.001667
0.001250
0.008750
0.006528
0.002847
0.002500
0.001944
0.002569
0.002292
0.005556
0.002361
0.001736
0.009583
0.004028
0.002292
0.001667
0.001250
0.002292
0.008819
0.007153
0.001181
0.002014
0.002569
0.002014
0.002847
0.007153
0.003611
0.002639
0.004444
0.004653
0.001597
0.003125
0.001806
0.001806
0.003750
0.004722
0.002014
0.001806
0.006042
0.002292
0.001667
0.004375
0.001736
0.002083
0.004375
