0.068750
0.001042
0.003472
0.004861
0.003611
0.002361
0.012292
0.003403
0.001667
0.000903
0.006389
0.002014
0.002500
0.003542
0.004097
0.011806
0.003125
0.002014
0.003472
0.003125
0.002708
0.001944
0.008889
0.003819
0.001875
0.004097
0.007153
0.001319
0.001944
0.002014
0.005347
0.011528
0.005208
0.001597
0.002778
0.004653
0.003889
0.001806
0.008125
0.002639
0.001875
0.004167
0.005833
0.002222
0.006389
0.001597
0.003403
0.001181
0.003333
0.002083
0.004097
0.001736
0.003681
0.001806
0.015556
0.003333
0.002292
0.001528
0.003403
0.001181
0.013472
0.003056
0.006111
0.003194
0.003889
0.001736
0.003056
0.005347
0.003194
0.006319
0.002708
0.003750
0.002639
0.003264
0.006042
0.002431
0.002153
0.005556
0.002639
0.006736
0.003750
0.002708
0.001806
0.002778
0.004167
0.012708
0.002569
0.003889
0.001528
0.002708
0.002778
0.002083
0.002500
0.004444
0.003194
0.012778
0.004306
0.003333
0.001875
0.001389
0.002569
0.011667
0.003472
0.002361
0.002917
0.001944
0.002222
0.001389
0.009028
0.003611
0.003333
0.002014
0.005069
0.002500
0.003958
0.003542
0.005139
0.005278
0.001806
0.001875
0.002431
0.003681
0.004653
0.001597
0.008750
0.004375
0.002500
0.001389
0.002222
0.001042
0.004306
0.003264
0.003472
0.004653
0.008264
0.002222
0.002639
0.000764
0.003958
0.002222
0.002986
0.002014
0.005069
0.006250
0.001736
0.002014
0.001458
0.006389
0.002014
0.002500
0.007569
0.002778
0.003194
0.001875
0.005417
0.001042
0.003403
0.001875
0.002431
0.009097
0.006806
0.001736
0.002847
0.001736
0.003194
0.003194
0.006667
0.002153
0.003333
0.001181
0.008889
0.002292
0.004306
0.002361
0.004236
0.002986
0.002569
0.001181
0.002431
0.000694
0.002361
0.004722
0.009028
0.002500
0.003681
0.000764
0.002708
0.001111
0.009097
0.001736
0.002292
0.006597
0.001458
0.001250
0.003264
0.006806
0.002569
0.004653
0.003681
0.002639
0.003681
0.007014
0.002500
0.002361
0.003958
0.002986
0.002153
0.005347
0.001319
0.001806
0.001319
0.001736
0.001806
0.006597
0.007708
0.003264
0.002153
0.001597
0.001319
0.001458
0.007292
0.003194
0.002153
0.007639
0.003611
0.001319
0.001319
0.001250
0.002222
0.007292
0.005764
0.001667
0.002569
0.001528
0.002083
0.001389
0.007708
0.003472
0.003750
0.004792
0.005833
0.001944
0.002014
0.001319
0.001944
0.004097
0.004236
0.001597
0.002083
0.005139
0.002014
0.002083
0.008472
0.002917
0.001667
0.002569
