0.068056
0.000972
0.002917
0.004306
0.002778
0.002708
0.010486
0.005833
0.000833
0.001944
0.005972
0.002708
0.000833
0.002847
0.006389
0.012708
0.002917
0.000694
0.001875
0.004236
0.001736
0.001736
0.010625
0.005486
0.000972
0.005417
0.007083
0.001458
0.001597
0.002083
0.006042
0.012847
0.002639
0.001528
0.002292
0.003472
0.006181
0.001528
0.012986
0.001736
0.001389
0.002986
0.006042
0.000903
0.012014
0.002639
0.010486
0.001389
0.002222
0.000278
0.003125
0.001458
0.003333
0.002917
0.009375
0.001875
0.002986
0.001389
0.004444
0.001042
0.011944
0.003333
0.006181
0.002361
0.003056
0.002500
0.001111
0.004583
0.002083
0.016389
0.002153
0.006111
0.001944
0.003264
0.003611
0.002361
0.001111
0.012986
0.001875
0.012569
0.001806
0.002083
0.001458
0.003125
0.001806
0.014167
0.002014
0.005278
0.001597
0.006944
0.002778
0.003750
0.001736
0.004653
0.002222
0.012431
0.003681
0.002083
0.001111
0.001389
0.004653
0.010972
0.003333
0.002986
0.001875
0.003264
0.002153
0.001181
0.012708
0.005417
0.002361
0.001944
0.003889
0.002569
0.001736
0.003750
0.003889
0.008958
0.001597
0.001111
0.001944
0.006181
0.004306
0.001597
0.008125
0.005000
0.002569
0.001458
0.001181
0.001667
0.002917
0.003333
0.002292
0.005903
0.008750
0.003472
0.001042
0.001736
0.002083
0.002847
0.003542
0.001875
0.002708
0.006597
0.000972
0.001944
0.003333
0.008819
0.000833
0.003264
0.009236
0.001875
0.001806
0.002431
0.007708
0.002153
0.002431
0.001319
0.002778
0.005625
0.005556
0.002153
0.002431
0.001389
0.002639
0.001528
0.009028
0.001250
0.001181
0.002708
0.009028
0.000833
0.005972
0.001250
0.006806
0.001736
0.001181
0.001111
0.004792
0.001458
0.001597
0.005486
0.007083
0.000903
0.002083
0.000903
0.004653
0.001319
0.006528
0.001597
0.001667
0.004792
0.002569
0.002639
0.001944
0.005903
0.001806
0.010833
0.002708
0.003611
0.001736
0.006806
0.001181
0.002083
0.002083
0.003264
0.001736
0.006667
0.000625
0.003125
0.001319
0.003750
0.001389
0.008819
0.003194
0.002431
0.001736
0.004167
0.001181
0.004306
0.002222
0.002569
0.002708
0.006319
0.002500
0.001597
0.000972
0.000903
0.002292
0.008819
0.006042
0.000972
0.001042
0.002500
0.000556
0.001597
0.006458
0.001389
0.001806
0.004583
0.004375
0.002153
0.002014
0.001875
0.002222
0.006458
0.002222
0.001389
0.002431
0.006319
0.001111
0.002083
0.004583
0.002778
0.000972
0.001528
