0.062431
0.002083
0.001667
0.005208
0.002569
0.003194
0.011319
0.003264
0.001389
0.002639
0.005625
0.002569
0.002292
0.004514
0.002500
0.015347
0.004028
0.002778
0.000903
0.005069
0.003125
0.002500
0.008194
0.003056
0.001944
0.006389
0.002708
0.001875
0.002222
0.003194
0.003194
0.007153
0.005000
0.002431
0.001736
0.005278
0.001319
0.001944
0.005139
0.002361
0.001111
0.004653
0.004236
0.002014
0.005347
0.002153
0.001806
0.002708
0.003819
0.001319
0.001389
0.002014
0.004097
0.004653
0.013056
0.003194
0.001944
0.002292
0.003056
0.001597
0.012639
0.003611
0.003750
0.004167
0.006250
0.003125
0.002292
0.004167
0.003194
0.008264
0.001319
0.005417
0.001875
0.004722
0.005972
0.001806
0.001319
0.004097
0.001736
0.006111
0.002639
0.002431
0.001111
0.005417
0.002847
0.012500
0.004167
0.002639
0.001736
0.004028
0.002083
0.002500
0.003958
0.005417
0.004028
0.012639
0.004028
0.002083
0.001806
0.002569
0.002500
0.014167
0.001875
0.002500
0.002431
0.003819
0.003056
0.001875
0.011875
0.005417
0.001875
0.003472
0.002917
0.001528
0.001597
0.006528
0.002917
0.007153
0.001319
0.003056
0.001319
0.005903
0.003958
0.001597
0.005972
0.005694
0.001806
0.004167
0.001667
0.003125
0.001944
0.005903
0.002500
0.007083
0.007500
0.002014
0.002500
0.002222
0.005208
0.002847
0.003958
0.002500
0.001458
0.011181
0.001736
0.003056
0.001528
0.006111
0.002014
0.004028
0.005556
0.001181
0.002778
0.003333
0.004097
0.002917
0.003403
0.002778
0.001319
0.004097
0.006250
0.001806
0.002778
0.004028
0.001319
0.003958
0.003194
0.002778
0.001389
0.003194
0.009375
0.003264
0.003056
0.001806
0.000556
0.003611
0.002292
0.002361
0.002222
0.002222
0.002222
0.006806
0.009028
0.002222
0.000972
0.002778
0.001736
0.003542
0.006667
0.001806
0.001528
0.005694
0.002847
0.002778
0.002431
0.007500
0.002708
0.006250
0.004167
0.001944
0.003472
0.008611
0.002014
0.001736
0.003750
0.001667
0.001736
0.004653
0.002083
0.003056
0.002014
0.002708
0.001458
0.008889
0.005486
0.001667
0.001458
0.003611
0.001528
0.001111
0.005694
0.002917
0.001667
0.008264
0.003889
0.002500
0.002431
0.002431
0.000972
0.008958
0.005278
0.002986
0.001944
0.003750
0.002083
0.001806
0.007431
0.002153
0.001806
0.005764
0.004583
0.002292
0.002431
0.003056
0.001458
0.005556
0.003472
0.003333
0.001667
0.007986
0.002153
0.002500
0.004861
0.003125
0.001597
0.004514
