0.114659
0.001041
0.002081
0.002927
0.002732
0.003187
0.009105
0.004618
0.001561
0.002927
0.002601
0.003772
0.003447
0.003772
0.003122
0.009300
0.003512
0.003512
0.001886
0.004553
0.002016
0.002471
0.005658
0.004292
0.003382
0.005463
0.004683
0.003642
0.002471
0.003122
0.001821
0.005528
0.003317
0.003057
0.002081
0.004422
0.003187
0.001821
0.004813
0.003512
0.003512
0.005008
0.002797
0.003252
0.004878
0.002732
0.002276
0.002536
0.002471
0.001106
0.002732
0.002862
0.003187
0.003577
0.007609
0.003447
0.002406
0.003447
0.003122
0.002862
0.008130
0.003252
0.001886
0.003252
0.004162
0.001886
0.002406
0.002862
0.001886
0.005073
0.002211
0.004553
0.002276
0.003772
0.004488
0.002211
0.002211
0.003187
0.002536
0.005853
0.002211
0.002536
0.002081
0.004097
0.002666
0.008065
0.002862
0.004422
0.002862
0.003577
0.003642
0.003642
0.002211
0.003382
0.002081
0.008130
0.003187
0.001886
0.001886
0.002341
0.002927
0.007414
0.002732
0.004553
0.002732
0.003447
0.003252
0.002601
0.006959
0.004032
0.002601
0.003512
0.004227
0.002406
0.001951
0.006439
0.003252
0.008130
0.002406
0.002732
0.003707
0.005008
0.005723
0.003122
0.006829
0.004357
0.002732
0.002797
0.001431
0.002471
0.002211
0.004683
0.001951
0.006569
0.006309
0.003577
0.001301
0.001821
0.001691
0.003642
0.002992
0.002341
0.002862
0.006959
0.003447
0.004032
0.002146
0.006178
0.002276
0.003642
0.003252
0.002341
0.003187
0.004618
0.005333
0.003512
0.002992
0.002471
0.002081
0.004683
0.006178
0.002732
0.002016
0.003512
0.003057
0.003902
0.003577
0.003512
0.002341
0.003447
0.005918
0.002927
0.003642
0.002081
0.002276
0.003187
0.001821
0.002146
0.001821
0.002471
0.002601
0.004227
0.005853
0.002862
0.002406
0.002081
0.002406
0.002276
0.005268
0.001886
0.001626
0.004422
0.003057
0.002536
0.004097
0.004813
0.002601
0.005398
0.003187
0.003057
0.002992
0.005918
0.002862
0.002536
0.003252
0.002471
0.002276
0.005658
0.001886
0.001821
0.002341
0.002601
0.002797
0.007284
0.004292
0.003707
0.001561
0.001886
0.002797
0.002992
0.003577
0.002666
0.001626
0.005918
0.004618
0.002471
0.002081
0.002536
0.003187
0.008130
0.005268
0.003057
0.002536
0.002797
0.001886
0.002146
0.005203
0.001951
0.003317
0.005008
0.004618
0.002992
0.004357
0.003967
0.003252
0.005528
0.004357
0.003382
0.002666
0.004227
0.003382
0.003252
0.004422
0.002732
0.002471
0.002927
