0.082661
0.001236
0.004748
0.006374
0.002992
0.001821
0.007609
0.003512
0.003512
0.001496
0.005593
0.003382
0.002341
0.002862
0.004618
0.009625
0.002536
0.001366
0.003707
0.007739
0.002536
0.000976
0.006048
0.006309
0.002211
0.002211
0.008390
0.003837
0.002146
0.001236
0.006113
0.008260
0.007414
0.001106
0.003902
0.004813
0.003512
0.000585
0.005983
0.002797
0.003707
0.002341
0.008195
0.003577
0.004422
0.001496
0.005528
0.002862
0.004748
0.001496
0.003707
0.003187
0.002992
0.002666
0.008260
0.003837
0.002406
0.002471
0.006243
0.002601
0.009105
0.001756
0.004553
0.003252
0.004553
0.000976
0.003772
0.007739
0.001301
0.002862
0.001886
0.003967
0.002471
0.004553
0.003902
0.003187
0.002536
0.001951
0.003447
0.006959
0.002797
0.001041
0.002992
0.005203
0.002992
0.004488
0.003382
0.005138
0.001821
0.002146
0.003447
0.002536
0.002276
0.001496
0.005073
0.008585
0.004162
0.000780
0.003317
0.004097
0.002992
0.004943
0.003122
0.003837
0.003187
0.001691
0.004618
0.002732
0.005203
0.001691
0.003642
0.002927
0.005593
0.001106
0.002927
0.003772
0.003772
0.002471
0.002536
0.003252
0.002146
0.004422
0.003512
0.002732
0.005723
0.001626
0.002862
0.002016
0.002536
0.001171
0.004097
0.007739
0.002536
0.002016
0.007349
0.002992
0.002732
0.000650
0.007024
0.005073
0.002536
0.001561
0.003382
0.007739
0.002081
0.001561
0.003122
0.009040
0.003902
0.001236
0.006178
0.004553
0.002146
0.001431
0.007219
0.003382
0.002666
0.001366
0.005268
0.006178
0.008585
0.001171
0.003577
0.003252
0.003512
0.001691
0.005528
0.002992
0.004422
0.001626
0.011186
0.003577
0.004227
0.001366
0.004422
0.003577
0.004683
0.001171
0.003252
0.001886
0.002536
0.002601
0.007739
0.004032
0.002601
0.000780
0.005723
0.002276
0.005788
0.002146
0.004488
0.003837
0.002601
0.001301
0.004357
0.008780
0.002732
0.001431
0.004162
0.003837
0.002471
0.007154
0.003707
0.003382
0.002341
0.001366
0.003707
0.004488
0.001626
0.001366
0.002276
0.004488
0.002471
0.002927
0.003707
0.003967
0.001756
0.002732
0.002471
0.003707
0.003837
0.001301
0.003642
0.006959
0.005463
0.001171
0.002666
0.002081
0.002341
0.002276
0.004683
0.004097
0.003642
0.001886
0.002406
0.001626
0.003512
0.001236
0.003642
0.003707
0.006894
0.000911
0.002211
0.002276
0.004618
0.002341
0.004227
0.003122
0.002471
0.006178
0.002601
0.002862
0.004097
0.001171
0.003382
0.004032
