0.149030
0.001764
0.002520
0.004598
0.004472
0.001953
0.002771
0.002708
0.003401
0.001197
0.003149
0.001827
0.003023
0.001890
0.002142
0.005858
0.001890
0.001197
0.001134
0.004661
0.001638
0.000441
0.004220
0.001386
0.003527
0.001701
0.005480
0.005921
0.003779
0.001764
0.006488
0.010582
0.007622
0.004850
0.003842
0.003086
0.002520
0.002205
0.007118
0.002142
0.003779
0.001827
0.004346
0.001197
0.004346
0.001386
0.007937
0.001323
0.002205
0.001512
0.003212
0.001764
0.001827
0.001386
0.002205
0.001449
0.005291
0.004220
0.011401
0.004598
0.008944
0.003653
0.010267
0.003212
0.003464
0.002394
0.005039
0.005102
0.002394
0.005480
0.003149
0.001512
0.001197
0.002583
0.001953
0.002142
0.001512
0.003842
0.002079
0.002771
0.002016
0.001512
0.002205
0.001701
0.001386
0.001764
0.001323
0.001134
0.004787
0.007181
0.003968
0.004094
0.004283
0.004850
0.005291
0.007244
0.005165
0.002771
0.003590
0.003527
0.003779
0.002016
0.002079
0.003086
0.003212
0.002646
0.001953
0.003590
0.004787
0.001575
0.003023
0.002016
0.004220
0.000630
0.001323
0.001134
0.001386
0.002708
0.001197
0.001260
0.006866
0.004535
0.002646
0.002708
0.012346
0.005102
0.002834
0.003527
0.003842
0.001575
0.004850
0.011149
0.003086
0.001701
0.005669
0.004094
0.002646
0.000504
0.002897
0.001953
0.002457
0.001008
0.001701
0.003842
0.002520
0.001764
0.002771
0.006236
0.002016
0.001449
0.003905
0.001512
0.003401
0.001449
0.003401
0.003716
0.003653
0.002205
0.003023
0.003779
0.009385
0.004094
0.006992
0.003338
0.004409
0.002834
0.011464
0.004220
0.002583
0.001323
0.001512
0.000882
0.001827
0.001764
0.003086
0.001953
0.004976
0.001449
0.007811
0.001638
0.002394
0.002394
0.004031
0.001260
0.002897
0.002142
0.006488
0.002897
0.005984
0.004283
0.004346
0.003086
0.003275
0.003842
0.005669
0.007496
0.004787
0.009007
0.003905
0.003716
0.001449
0.000819
0.001386
0.000504
0.001701
0.001701
0.001638
0.001071
0.002394
0.002960
0.001386
0.003905
0.001764
0.003338
0.001638
0.001575
0.002897
0.004409
0.002646
0.002016
0.003401
0.003023
0.004976
0.004850
0.015495
0.003275
0.002583
0.002142
0.006425
0.004409
0.002331
0.002646
0.001953
0.002331
0.000819
0.001386
0.004913
0.001575
0.001953
0.001701
0.005669
0.001512
0.002142
0.002079
0.001701
0.003527
0.001323
0.001827
0.004346
0.001953
0.001701
0.003401
0.005039
0.003527
0.003590
0.002708
