0.133157
0.003401
0.002771
0.003653
0.003905
0.003653
0.002331
0.002016
0.004598
0.002142
0.005039
0.001575
0.002079
0.003086
0.002142
0.003905
0.002897
0.002079
0.001701
0.003779
0.002268
0.002079
0.005480
0.001071
0.003653
0.003086
0.003968
0.003275
0.002960
0.003842
0.002583
0.004850
0.005921
0.004661
0.003401
0.003086
0.002897
0.005480
0.006866
0.003212
0.002520
0.002583
0.005102
0.001134
0.003653
0.002897
0.003338
0.001638
0.002268
0.002960
0.002583
0.002142
0.001953
0.003212
0.002960
0.001575
0.004913
0.005921
0.007811
0.004976
0.007811
0.006173
0.004787
0.003086
0.003527
0.003653
0.004031
0.004787
0.004409
0.006740
0.004409
0.001890
0.001449
0.003401
0.002897
0.001827
0.002268
0.002016
0.002142
0.002331
0.003401
0.002331
0.002205
0.001134
0.001890
0.001701
0.003527
0.001512
0.005354
0.007118
0.004787
0.002771
0.004850
0.004220
0.006614
0.006803
0.004031
0.002897
0.003338
0.003716
0.003275
0.003023
0.004598
0.003149
0.002708
0.005291
0.002142
0.003149
0.005291
0.001890
0.004031
0.001134
0.003527
0.001575
0.002646
0.001512
0.001386
0.004094
0.002897
0.001260
0.004031
0.004661
0.003023
0.003023
0.006236
0.003653
0.002834
0.002268
0.004535
0.002960
0.003023
0.006488
0.003338
0.003527
0.003653
0.002960
0.002142
0.002457
0.003716
0.001323
0.002583
0.002457
0.001890
0.003023
0.002079
0.003338
0.002331
0.003653
0.003023
0.001953
0.004661
0.001071
0.004220
0.003842
0.002520
0.002457
0.004283
0.002897
0.002646
0.002834
0.007244
0.006047
0.003653
0.003023
0.003905
0.004787
0.010897
0.004409
0.002834
0.002771
0.002268
0.001701
0.002897
0.002897
0.003212
0.001953
0.003653
0.002268
0.003149
0.001386
0.002268
0.002268
0.004472
0.001512
0.003275
0.005165
0.004724
0.003275
0.004598
0.005480
0.004661
0.003842
0.004409
0.003716
0.005606
0.006299
0.005102
0.010708
0.003653
0.002079
0.001890
0.001197
0.003968
0.001323
0.002205
0.002016
0.002079
0.001071
0.002205
0.002268
0.003212
0.002016
0.001764
0.003023
0.002331
0.001764
0.004157
0.004850
0.004724
0.002331
0.004535
0.002960
0.005732
0.003779
0.009763
0.003338
0.002520
0.002771
0.004409
0.005417
0.003275
0.002771
0.001764
0.002897
0.002142
0.001638
0.003464
0.001512
0.002771
0.002268
0.006173
0.002205
0.003338
0.001638
0.001953
0.004724
0.002331
0.002016
0.003779
0.003149
0.003527
0.002960
0.004535
0.003716
0.003716
0.003338
