0.080877
0.002205
0.003842
0.004976
0.003779
0.002394
0.004283
0.002834
0.004913
0.001386
0.004535
0.002331
0.003590
0.002834
0.002708
0.004976
0.002079
0.002016
0.002331
0.004913
0.002016
0.001071
0.003653
0.002268
0.003590
0.001512
0.006866
0.006047
0.004094
0.001764
0.007055
0.007307
0.005795
0.003338
0.004283
0.003968
0.002520
0.002708
0.007999
0.003779
0.003023
0.001953
0.005039
0.002079
0.003779
0.002394
0.005480
0.001890
0.002708
0.002394
0.003464
0.002771
0.002394
0.002771
0.003464
0.001701
0.004031
0.004157
0.009511
0.004346
0.006299
0.004157
0.007244
0.004535
0.003842
0.003023
0.005480
0.005732
0.003149
0.004157
0.004787
0.001890
0.001764
0.002268
0.002771
0.001953
0.002394
0.003464
0.003212
0.002771
0.002960
0.002394
0.002897
0.001827
0.002205
0.001449
0.002960
0.001638
0.004724
0.006488
0.006299
0.003716
0.003401
0.003212
0.005228
0.007999
0.004157
0.002142
0.004535
0.004157
0.003275
0.002142
0.003338
0.002205
0.002834
0.003779
0.003464
0.004094
0.005732
0.002016
0.003842
0.002583
0.004283
0.001323
0.003149
0.002708
0.001512
0.003905
0.002394
0.001701
0.004787
0.003905
0.003275
0.003275
0.006929
0.003527
0.004031
0.003401
0.003212
0.002394
0.004472
0.010456
0.003149
0.002457
0.007307
0.004850
0.003023
0.001575
0.003338
0.001890
0.003401
0.002268
0.002583
0.004535
0.003779
0.002771
0.003968
0.004976
0.003779
0.001449
0.004472
0.003086
0.003086
0.001827
0.003275
0.004220
0.005165
0.002583
0.004598
0.005543
0.007559
0.004220
0.006110
0.003905
0.003779
0.002583
0.011212
0.003653
0.002205
0.001764
0.003023
0.002016
0.003212
0.001953
0.004787
0.002457
0.005858
0.001638
0.004850
0.002331
0.002016
0.001638
0.004346
0.002079
0.002834
0.002771
0.006677
0.002394
0.004787
0.004283
0.005480
0.004157
0.003149
0.003338
0.006110
0.006992
0.004157
0.008377
0.005228
0.003149
0.002268
0.001386
0.002394
0.001890
0.002520
0.002457
0.002834
0.001953
0.001449
0.003212
0.003149
0.003149
0.002142
0.003212
0.002708
0.001764
0.003086
0.003527
0.004346
0.002079
0.004157
0.003716
0.006929
0.004346
0.009385
0.002708
0.003023
0.003275
0.004913
0.004031
0.003842
0.003212
0.002457
0.002646
0.001827
0.001890
0.003905
0.002016
0.002897
0.002708
0.006110
0.001512
0.003401
0.002457
0.001638
0.003968
0.003338
0.002583
0.004031
0.002394
0.004031
0.003149
0.004850
0.003212
0.004283
0.003590
