0.081816
0.002211
0.004162
0.003967
0.003772
0.001171
0.007804
0.001691
0.003577
0.001886
0.004683
0.002536
0.003187
0.001561
0.004032
0.005463
0.003187
0.001691
0.003512
0.006959
0.004292
0.000976
0.006829
0.004357
0.002992
0.001561
0.007089
0.001886
0.004292
0.002081
0.006113
0.005268
0.007284
0.001691
0.005463
0.004422
0.003252
0.001366
0.006764
0.002471
0.004162
0.002601
0.008520
0.003382
0.004162
0.001496
0.005073
0.001756
0.003642
0.001951
0.004357
0.003707
0.004162
0.003382
0.009105
0.005463
0.002146
0.002211
0.003967
0.003642
0.007544
0.002862
0.004943
0.003772
0.004032
0.001366
0.004618
0.006048
0.003642
0.002471
0.002211
0.002016
0.003642
0.003707
0.003772
0.002992
0.002536
0.002211
0.002992
0.003512
0.004488
0.000976
0.004227
0.002797
0.005138
0.004422
0.003122
0.002601
0.002927
0.002341
0.004162
0.001691
0.004032
0.001821
0.004553
0.004813
0.005138
0.001756
0.004422
0.004032
0.002536
0.005073
0.004032
0.002927
0.003122
0.001366
0.004097
0.002276
0.005333
0.001366
0.004553
0.001821
0.006243
0.001366
0.004357
0.002797
0.003187
0.002862
0.003187
0.003057
0.001951
0.004097
0.003577
0.002732
0.005853
0.001886
0.004162
0.003317
0.004357
0.001626
0.004683
0.006959
0.004097
0.001691
0.006178
0.001951
0.002862
0.001431
0.006309
0.003577
0.003902
0.001691
0.004227
0.004813
0.002862
0.001886
0.003707
0.006048
0.003122
0.001886
0.004488
0.002797
0.003967
0.001171
0.008520
0.001561
0.005073
0.001886
0.006243
0.003577
0.008780
0.002601
0.005853
0.003252
0.003057
0.002146
0.004227
0.002862
0.004553
0.001301
0.010731
0.003382
0.003642
0.002797
0.003447
0.004422
0.004097
0.000976
0.005008
0.002601
0.003057
0.001496
0.005918
0.003382
0.002862
0.000911
0.006309
0.002016
0.006178
0.003577
0.006178
0.004488
0.003837
0.001691
0.004748
0.006243
0.002992
0.001106
0.002666
0.002862
0.004227
0.006439
0.004162
0.002797
0.003772
0.001951
0.003317
0.002536
0.002797
0.001106
0.003122
0.003642
0.003837
0.002927
0.003967
0.002797
0.002471
0.002211
0.002146
0.003122
0.004422
0.001301
0.005398
0.005008
0.008260
0.001431
0.003642
0.002211
0.002601
0.003512
0.003577
0.002601
0.003967
0.002862
0.003057
0.002471
0.005333
0.001171
0.004162
0.002536
0.005723
0.000845
0.004357
0.001756
0.003512
0.001626
0.003642
0.003187
0.002927
0.005203
0.003317
0.002211
0.005008
0.002016
0.005333
0.003382
