0.080450
0.001496
0.003772
0.003967
0.003447
0.000911
0.009886
0.003252
0.002276
0.002276
0.007089
0.003577
0.003447
0.000911
0.003382
0.009300
0.003967
0.000780
0.003512
0.006894
0.002862
0.000845
0.008130
0.005268
0.003252
0.002146
0.007804
0.003187
0.002341
0.001171
0.005203
0.005658
0.008845
0.001691
0.003512
0.004292
0.005268
0.000911
0.005138
0.001951
0.003382
0.002341
0.009755
0.002211
0.007869
0.000845
0.004618
0.001691
0.007349
0.000715
0.003577
0.002797
0.004357
0.001756
0.013007
0.002276
0.004032
0.001301
0.004683
0.001951
0.009430
0.001691
0.006439
0.002862
0.002862
0.001171
0.003252
0.005723
0.002536
0.001561
0.001951
0.002992
0.002016
0.004357
0.005723
0.003577
0.002536
0.000650
0.002211
0.005463
0.003382
0.000585
0.002536
0.004097
0.002927
0.007024
0.005073
0.003577
0.002862
0.001496
0.004162
0.002666
0.002666
0.001366
0.005138
0.009170
0.005203
0.001236
0.002992
0.002276
0.004553
0.005268
0.003317
0.002276
0.002992
0.002601
0.003512
0.001951
0.009560
0.001106
0.003187
0.002406
0.007934
0.000845
0.002016
0.003707
0.003447
0.003252
0.002927
0.001821
0.002797
0.003577
0.003057
0.002276
0.006699
0.001236
0.003382
0.001756
0.002276
0.000650
0.004488
0.006048
0.004683
0.001821
0.007349
0.002927
0.002341
0.000845
0.008585
0.003057
0.003772
0.001106
0.003772
0.006829
0.003382
0.001171
0.003317
0.009040
0.002927
0.001561
0.006243
0.003187
0.003642
0.001106
0.008195
0.002211
0.003707
0.001821
0.006569
0.003707
0.009430
0.001236
0.004292
0.002797
0.004162
0.001626
0.004943
0.002797
0.003642
0.001561
0.011707
0.002536
0.006374
0.001301
0.003967
0.003317
0.005853
0.000715
0.003772
0.001496
0.003382
0.002341
0.009951
0.002406
0.003902
0.000911
0.004683
0.001886
0.007609
0.001821
0.004943
0.003707
0.002341
0.000911
0.004292
0.008260
0.003512
0.001236
0.004162
0.003382
0.003317
0.007024
0.003772
0.002927
0.003772
0.001041
0.003122
0.004097
0.002211
0.000911
0.002016
0.003577
0.003122
0.003317
0.005073
0.003512
0.002146
0.002081
0.002146
0.001626
0.003187
0.001431
0.004618
0.005528
0.006959
0.001301
0.002601
0.001691
0.004097
0.002601
0.002927
0.002732
0.003577
0.003577
0.002211
0.001366
0.008325
0.000715
0.002666
0.003447
0.009300
0.000585
0.002211
0.002016
0.004292
0.001691
0.004162
0.002016
0.003902
0.004488
0.002471
0.001626
0.004618
0.001041
0.003772
0.002471
