0.113631
0.001512
0.004661
0.004409
0.004031
0.001890
0.004976
0.002394
0.002897
0.000882
0.003527
0.001953
0.002771
0.001386
0.003779
0.005354
0.001890
0.001008
0.002205
0.005102
0.001827
0.000693
0.004094
0.001575
0.003527
0.001197
0.008503
0.005543
0.004598
0.001638
0.008818
0.014424
0.007685
0.003023
0.006551
0.003464
0.002960
0.002771
0.009952
0.002583
0.003023
0.001638
0.003527
0.000945
0.003905
0.000945
0.006740
0.002331
0.002583
0.001008
0.003653
0.001575
0.002205
0.001512
0.002834
0.001323
0.004283
0.003779
0.011842
0.003590
0.009637
0.002708
0.013605
0.003464
0.002960
0.001953
0.005165
0.005417
0.002142
0.004598
0.004661
0.002331
0.001701
0.002268
0.002079
0.001890
0.001701
0.004661
0.001953
0.003716
0.001827
0.001701
0.001827
0.002016
0.000945
0.001323
0.001386
0.001197
0.002897
0.006992
0.005984
0.003968
0.002079
0.005606
0.005228
0.008818
0.004850
0.001953
0.003905
0.003464
0.003212
0.002205
0.002457
0.002834
0.002394
0.003527
0.001764
0.002016
0.005354
0.001890
0.002520
0.001890
0.004220
0.000630
0.002142
0.001701
0.001323
0.003212
0.001575
0.001449
0.005606
0.004976
0.002708
0.002897
0.015243
0.004094
0.002897
0.003338
0.003275
0.001323
0.006614
0.015180
0.003149
0.001134
0.008377
0.004787
0.002331
0.001008
0.003212
0.001134
0.002079
0.000756
0.002457
0.004094
0.002960
0.001260
0.003716
0.006110
0.002394
0.000882
0.003716
0.001764
0.003401
0.001575
0.004661
0.003905
0.003779
0.001638
0.005228
0.004976
0.009070
0.003212
0.007685
0.004409
0.003212
0.002457
0.013731
0.002960
0.002268
0.001134
0.002771
0.000756
0.003212
0.001260
0.004850
0.001764
0.004913
0.001386
0.004913
0.001386
0.002646
0.001323
0.004787
0.001008
0.003149
0.002331
0.008692
0.003149
0.006362
0.004535
0.005165
0.003212
0.003149
0.003338
0.005228
0.008188
0.003527
0.008377
0.005417
0.003212
0.001134
0.001260
0.001827
0.001260
0.001890
0.001701
0.002016
0.001575
0.001386
0.004094
0.001764
0.002646
0.001197
0.002457
0.002646
0.001449
0.002583
0.004661
0.003275
0.002771
0.003527
0.002646
0.006362
0.006236
0.011086
0.002331
0.002960
0.003275
0.004283
0.004157
0.002520
0.002205
0.001701
0.002142
0.001890
0.001323
0.004094
0.001323
0.001953
0.001638
0.004976
0.001323
0.003275
0.002016
0.002205
0.003527
0.002331
0.001386
0.004346
0.002079
0.002708
0.002960
0.004346
0.002016
0.003653
0.003023
