0.148085
0.002960
0.004157
0.006992
0.002016
0.003338
0.003968
0.003716
0.003086
0.001449
0.007496
0.002205
0.002520
0.001701
0.003023
0.004724
0.002583
0.001134
0.003212
0.004850
0.001512
0.002897
0.005480
0.001260
0.002897
0.002142
0.005354
0.003401
0.003464
0.002331
0.003086
0.008881
0.004913
0.002394
0.004346
0.007370
0.001701
0.003401
0.006614
0.003401
0.001890
0.001764
0.004913
0.002394
0.002268
0.001890
0.003716
0.002834
0.002708
0.002016
0.003401
0.003905
0.001323
0.002079
0.003023
0.001512
0.002708
0.004346
0.008566
0.003212
0.005417
0.002079
0.004787
0.003716
0.003905
0.002771
0.004787
0.007181
0.001890
0.004409
0.005228
0.002079
0.001449
0.004031
0.002897
0.002142
0.001323
0.002142
0.003212
0.003842
0.002142
0.001449
0.002394
0.003842
0.000882
0.002205
0.003905
0.002079
0.002079
0.006425
0.005228
0.004283
0.001890
0.003842
0.003653
0.008251
0.003023
0.002394
0.004094
0.006299
0.001575
0.001827
0.004346
0.002520
0.001197
0.004094
0.002268
0.003905
0.004346
0.001323
0.001953
0.002583
0.004031
0.000882
0.001953
0.003464
0.000945
0.003401
0.004346
0.001953
0.001953
0.002834
0.004157
0.004283
0.006299
0.001575
0.003275
0.004535
0.002583
0.002646
0.003212
0.010393
0.002394
0.002331
0.006425
0.003023
0.001638
0.003527
0.005039
0.001764
0.002394
0.001512
0.001701
0.004346
0.002205
0.001953
0.002268
0.004787
0.002583
0.002331
0.007748
0.002331
0.002897
0.002834
0.004976
0.003149
0.003590
0.002646
0.003464
0.006614
0.006614
0.002205
0.004598
0.004220
0.002205
0.002268
0.011590
0.003464
0.001008
0.002016
0.003968
0.001953
0.002457
0.001890
0.003212
0.003779
0.002394
0.002079
0.003149
0.002771
0.001197
0.001953
0.004535
0.002394
0.002079
0.002897
0.005984
0.002771
0.004535
0.002583
0.005732
0.007685
0.002142
0.003464
0.004157
0.008755
0.001638
0.009889
0.004346
0.002897
0.001008
0.002205
0.002960
0.002079
0.002016
0.001890
0.002771
0.003401
0.001764
0.002079
0.003149
0.003590
0.001260
0.003212
0.002079
0.002520
0.000756
0.003653
0.004220
0.003149
0.004031
0.003023
0.004661
0.007999
0.006803
0.001638
0.003086
0.004913
0.002268
0.003149
0.003779
0.003275
0.001449
0.003338
0.005228
0.001890
0.003590
0.000945
0.001953
0.003212
0.003212
0.001449
0.002205
0.002142
0.000945
0.005354
0.002646
0.002520
0.002268
0.001575
0.003275
0.003464
0.003527
0.002205
0.003086
0.007370
