0.055931
0.003447
0.002081
0.004357
0.005658
0.004032
0.005658
0.003772
0.003122
0.004618
0.003837
0.002992
0.003187
0.006959
0.003967
0.005398
0.002927
0.003252
0.002927
0.006569
0.002601
0.002862
0.004683
0.006309
0.002797
0.003967
0.007089
0.003707
0.001951
0.002797
0.004748
0.004553
0.005463
0.002471
0.002211
0.003577
0.003252
0.003577
0.003902
0.003577
0.001366
0.002666
0.005788
0.003252
0.002862
0.002536
0.003382
0.002732
0.002992
0.003057
0.002276
0.004553
0.001626
0.002666
0.005528
0.004488
0.001821
0.004618
0.003707
0.003837
0.004162
0.004422
0.003187
0.003512
0.002406
0.002797
0.002992
0.006439
0.002471
0.004422
0.002146
0.005008
0.002862
0.007414
0.002276
0.002601
0.002601
0.004422
0.003317
0.003707
0.003707
0.002732
0.003707
0.003187
0.003902
0.006439
0.002406
0.003122
0.001886
0.004032
0.005138
0.003382
0.002471
0.002797
0.004357
0.005723
0.002016
0.002081
0.002601
0.004813
0.002341
0.006048
0.002666
0.005593
0.002211
0.002536
0.003772
0.003967
0.004553
0.003772
0.005528
0.004162
0.005203
0.002211
0.003447
0.003187
0.003187
0.003902
0.002732
0.002601
0.002211
0.007089
0.003772
0.003837
0.003057
0.004813
0.003122
0.002536
0.002276
0.002797
0.003382
0.006504
0.003382
0.004813
0.004357
0.004618
0.002211
0.002797
0.005398
0.004422
0.003447
0.004683
0.002927
0.004943
0.002666
0.004813
0.003577
0.009495
0.003382
0.003967
0.002992
0.004422
0.003317
0.003447
0.007869
0.005073
0.002862
0.003252
0.002927
0.002666
0.006178
0.003967
0.003512
0.003642
0.002601
0.004162
0.003707
0.002927
0.001626
0.002666
0.008585
0.004032
0.001951
0.002536
0.002666
0.004162
0.004422
0.002992
0.002211
0.003382
0.002016
0.002536
0.004097
0.004032
0.002276
0.002276
0.005723
0.003837
0.002732
0.003642
0.002146
0.004097
0.002146
0.002862
0.003252
0.007804
0.003187
0.003642
0.003577
0.004227
0.002276
0.007609
0.002081
0.003252
0.003187
0.003707
0.002797
0.002992
0.002732
0.003772
0.002211
0.006243
0.002992
0.004553
0.002862
0.002276
0.002081
0.005073
0.003317
0.004032
0.002797
0.003057
0.003707
0.004162
0.005203
0.002992
0.002341
0.003187
0.003187
0.006374
0.003967
0.005203
0.002211
0.005853
0.001951
0.003057
0.004422
0.002536
0.003837
0.003317
0.006959
0.003837
0.004878
0.002797
0.003317
0.002666
0.003512
0.002732
0.001951
0.009365
0.003122
0.004032
0.002016
0.003122
0.002536
0.003772
