0.141030
0.002708
0.004031
0.003590
0.003401
0.002960
0.002897
0.002708
0.005039
0.002268
0.005417
0.002331
0.003905
0.003779
0.003023
0.004535
0.002394
0.002646
0.002708
0.004913
0.002457
0.003212
0.005480
0.002394
0.003338
0.002142
0.004094
0.003338
0.004409
0.002834
0.003527
0.003464
0.006362
0.002268
0.003716
0.005354
0.002457
0.003464
0.005228
0.002960
0.001449
0.002394
0.003149
0.003401
0.002897
0.002331
0.002457
0.003338
0.002142
0.002205
0.003149
0.004787
0.001701
0.003590
0.003842
0.002771
0.002646
0.003779
0.005291
0.004976
0.005102
0.003464
0.003779
0.004031
0.004976
0.002142
0.003653
0.007244
0.003653
0.003527
0.004220
0.001701
0.001827
0.002708
0.002583
0.002205
0.002142
0.001449
0.003275
0.001827
0.004157
0.001890
0.003023
0.002646
0.002394
0.001827
0.004157
0.002016
0.004850
0.004157
0.005039
0.002583
0.003653
0.002331
0.004976
0.005543
0.002834
0.001323
0.004724
0.005417
0.002079
0.002142
0.004409
0.003401
0.001890
0.004346
0.004472
0.005669
0.003716
0.001008
0.005354
0.002897
0.003590
0.000630
0.003716
0.003401
0.001575
0.004220
0.003149
0.002897
0.003464
0.002771
0.003149
0.003401
0.003590
0.001260
0.003464
0.003716
0.004346
0.002457
0.004031
0.007937
0.003527
0.002016
0.004157
0.002708
0.002079
0.003590
0.003653
0.002457
0.003149
0.002646
0.002897
0.003590
0.003212
0.002520
0.002583
0.005921
0.003023
0.001764
0.005669
0.002834
0.003590
0.004409
0.002268
0.003905
0.004913
0.001638
0.004661
0.003275
0.006992
0.003023
0.003275
0.004094
0.002897
0.002268
0.008755
0.004472
0.001638
0.002268
0.003338
0.003527
0.002457
0.001953
0.003212
0.003653
0.003716
0.001953
0.002583
0.003968
0.001890
0.002079
0.004157
0.003023
0.002771
0.003275
0.003275
0.003275
0.004976
0.003401
0.004787
0.006614
0.003653
0.002016
0.004346
0.006803
0.003023
0.008440
0.004031
0.002897
0.002142
0.001386
0.002771
0.002142
0.003086
0.002646
0.003401
0.002457
0.002394
0.002142
0.003212
0.003716
0.001890
0.002771
0.003968
0.002016
0.003968
0.002771
0.003590
0.002520
0.004787
0.002646
0.005102
0.005354
0.006614
0.001575
0.004157
0.003527
0.001953
0.002960
0.003149
0.003401
0.001701
0.002520
0.004976
0.002897
0.002394
0.001134
0.002646
0.004535
0.004850
0.001260
0.003968
0.002268
0.002520
0.003968
0.004157
0.003905
0.002394
0.001449
0.003779
0.003023
0.002646
0.002708
0.003527
0.004850
