0.066337
0.001171
0.003187
0.005853
0.004357
0.001171
0.006569
0.004162
0.003512
0.002341
0.005528
0.005073
0.004097
0.002211
0.003187
0.006309
0.004748
0.001626
0.002601
0.007024
0.004227
0.000911
0.006113
0.005463
0.004162
0.001951
0.005983
0.003967
0.003317
0.001106
0.004357
0.007089
0.007804
0.002276
0.002471
0.004097
0.004683
0.001951
0.004488
0.003057
0.003772
0.002276
0.006048
0.003187
0.005398
0.001496
0.002992
0.002601
0.004943
0.002406
0.002471
0.003837
0.004488
0.002406
0.006374
0.003642
0.003447
0.001366
0.004097
0.003252
0.006959
0.002081
0.003967
0.002927
0.003642
0.001041
0.003642
0.007024
0.003837
0.003057
0.002471
0.004357
0.004097
0.004683
0.004813
0.003967
0.002601
0.001626
0.003707
0.004943
0.004227
0.001756
0.002666
0.004162
0.003642
0.005463
0.003252
0.004683
0.003447
0.001626
0.003512
0.003187
0.002211
0.001691
0.002797
0.007674
0.005593
0.001691
0.002797
0.003317
0.005333
0.003772
0.001886
0.003512
0.003447
0.002016
0.003577
0.003187
0.008585
0.001366
0.002862
0.002536
0.007804
0.001431
0.002992
0.003187
0.005203
0.003447
0.002732
0.003317
0.004292
0.004097
0.004227
0.002211
0.005528
0.002797
0.003577
0.002536
0.003122
0.000976
0.004292
0.006634
0.004748
0.001691
0.005528
0.003642
0.002666
0.001301
0.004553
0.004227
0.004422
0.002406
0.003837
0.005983
0.004422
0.001106
0.002536
0.006894
0.004618
0.001886
0.005723
0.005463
0.004227
0.001041
0.005463
0.002992
0.004292
0.001951
0.003252
0.005528
0.007349
0.001821
0.002536
0.002992
0.003772
0.002016
0.004357
0.003642
0.004748
0.001951
0.007544
0.003057
0.005918
0.002276
0.003122
0.004488
0.004618
0.001236
0.002536
0.002601
0.003902
0.002081
0.005593
0.003057
0.004162
0.001301
0.003642
0.002016
0.006309
0.002081
0.002732
0.004618
0.002211
0.000976
0.002797
0.007674
0.004032
0.001886
0.003902
0.004683
0.003512
0.005853
0.002862
0.003057
0.005203
0.001951
0.003642
0.005788
0.002471
0.001171
0.002211
0.004618
0.004227
0.003902
0.004488
0.004162
0.002276
0.003447
0.002406
0.004032
0.003707
0.001561
0.002992
0.006439
0.006504
0.001431
0.002536
0.002471
0.004227
0.003772
0.003447
0.002992
0.004162
0.003577
0.002146
0.001561
0.007154
0.002341
0.002797
0.003447
0.008390
0.001561
0.003252
0.002471
0.004032
0.002406
0.003837
0.003252
0.004162
0.003967
0.003252
0.002862
0.005593
0.002666
0.003252
0.003512
