0.078889
0.001431
0.004488
0.005333
0.003057
0.001171
0.006439
0.003187
0.003252
0.001626
0.005853
0.004162
0.002797
0.001951
0.004878
0.008065
0.002211
0.001171
0.003707
0.007739
0.003317
0.001041
0.007674
0.005138
0.002666
0.002471
0.008910
0.003317
0.002862
0.001691
0.005788
0.007674
0.006569
0.001171
0.003707
0.004227
0.004878
0.000976
0.006569
0.003252
0.003707
0.002471
0.008585
0.003122
0.004943
0.001171
0.005008
0.002666
0.004032
0.001301
0.003382
0.004162
0.003707
0.002536
0.007024
0.004618
0.003577
0.002471
0.004878
0.003122
0.007479
0.001821
0.004488
0.002666
0.003967
0.000845
0.003382
0.007869
0.002146
0.002601
0.001886
0.003252
0.002666
0.003317
0.004553
0.003577
0.001561
0.001171
0.002862
0.005398
0.003642
0.000976
0.003187
0.004488
0.003122
0.004488
0.004422
0.004553
0.001691
0.002016
0.004292
0.002732
0.003187
0.001821
0.003707
0.008065
0.004943
0.001171
0.003187
0.003642
0.002862
0.004292
0.002341
0.004097
0.003707
0.002276
0.004943
0.003447
0.005463
0.001171
0.004553
0.002146
0.005528
0.000715
0.002927
0.004032
0.004422
0.002471
0.002927
0.002732
0.002862
0.004292
0.004683
0.002601
0.004357
0.001691
0.004097
0.003317
0.001886
0.001236
0.005203
0.007869
0.004292
0.002341
0.006504
0.002276
0.002666
0.001366
0.007349
0.004683
0.002862
0.001951
0.005008
0.007414
0.003447
0.001561
0.003057
0.008715
0.003122
0.001821
0.006113
0.003967
0.002471
0.001041
0.008065
0.003252
0.003187
0.000976
0.004878
0.006243
0.009170
0.001041
0.003187
0.003967
0.003447
0.001886
0.005268
0.003707
0.004618
0.001626
0.011316
0.003122
0.003187
0.001821
0.003902
0.003967
0.004943
0.000715
0.004748
0.002211
0.002992
0.002862
0.008585
0.003577
0.003317
0.000911
0.006374
0.002732
0.005528
0.001496
0.004422
0.003707
0.003057
0.000976
0.003707
0.008325
0.002276
0.001886
0.003902
0.003252
0.003512
0.007219
0.003122
0.002862
0.002471
0.001301
0.003707
0.004162
0.002211
0.001366
0.002211
0.003707
0.003122
0.002666
0.003772
0.003707
0.001431
0.001951
0.002666
0.003252
0.003902
0.001496
0.004032
0.006699
0.005398
0.001106
0.002862
0.002666
0.002732
0.002601
0.004032
0.002471
0.004162
0.002666
0.003252
0.002016
0.004618
0.000650
0.003642
0.004553
0.006829
0.000911
0.003122
0.002666
0.003902
0.002211
0.003577
0.003382
0.002406
0.005398
0.002146
0.001951
0.004292
0.002276
0.003057
0.003772
