0.076223
0.001561
0.003902
0.004683
0.004292
0.001951
0.006569
0.003707
0.003837
0.002276
0.005268
0.003122
0.002666
0.002732
0.003642
0.006048
0.003122
0.001691
0.003447
0.006504
0.003317
0.001366
0.006113
0.004032
0.003122
0.001756
0.008130
0.002341
0.002927
0.001431
0.005203
0.005268
0.008325
0.001106
0.003512
0.003902
0.004683
0.001821
0.005268
0.002211
0.004357
0.002146
0.008195
0.002471
0.005918
0.001691
0.003967
0.001951
0.004683
0.001886
0.004097
0.003447
0.003122
0.001691
0.006374
0.005008
0.003707
0.003187
0.003642
0.002992
0.008650
0.002797
0.004943
0.004422
0.003837
0.001171
0.003837
0.007349
0.002797
0.001561
0.002797
0.003577
0.003447
0.004618
0.004357
0.002406
0.002276
0.002146
0.002016
0.004553
0.003512
0.001236
0.003252
0.003642
0.005268
0.005853
0.004488
0.003447
0.003967
0.002601
0.003512
0.002732
0.002797
0.001691
0.005333
0.008260
0.003902
0.001041
0.004162
0.003512
0.003772
0.004748
0.003187
0.003057
0.003187
0.002536
0.004943
0.002211
0.007869
0.001886
0.003902
0.001626
0.006959
0.001106
0.003057
0.003187
0.003707
0.003252
0.003057
0.002471
0.003707
0.003057
0.004422
0.002081
0.004943
0.001561
0.003902
0.001821
0.003057
0.000911
0.004813
0.006504
0.004422
0.001886
0.006243
0.002601
0.002797
0.001951
0.007544
0.004032
0.003837
0.001561
0.003057
0.005853
0.002406
0.001561
0.004032
0.007804
0.003642
0.001431
0.004813
0.003382
0.003252
0.000911
0.007089
0.002927
0.004032
0.001561
0.004488
0.004227
0.009365
0.001301
0.004357
0.002276
0.005138
0.002016
0.004748
0.002732
0.004097
0.001951
0.010406
0.002471
0.004032
0.002341
0.004878
0.003447
0.005333
0.001301
0.004748
0.002666
0.004422
0.002536
0.005788
0.004292
0.003317
0.000845
0.004748
0.002406
0.007154
0.002732
0.004097
0.002797
0.002862
0.001301
0.004618
0.008390
0.002797
0.001626
0.003642
0.003772
0.002406
0.006569
0.003187
0.002927
0.003122
0.001626
0.003122
0.003447
0.002211
0.001236
0.002536
0.004097
0.003967
0.002666
0.004227
0.002536
0.002927
0.001106
0.002601
0.003187
0.003707
0.001886
0.004227
0.006243
0.006178
0.001756
0.003447
0.002406
0.003577
0.002992
0.004553
0.002016
0.004097
0.003382
0.003122
0.002862
0.006113
0.001756
0.003382
0.003057
0.007609
0.001691
0.003057
0.002081
0.003902
0.002797
0.004227
0.002797
0.004357
0.005463
0.002732
0.002406
0.004748
0.001496
0.004292
0.002927
