0.066532
0.003447
0.002732
0.004097
0.002081
0.003317
0.005398
0.004488
0.001691
0.005983
0.003967
0.005723
0.001366
0.003707
0.001626
0.007284
0.001561
0.003447
0.002081
0.007544
0.001561
0.003902
0.004488
0.006959
0.001431
0.003902
0.006569
0.003707
0.002146
0.003512
0.004488
0.006504
0.003902
0.003317
0.001951
0.004032
0.001821
0.002732
0.003837
0.003187
0.001236
0.004292
0.006309
0.004292
0.001886
0.002992
0.002536
0.002601
0.001431
0.003187
0.001366
0.004292
0.001951
0.004943
0.005073
0.004292
0.001106
0.005983
0.003707
0.004162
0.004292
0.004618
0.002732
0.003382
0.002081
0.004097
0.003447
0.008455
0.001886
0.003447
0.002276
0.005203
0.002797
0.007544
0.004097
0.005333
0.001691
0.003642
0.003642
0.005983
0.002601
0.002927
0.003577
0.004227
0.003317
0.007414
0.003577
0.005788
0.001821
0.004227
0.004162
0.004618
0.002341
0.004162
0.005073
0.008325
0.001561
0.003382
0.002666
0.004162
0.001236
0.005853
0.002016
0.004878
0.001756
0.005008
0.003512
0.004488
0.004227
0.003122
0.002211
0.003707
0.004357
0.002797
0.002211
0.002927
0.002862
0.005073
0.002666
0.003642
0.001496
0.006894
0.002146
0.003772
0.003642
0.004097
0.002341
0.003252
0.001496
0.003187
0.004097
0.007934
0.003122
0.004422
0.005008
0.004292
0.001886
0.003642
0.006048
0.005853
0.001366
0.003837
0.002016
0.005918
0.000780
0.002536
0.001756
0.007999
0.002471
0.005203
0.003577
0.006439
0.001301
0.003902
0.006504
0.004683
0.002406
0.003707
0.003187
0.004032
0.005528
0.004292
0.003057
0.003252
0.002341
0.003772
0.002536
0.004032
0.001691
0.003902
0.007999
0.003772
0.001756
0.003187
0.002081
0.003447
0.002601
0.002081
0.002471
0.002927
0.001951
0.005463
0.004488
0.004553
0.001496
0.002276
0.003642
0.002341
0.002992
0.003447
0.002536
0.003902
0.001951
0.002797
0.003382
0.009235
0.002341
0.003382
0.004032
0.005723
0.002536
0.010211
0.002601
0.005333
0.001626
0.002797
0.002666
0.004813
0.001366
0.003577
0.001951
0.005463
0.002666
0.006504
0.005073
0.005593
0.000976
0.005333
0.002666
0.005398
0.001431
0.002927
0.002666
0.006439
0.003447
0.003577
0.002081
0.003447
0.001236
0.005463
0.003447
0.004422
0.002016
0.007089
0.002081
0.003512
0.003317
0.002471
0.002081
0.003772
0.005333
0.002471
0.002927
0.003317
0.002797
0.004943
0.003707
0.005203
0.000976
0.005463
0.001951
0.004422
0.001236
0.002732
0.002732
0.004032
