0.087805
0.002897
0.004157
0.006803
0.003086
0.002079
0.003464
0.004157
0.004094
0.000756
0.004031
0.002520
0.002583
0.002771
0.003212
0.005669
0.002331
0.000945
0.001953
0.004031
0.001323
0.001449
0.004346
0.001134
0.004535
0.001575
0.005417
0.004913
0.004976
0.002016
0.006866
0.010771
0.006614
0.003779
0.005165
0.004346
0.002771
0.002520
0.008125
0.004157
0.002520
0.001386
0.004598
0.001638
0.003149
0.002142
0.004472
0.002205
0.002205
0.002079
0.002520
0.002583
0.001575
0.001386
0.002583
0.001512
0.004157
0.004283
0.007685
0.005039
0.008818
0.005039
0.005669
0.006110
0.004850
0.002520
0.005291
0.006803
0.003401
0.005669
0.003716
0.001701
0.002205
0.004157
0.002457
0.004157
0.002457
0.004850
0.002708
0.004094
0.003149
0.001449
0.003086
0.002394
0.001701
0.001575
0.001827
0.001197
0.004787
0.005669
0.005354
0.003842
0.004031
0.004724
0.006929
0.007748
0.005354
0.002142
0.003401
0.004787
0.004031
0.002016
0.002268
0.002708
0.002646
0.003275
0.001701
0.003653
0.005165
0.002142
0.003023
0.002016
0.004787
0.001071
0.001512
0.002646
0.001512
0.004346
0.001449
0.001386
0.005417
0.003905
0.002520
0.003905
0.009448
0.003527
0.002834
0.004472
0.004472
0.001638
0.004535
0.013920
0.004598
0.001827
0.005669
0.004472
0.001638
0.001071
0.003149
0.001890
0.002708
0.001449
0.001764
0.003401
0.002583
0.002079
0.002520
0.006047
0.002079
0.001638
0.004535
0.002268
0.004598
0.002646
0.003212
0.004598
0.004031
0.003086
0.004472
0.005039
0.008125
0.005417
0.006110
0.004472
0.004283
0.003212
0.012094
0.004157
0.001260
0.001260
0.002520
0.002016
0.002205
0.002079
0.003338
0.002268
0.003779
0.002583
0.004661
0.002016
0.002331
0.001764
0.003464
0.001449
0.002331
0.002205
0.004787
0.003149
0.005669
0.005228
0.005669
0.004724
0.003842
0.003779
0.005669
0.008503
0.004787
0.008503
0.004787
0.004157
0.001575
0.001260
0.001575
0.001827
0.002708
0.001512
0.002331
0.002205
0.003023
0.004031
0.002331
0.004094
0.002205
0.004409
0.002205
0.001827
0.003275
0.003401
0.004598
0.001764
0.003779
0.004094
0.005984
0.004850
0.012346
0.002960
0.003149
0.005039
0.004157
0.004094
0.001890
0.003338
0.002079
0.002205
0.001260
0.002268
0.004472
0.001260
0.002079
0.002268
0.005984
0.001827
0.002205
0.002771
0.001953
0.003590
0.001008
0.002583
0.003716
0.001386
0.002520
0.003149
0.005039
0.002771
0.003905
0.004535
