0.104188
0.002666
0.002406
0.002992
0.002992
0.003382
0.006894
0.004227
0.002471
0.004162
0.002862
0.002406
0.002536
0.004032
0.002471
0.007804
0.002797
0.002666
0.001626
0.005203
0.002211
0.002992
0.005853
0.004553
0.001431
0.003837
0.005463
0.003317
0.002211
0.003057
0.004097
0.005658
0.006178
0.002276
0.001951
0.003187
0.002992
0.002081
0.005398
0.003057
0.001886
0.003642
0.005723
0.001756
0.005528
0.003057
0.002146
0.001886
0.003317
0.003057
0.001756
0.002406
0.002471
0.003577
0.009690
0.004032
0.002992
0.003707
0.002601
0.001756
0.006959
0.004553
0.003122
0.003252
0.003252
0.002341
0.001561
0.006178
0.002601
0.005398
0.001756
0.003512
0.001691
0.008260
0.003577
0.002146
0.002146
0.003577
0.002276
0.005398
0.003447
0.002927
0.001691
0.002992
0.003382
0.009625
0.003447
0.004683
0.001821
0.004162
0.003252
0.003382
0.002211
0.003707
0.003577
0.008585
0.003317
0.002666
0.001951
0.003642
0.003252
0.008130
0.002211
0.003967
0.002406
0.004032
0.002927
0.002666
0.008910
0.004097
0.002732
0.002276
0.006048
0.002341
0.002211
0.002666
0.002862
0.005268
0.001236
0.003577
0.001951
0.007089
0.003967
0.002341
0.003317
0.004032
0.002471
0.003122
0.002471
0.003122
0.002341
0.006439
0.001951
0.004422
0.005073
0.002536
0.002536
0.003382
0.004227
0.003902
0.002666
0.003707
0.001106
0.004813
0.002536
0.004553
0.002211
0.006504
0.002146
0.004032
0.003967
0.003187
0.003642
0.004162
0.005268
0.002536
0.002276
0.003317
0.002276
0.003577
0.007869
0.003447
0.001561
0.001951
0.002081
0.003382
0.003317
0.002732
0.002536
0.002862
0.009170
0.002406
0.003252
0.002862
0.001756
0.002732
0.004488
0.002276
0.001756
0.002146
0.002341
0.003642
0.006048
0.003577
0.002406
0.002406
0.004097
0.002536
0.004878
0.002797
0.001951
0.003122
0.001626
0.003187
0.002601
0.007739
0.002146
0.004097
0.003902
0.003837
0.002732
0.009755
0.002797
0.003252
0.002862
0.003317
0.001951
0.004357
0.001886
0.004227
0.001691
0.004097
0.002601
0.005918
0.004683
0.002862
0.002666
0.005138
0.002341
0.002927
0.003447
0.003707
0.001821
0.004943
0.005268
0.004032
0.001431
0.002081
0.001886
0.006699
0.003317
0.003382
0.003252
0.004878
0.002471
0.002146
0.004227
0.002471
0.002146
0.004097
0.007479
0.002471
0.002081
0.002797
0.002666
0.003317
0.002927
0.003707
0.003122
0.008195
0.002146
0.003512
0.003057
0.003382
0.001691
0.003577
