0.108775
0.001680
0.002016
0.004972
0.003494
0.001881
0.011489
0.006047
0.001411
0.001411
0.005308
0.002822
0.001747
0.002553
0.006047
0.010884
0.003225
0.001142
0.004367
0.005241
0.002016
0.001612
0.009473
0.007189
0.000873
0.004837
0.007189
0.002755
0.001747
0.001948
0.005241
0.011019
0.004837
0.000941
0.002687
0.004166
0.004905
0.001680
0.007458
0.002217
0.002822
0.002016
0.006383
0.000806
0.008130
0.002150
0.006584
0.001411
0.002419
0.000806
0.003225
0.001545
0.002687
0.001612
0.009675
0.002486
0.002352
0.001747
0.006450
0.001545
0.011623
0.001814
0.005308
0.002083
0.002419
0.001814
0.000941
0.005711
0.002217
0.011153
0.001612
0.008869
0.001344
0.004098
0.003762
0.001948
0.000873
0.004166
0.003426
0.007055
0.000941
0.002687
0.002352
0.002553
0.003830
0.010279
0.002553
0.004031
0.000873
0.006383
0.002419
0.001680
0.001680
0.002553
0.002956
0.012564
0.002352
0.001545
0.001075
0.001545
0.002822
0.012295
0.003762
0.003023
0.003023
0.003628
0.003023
0.001008
0.007458
0.002083
0.004569
0.001948
0.004434
0.001881
0.002553
0.002687
0.004098
0.008398
0.001948
0.001814
0.001881
0.005375
0.004434
0.001008
0.007323
0.001747
0.002956
0.001478
0.001008
0.000537
0.003158
0.006719
0.001209
0.005576
0.008600
0.001747
0.001411
0.001344
0.005845
0.006047
0.004501
0.001411
0.002755
0.006920
0.000873
0.001747
0.005576
0.006450
0.001344
0.002352
0.004367
0.002687
0.001545
0.001545
0.010817
0.003292
0.001948
0.001411
0.002755
0.006651
0.006316
0.002016
0.003091
0.003091
0.002755
0.001814
0.007189
0.001411
0.001747
0.000941
0.009205
0.001948
0.005442
0.001277
0.003158
0.002284
0.002553
0.000806
0.005039
0.001277
0.001612
0.002889
0.006316
0.001881
0.002419
0.000336
0.006719
0.002083
0.006584
0.001344
0.002150
0.004367
0.001075
0.001612
0.002083
0.005509
0.001277
0.006853
0.002889
0.003762
0.001008
0.009876
0.001814
0.002016
0.001075
0.002419
0.001209
0.006047
0.001008
0.003225
0.001814
0.002755
0.002083
0.005039
0.003695
0.002016
0.000941
0.005375
0.002284
0.004031
0.003964
0.001478
0.001277
0.005711
0.004703
0.002083
0.001142
0.001075
0.001478
0.006316
0.005644
0.001545
0.001948
0.004367
0.001680
0.001612
0.004031
0.001545
0.002822
0.003225
0.007458
0.001948
0.002083
0.001142
0.003023
0.004905
0.002956
0.000941
0.001478
0.010548
0.002956
0.001545
0.004770
0.001881
0.002419
0.001411
