0.089962
0.001680
0.002889
0.004098
0.002956
0.002083
0.014579
0.003830
0.002822
0.001209
0.004569
0.002352
0.002217
0.002083
0.003897
0.011489
0.003494
0.001680
0.003762
0.005912
0.001881
0.001344
0.009137
0.004636
0.002150
0.003628
0.007995
0.002083
0.002486
0.001814
0.006047
0.008667
0.005711
0.001747
0.002486
0.004367
0.002016
0.000873
0.007861
0.001948
0.001747
0.003964
0.006786
0.001747
0.006248
0.001612
0.004636
0.001881
0.002889
0.001948
0.002889
0.002016
0.003964
0.002419
0.013504
0.003091
0.002486
0.001545
0.004098
0.001277
0.009944
0.001948
0.003897
0.002889
0.004636
0.001411
0.003158
0.005778
0.001680
0.006987
0.001948
0.006181
0.001612
0.004837
0.004770
0.002217
0.001814
0.003225
0.002284
0.007928
0.002553
0.002217
0.001948
0.003426
0.002687
0.010750
0.002755
0.005308
0.002352
0.002620
0.002956
0.002016
0.001948
0.001680
0.003695
0.011354
0.003292
0.001814
0.001478
0.002553
0.002620
0.010279
0.002150
0.003359
0.003023
0.002889
0.003359
0.001209
0.010011
0.002486
0.003494
0.003023
0.006114
0.002352
0.002956
0.003561
0.003897
0.005442
0.002553
0.003158
0.001209
0.004233
0.004300
0.002083
0.007256
0.002284
0.002486
0.002755
0.001478
0.000605
0.003292
0.006114
0.002083
0.003830
0.011758
0.002284
0.001478
0.001142
0.002486
0.003494
0.004636
0.002822
0.003023
0.008062
0.002419
0.001747
0.003494
0.007055
0.002016
0.002889
0.005845
0.002687
0.002284
0.001209
0.008667
0.002016
0.003023
0.001881
0.004098
0.006114
0.008801
0.002553
0.003225
0.002687
0.001209
0.002620
0.006114
0.001612
0.002486
0.001545
0.010011
0.003091
0.003830
0.002352
0.002889
0.002486
0.003897
0.001277
0.003359
0.000605
0.001680
0.004837
0.008869
0.001545
0.001814
0.001680
0.003695
0.000873
0.004972
0.002352
0.003225
0.005039
0.002150
0.001344
0.003561
0.006316
0.001478
0.003964
0.003158
0.002217
0.002217
0.008465
0.003091
0.002352
0.003292
0.003494
0.002486
0.006316
0.001948
0.001411
0.001545
0.002889
0.001411
0.005173
0.005173
0.002822
0.001142
0.002419
0.002419
0.002687
0.005644
0.001075
0.002956
0.008062
0.003897
0.001478
0.001881
0.001411
0.001545
0.005375
0.005644
0.002284
0.002486
0.003225
0.001344
0.001344
0.006383
0.002620
0.003359
0.005106
0.007592
0.001747
0.003359
0.001881
0.003426
0.005039
0.003292
0.001277
0.001008
0.006517
0.002486
0.002553
0.004636
0.001881
0.002486
0.003225
