0.088753
0.001545
0.003091
0.006316
0.001948
0.001747
0.013169
0.004031
0.000470
0.002016
0.006786
0.002755
0.001814
0.002956
0.004837
0.011758
0.003359
0.001277
0.002284
0.005912
0.001411
0.001008
0.013840
0.007592
0.000873
0.004098
0.007122
0.003292
0.001277
0.001545
0.006651
0.012026
0.003762
0.001747
0.002486
0.004636
0.004636
0.001545
0.011623
0.001747
0.001545
0.003695
0.007525
0.001881
0.011019
0.002352
0.006047
0.001747
0.005308
0.001008
0.003225
0.002822
0.004300
0.002352
0.015654
0.003964
0.002083
0.001747
0.004300
0.001747
0.008801
0.002620
0.003964
0.004031
0.003897
0.001209
0.001545
0.006450
0.001075
0.006248
0.001814
0.004434
0.000941
0.004770
0.005173
0.003494
0.000605
0.005173
0.001881
0.007256
0.001277
0.002217
0.001142
0.004569
0.001680
0.011220
0.002553
0.004434
0.000941
0.002486
0.001747
0.003023
0.001612
0.002419
0.003158
0.013504
0.002352
0.001814
0.001075
0.002419
0.002687
0.009473
0.002419
0.002486
0.001075
0.002755
0.002419
0.001142
0.011556
0.003158
0.003292
0.002419
0.003964
0.001277
0.001209
0.003762
0.004636
0.006786
0.001277
0.002284
0.001545
0.004367
0.003494
0.001814
0.007189
0.004770
0.001411
0.001478
0.000739
0.000941
0.003964
0.006987
0.000941
0.003897
0.008667
0.002553
0.000672
0.001075
0.004770
0.003964
0.004972
0.001545
0.002889
0.008801
0.002687
0.001814
0.002553
0.005106
0.001142
0.002486
0.009272
0.005644
0.002352
0.001747
0.006920
0.002217
0.001411
0.002016
0.004501
0.009473
0.005375
0.002419
0.002755
0.003091
0.002755
0.003023
0.007726
0.002553
0.000806
0.002755
0.010011
0.003023
0.007122
0.001478
0.002620
0.003897
0.004166
0.000672
0.002687
0.000739
0.001747
0.004703
0.008331
0.001209
0.004031
0.001008
0.003695
0.001344
0.005509
0.001680
0.002755
0.006181
0.002016
0.001814
0.002217
0.008331
0.001209
0.003897
0.001680
0.002822
0.001545
0.008331
0.002486
0.003158
0.001680
0.002687
0.001478
0.005509
0.000672
0.001948
0.001142
0.003091
0.000941
0.006047
0.005980
0.004434
0.001075
0.002822
0.000806
0.003158
0.004166
0.002150
0.002016
0.008398
0.002687
0.002150
0.001612
0.001344
0.002150
0.005173
0.004098
0.002016
0.000806
0.003023
0.000739
0.001545
0.006719
0.002217
0.001142
0.003695
0.005644
0.001209
0.002016
0.002083
0.002956
0.003426
0.002687
0.001948
0.001612
0.006114
0.001747
0.003023
0.005241
0.002553
0.001680
0.003426
