0.084386
0.000672
0.002016
0.007055
0.001814
0.003426
0.010817
0.004703
0.000739
0.001814
0.005644
0.002620
0.001612
0.001747
0.004770
0.009608
0.003023
0.000336
0.002016
0.006316
0.001277
0.000873
0.013370
0.007592
0.000941
0.005241
0.007055
0.003225
0.000941
0.001881
0.007995
0.009809
0.004905
0.000806
0.002620
0.004098
0.007458
0.001948
0.010414
0.001277
0.002016
0.004166
0.009137
0.000941
0.009003
0.001680
0.007659
0.001344
0.003292
0.000470
0.002217
0.002956
0.003762
0.001680
0.013370
0.002150
0.001747
0.001881
0.006786
0.001277
0.011019
0.002217
0.005711
0.001948
0.003023
0.001075
0.001478
0.006786
0.001142
0.009675
0.001680
0.006853
0.001142
0.006517
0.005106
0.003023
0.000470
0.004300
0.002016
0.009003
0.000605
0.001545
0.001008
0.006517
0.001209
0.010414
0.002486
0.004367
0.000605
0.005778
0.002217
0.002486
0.001075
0.003494
0.003695
0.011690
0.003158
0.001277
0.001612
0.001411
0.001881
0.011153
0.002687
0.002016
0.003023
0.004434
0.002083
0.001209
0.007189
0.003359
0.002620
0.002419
0.003292
0.001411
0.001209
0.004031
0.004098
0.007323
0.001747
0.001881
0.001075
0.006248
0.004501
0.001075
0.005980
0.006853
0.002083
0.001478
0.000672
0.001075
0.004434
0.006987
0.001545
0.005711
0.008667
0.003225
0.000806
0.000941
0.004300
0.003628
0.002687
0.001277
0.002016
0.008801
0.001008
0.001142
0.001814
0.006987
0.001142
0.002083
0.008264
0.003830
0.001209
0.002419
0.006517
0.003292
0.001680
0.000941
0.003561
0.009473
0.006517
0.001008
0.003628
0.002083
0.003225
0.002217
0.009675
0.001075
0.001747
0.001008
0.010951
0.001075
0.006651
0.001142
0.002620
0.001881
0.002016
0.000873
0.003359
0.001142
0.001948
0.005778
0.009070
0.001612
0.002486
0.000806
0.005173
0.000941
0.005576
0.001881
0.002822
0.006047
0.000470
0.001277
0.002889
0.008600
0.000941
0.008667
0.002150
0.002620
0.001008
0.008869
0.002889
0.003158
0.000537
0.002150
0.001277
0.008801
0.000336
0.001948
0.001344
0.006450
0.001277
0.007861
0.004703
0.001814
0.000672
0.005241
0.000269
0.005173
0.003897
0.001747
0.002687
0.008667
0.002889
0.002217
0.001075
0.000672
0.002150
0.007055
0.005576
0.001612
0.002352
0.003561
0.001411
0.000941
0.004098
0.001814
0.002553
0.004501
0.004166
0.000873
0.002016
0.001478
0.002419
0.008600
0.002687
0.001680
0.002150
0.008130
0.002284
0.001277
0.005509
0.002419
0.001747
0.001948
