0.052069
0.001344
0.003426
0.005442
0.004501
0.001948
0.012094
0.003158
0.001680
0.001612
0.005308
0.002217
0.004098
0.002419
0.004098
0.009809
0.003695
0.001881
0.002553
0.006316
0.002419
0.001612
0.011892
0.006316
0.002016
0.004031
0.007189
0.001478
0.002284
0.001411
0.010145
0.010145
0.006047
0.001411
0.003292
0.004434
0.005576
0.001075
0.012429
0.001612
0.002016
0.002620
0.007928
0.002486
0.008130
0.001209
0.007458
0.001881
0.004703
0.001545
0.002352
0.002352
0.003897
0.002150
0.011019
0.002620
0.003494
0.002553
0.005308
0.000672
0.010951
0.002083
0.005509
0.003225
0.004434
0.001344
0.002755
0.006450
0.001478
0.004434
0.001814
0.003964
0.001612
0.003762
0.007122
0.002150
0.001478
0.002217
0.002352
0.007323
0.002956
0.001747
0.001344
0.005375
0.003628
0.004703
0.003695
0.004098
0.001881
0.002016
0.002620
0.001478
0.002687
0.001881
0.003964
0.009742
0.004972
0.000941
0.001680
0.003561
0.003426
0.007189
0.003426
0.005039
0.001680
0.001277
0.002889
0.001612
0.007592
0.001747
0.004703
0.005173
0.006047
0.001545
0.002284
0.006248
0.004837
0.002755
0.003091
0.003494
0.003897
0.004770
0.005308
0.002217
0.005845
0.001680
0.002620
0.002284
0.001277
0.001209
0.003561
0.005509
0.002486
0.003561
0.009809
0.002822
0.002150
0.000806
0.005375
0.004098
0.004501
0.002956
0.004098
0.009742
0.001948
0.001411
0.003494
0.009540
0.002352
0.001478
0.009339
0.003158
0.003225
0.001881
0.010548
0.002822
0.004300
0.001277
0.003964
0.005442
0.006248
0.001344
0.004501
0.002150
0.002553
0.001747
0.008936
0.001747
0.003158
0.001008
0.012161
0.001747
0.007592
0.001344
0.005039
0.003359
0.003628
0.001008
0.002352
0.001277
0.002352
0.003225
0.007726
0.001478
0.003628
0.000806
0.005711
0.001747
0.007592
0.001612
0.003762
0.004300
0.002620
0.001411
0.003628
0.008197
0.001747
0.002217
0.003628
0.002553
0.002419
0.006853
0.003225
0.002822
0.003494
0.002419
0.002016
0.007592
0.001680
0.001411
0.000873
0.004703
0.002083
0.002620
0.006047
0.002016
0.001478
0.002486
0.001277
0.003225
0.004636
0.001612
0.002352
0.006450
0.003964
0.000605
0.001612
0.001948
0.002486
0.004300
0.005845
0.002553
0.003426
0.001344
0.002284
0.002016
0.007256
0.001814
0.003494
0.007592
0.006786
0.000873
0.002620
0.002822
0.002620
0.001814
0.002553
0.002352
0.002352
0.007256
0.002486
0.003091
0.005173
0.001680
0.002284
0.002956
