0.098092
0.000605
0.002016
0.004569
0.003292
0.001344
0.009003
0.004703
0.001075
0.002755
0.004569
0.003494
0.004098
0.002016
0.004569
0.010548
0.004233
0.001277
0.002822
0.006383
0.002217
0.001881
0.008869
0.004837
0.002083
0.003023
0.006853
0.003695
0.001209
0.002284
0.005576
0.010145
0.004501
0.000806
0.002419
0.004098
0.008130
0.001411
0.009540
0.002419
0.001612
0.004166
0.007055
0.001814
0.009272
0.001814
0.007861
0.001747
0.004367
0.001209
0.003158
0.003091
0.003292
0.003561
0.011623
0.003628
0.003494
0.002150
0.004703
0.003762
0.006987
0.002687
0.003494
0.002150
0.003628
0.002150
0.001142
0.005308
0.001680
0.004636
0.001814
0.004770
0.000672
0.004098
0.004300
0.003359
0.001747
0.003091
0.002822
0.005375
0.001680
0.001545
0.002016
0.003897
0.003023
0.008667
0.003225
0.005039
0.001209
0.002284
0.002486
0.002822
0.003158
0.003292
0.004031
0.009742
0.004636
0.001680
0.001209
0.002620
0.004300
0.008130
0.003023
0.003830
0.002889
0.003359
0.002553
0.001814
0.010615
0.001612
0.003964
0.002150
0.007122
0.001747
0.002755
0.003628
0.004031
0.007323
0.002217
0.001612
0.001612
0.003426
0.004501
0.002150
0.004770
0.004367
0.001008
0.001814
0.001948
0.001142
0.003359
0.005778
0.002016
0.003830
0.005644
0.003897
0.001277
0.001344
0.004972
0.004031
0.004367
0.001545
0.001948
0.006786
0.002553
0.001277
0.003695
0.007794
0.001411
0.001411
0.006047
0.003762
0.002016
0.001008
0.008465
0.002755
0.002083
0.001142
0.003897
0.007794
0.007122
0.001277
0.002016
0.001612
0.003426
0.001747
0.007995
0.001814
0.002822
0.002016
0.008533
0.001680
0.007659
0.001344
0.002956
0.002083
0.007592
0.001747
0.004569
0.001008
0.002620
0.005375
0.005644
0.002284
0.003897
0.001277
0.004300
0.001948
0.005241
0.001881
0.003158
0.005576
0.001814
0.003023
0.001814
0.007659
0.001344
0.003292
0.003023
0.004233
0.001008
0.008062
0.002419
0.002889
0.001680
0.002016
0.001814
0.006181
0.001478
0.002419
0.001612
0.001948
0.001209
0.004300
0.006047
0.003292
0.001545
0.002150
0.001612
0.002486
0.005375
0.001680
0.002755
0.005912
0.004905
0.002889
0.001344
0.001680
0.002419
0.004031
0.005173
0.002016
0.002755
0.004031
0.001747
0.001881
0.005778
0.001277
0.002150
0.005039
0.010884
0.001209
0.002016
0.001344
0.003158
0.004703
0.002352
0.001680
0.002352
0.006248
0.001612
0.001948
0.005308
0.001680
0.001948
0.001814
