0.092986
0.000605
0.004098
0.004300
0.001612
0.002620
0.014579
0.003091
0.001075
0.002217
0.004569
0.002150
0.002284
0.002620
0.003561
0.014243
0.003225
0.000806
0.002486
0.007323
0.002284
0.001814
0.013908
0.005173
0.000941
0.004031
0.006047
0.001545
0.001747
0.002217
0.006651
0.011422
0.005308
0.001344
0.002284
0.004905
0.003359
0.002150
0.008801
0.002486
0.000873
0.004098
0.006987
0.002016
0.008062
0.001612
0.006114
0.001747
0.002755
0.001008
0.002620
0.002687
0.002553
0.002687
0.025262
0.003158
0.001142
0.001612
0.004636
0.002016
0.009272
0.003158
0.005039
0.003426
0.004569
0.001008
0.002150
0.006987
0.002083
0.006114
0.002150
0.003091
0.001277
0.006047
0.005845
0.001478
0.001814
0.003292
0.002150
0.006584
0.001747
0.001142
0.001545
0.003225
0.002620
0.009003
0.003762
0.004501
0.001344
0.002553
0.001948
0.001747
0.002150
0.003292
0.003359
0.014848
0.003426
0.001411
0.001747
0.003628
0.002620
0.008667
0.002553
0.003494
0.001411
0.003023
0.002284
0.002016
0.008533
0.002083
0.002620
0.002687
0.004300
0.001075
0.001747
0.004434
0.003628
0.004233
0.002217
0.002956
0.001277
0.004972
0.004905
0.002284
0.004905
0.004905
0.002755
0.001814
0.001344
0.001008
0.004636
0.009339
0.000941
0.004233
0.007055
0.001478
0.001075
0.001478
0.005308
0.003091
0.004367
0.000672
0.002486
0.009070
0.001478
0.001948
0.001814
0.009944
0.000941
0.002284
0.009003
0.002419
0.001747
0.001478
0.009070
0.001411
0.002956
0.001411
0.004300
0.006853
0.006719
0.001948
0.002822
0.002150
0.001747
0.003426
0.006853
0.003359
0.001209
0.002217
0.013773
0.002486
0.004837
0.001008
0.003359
0.003762
0.002620
0.001008
0.001612
0.001747
0.001478
0.004703
0.009473
0.001680
0.001008
0.000470
0.004367
0.001344
0.005778
0.000806
0.002284
0.004770
0.001612
0.002553
0.002217
0.009944
0.000806
0.005106
0.002889
0.001881
0.001612
0.009406
0.002687
0.001612
0.002755
0.001747
0.001948
0.005039
0.000941
0.001545
0.001277
0.003023
0.001680
0.005845
0.006517
0.001612
0.000806
0.002956
0.000941
0.001680
0.004905
0.001881
0.002150
0.009675
0.004031
0.001075
0.001948
0.001612
0.001075
0.005173
0.003964
0.002217
0.001344
0.002486
0.001277
0.001612
0.006651
0.001612
0.002352
0.005442
0.006114
0.000739
0.002620
0.001344
0.001545
0.004166
0.003292
0.002150
0.001948
0.008533
0.001612
0.002486
0.004434
0.001747
0.001948
0.003292
