0.072494
0.000403
0.004703
0.006920
0.000941
0.001344
0.014176
0.007995
0.000537
0.001545
0.006047
0.005241
0.000403
0.001545
0.005308
0.015386
0.002016
0.001747
0.003494
0.005912
0.001344
0.000941
0.014109
0.009205
0.000537
0.003561
0.007928
0.003695
0.001209
0.001478
0.010212
0.013169
0.004300
0.000470
0.002889
0.002822
0.006786
0.000941
0.014109
0.001881
0.001545
0.003225
0.005375
0.001277
0.009809
0.001277
0.007928
0.001881
0.004031
0.000470
0.002217
0.001612
0.003897
0.002352
0.009473
0.001814
0.002822
0.001747
0.006383
0.000605
0.013370
0.001747
0.004233
0.001680
0.003494
0.003292
0.002083
0.006450
0.001075
0.011019
0.001209
0.008062
0.000605
0.005106
0.003897
0.003158
0.000739
0.004031
0.001545
0.012564
0.000672
0.002083
0.000605
0.005711
0.001008
0.012429
0.001344
0.005308
0.000269
0.004905
0.001948
0.004166
0.001411
0.004703
0.002687
0.011220
0.003359
0.002553
0.000470
0.001545
0.003695
0.011220
0.001142
0.002553
0.002150
0.003426
0.000672
0.000806
0.009137
0.002620
0.001612
0.001814
0.003494
0.001411
0.000336
0.003897
0.005241
0.008667
0.000941
0.001209
0.002284
0.005375
0.003561
0.000941
0.011489
0.004233
0.001142
0.001142
0.000605
0.000403
0.005912
0.008667
0.000269
0.003762
0.007525
0.004770
0.000000
0.000672
0.005912
0.005375
0.002620
0.001411
0.003292
0.008667
0.000739
0.001545
0.002620
0.009070
0.000470
0.001277
0.009540
0.004770
0.000672
0.001344
0.010615
0.004837
0.001142
0.001075
0.007189
0.007525
0.007055
0.000739
0.002822
0.001545
0.002284
0.001814
0.008197
0.001545
0.002016
0.000605
0.009003
0.001612
0.005845
0.001209
0.003762
0.001142
0.003225
0.000605
0.003158
0.001881
0.002083
0.002822
0.006987
0.002016
0.004972
0.000806
0.006987
0.001814
0.007256
0.000873
0.002352
0.003964
0.001209
0.002016
0.002687
0.007458
0.000336
0.006047
0.002553
0.004636
0.000470
0.008398
0.001344
0.003359
0.000470
0.003628
0.001478
0.008801
0.000336
0.002352
0.001277
0.004166
0.000806
0.006853
0.003762
0.003158
0.000202
0.004569
0.001075
0.004770
0.004166
0.002956
0.001411
0.008062
0.004098
0.002553
0.000806
0.000470
0.001478
0.006719
0.002956
0.001747
0.002553
0.004098
0.000873
0.001209
0.004367
0.001814
0.000806
0.003964
0.005039
0.001209
0.001277
0.001680
0.002687
0.005778
0.001680
0.001209
0.001948
0.006987
0.000739
0.001545
0.006181
0.003695
0.001008
0.001277
