0.055630
0.001478
0.001881
0.005173
0.006248
0.001344
0.007055
0.003897
0.003897
0.003023
0.004770
0.003695
0.004972
0.003359
0.004501
0.009540
0.005711
0.002016
0.003023
0.007995
0.001881
0.001680
0.003695
0.006047
0.003023
0.002486
0.007458
0.004233
0.002553
0.002217
0.004636
0.006853
0.006181
0.001344
0.002150
0.003964
0.005173
0.001344
0.005845
0.003628
0.002486
0.002083
0.007458
0.002956
0.004770
0.001814
0.005106
0.003023
0.005375
0.002352
0.003897
0.004233
0.004703
0.002284
0.005980
0.003292
0.003897
0.002755
0.005241
0.003695
0.006316
0.003158
0.003762
0.002889
0.001814
0.001411
0.001881
0.006181
0.002687
0.001612
0.002419
0.005173
0.002284
0.005644
0.003897
0.004098
0.002553
0.001747
0.003494
0.005173
0.004569
0.001277
0.002822
0.004434
0.003561
0.004703
0.002822
0.003695
0.003695
0.002620
0.004367
0.004300
0.002419
0.001612
0.004098
0.008801
0.003964
0.001344
0.002687
0.004703
0.004166
0.006047
0.004569
0.003964
0.002553
0.002419
0.003494
0.002889
0.007794
0.001680
0.006114
0.004031
0.009876
0.001008
0.002553
0.004166
0.003158
0.002620
0.001814
0.002620
0.004300
0.004501
0.003494
0.003091
0.006114
0.002284
0.003359
0.002553
0.002687
0.001008
0.003494
0.005644
0.004770
0.004501
0.006316
0.004770
0.002217
0.001344
0.004166
0.003426
0.004972
0.002553
0.002419
0.006181
0.003426
0.001478
0.004434
0.010884
0.002553
0.002822
0.004166
0.005442
0.003158
0.001344
0.008734
0.004300
0.004098
0.001344
0.002083
0.005241
0.008398
0.001344
0.003964
0.002486
0.004367
0.002687
0.005980
0.003695
0.002956
0.002284
0.008264
0.002352
0.004837
0.002083
0.004031
0.003494
0.004770
0.001142
0.002352
0.002352
0.002889
0.003359
0.004972
0.003830
0.004434
0.000739
0.004434
0.002755
0.006383
0.002755
0.002083
0.004569
0.002687
0.001478
0.002687
0.008869
0.003158
0.001948
0.004636
0.004569
0.001814
0.006786
0.002150
0.003292
0.003695
0.000873
0.002150
0.005845
0.002016
0.001277
0.002687
0.005845
0.002217
0.003830
0.003158
0.003762
0.002889
0.002352
0.002016
0.003158
0.003023
0.001277
0.001948
0.004770
0.005845
0.001344
0.002889
0.001881
0.003830
0.003494
0.005039
0.004501
0.003091
0.002352
0.002150
0.001814
0.007794
0.001478
0.004031
0.004837
0.010951
0.000941
0.002956
0.002553
0.002217
0.003292
0.004031
0.002822
0.004501
0.006786
0.002553
0.003225
0.002755
0.001209
0.002486
0.003561
