0.081631
0.000605
0.001344
0.003628
0.001948
0.002217
0.008465
0.003494
0.000873
0.001545
0.003897
0.003091
0.001747
0.002755
0.003359
0.011959
0.003964
0.001075
0.002016
0.005980
0.001008
0.001142
0.010145
0.003830
0.001008
0.004434
0.004636
0.001411
0.001209
0.001344
0.004501
0.006786
0.004367
0.001747
0.001344
0.003292
0.006853
0.001478
0.009205
0.001747
0.002755
0.003964
0.004837
0.000672
0.013370
0.002486
0.005644
0.001209
0.005845
0.001277
0.003158
0.001747
0.004031
0.002284
0.011825
0.001075
0.002083
0.002083
0.003359
0.000470
0.009070
0.002620
0.004233
0.001747
0.003628
0.003561
0.000672
0.003964
0.001680
0.012765
0.000806
0.003964
0.002217
0.006853
0.004233
0.002150
0.001680
0.008734
0.000873
0.009809
0.001545
0.003225
0.000537
0.005442
0.002016
0.010817
0.001747
0.003561
0.001142
0.005173
0.000873
0.002083
0.001814
0.005308
0.001545
0.010683
0.005845
0.004434
0.000605
0.001747
0.005509
0.013370
0.001008
0.002217
0.003225
0.007525
0.000605
0.000941
0.013975
0.007861
0.001478
0.001680
0.009137
0.001478
0.000941
0.004367
0.007256
0.010212
0.001075
0.001478
0.002889
0.006853
0.002486
0.001545
0.011153
0.007928
0.001142
0.001478
0.000605
0.001075
0.002553
0.004300
0.001142
0.004031
0.005308
0.002687
0.001142
0.001075
0.001612
0.001612
0.003830
0.001411
0.001008
0.006651
0.001478
0.001612
0.001545
0.008197
0.001142
0.002217
0.005845
0.003292
0.001277
0.001747
0.004367
0.000941
0.001948
0.001344
0.002083
0.005308
0.006114
0.003426
0.001612
0.001277
0.003964
0.002016
0.006719
0.000941
0.002419
0.001948
0.008130
0.000672
0.008801
0.002284
0.002217
0.001948
0.005845
0.001411
0.005039
0.000873
0.003897
0.004905
0.007323
0.001411
0.003292
0.001277
0.003225
0.001545
0.006853
0.001478
0.001612
0.003426
0.001747
0.004031
0.000941
0.005173
0.001612
0.009540
0.001142
0.003225
0.002822
0.008130
0.001209
0.002083
0.002016
0.004703
0.000806
0.006719
0.001277
0.004233
0.000470
0.004905
0.001814
0.008936
0.004434
0.002217
0.000739
0.004569
0.000605
0.002150
0.003628
0.003561
0.000336
0.006517
0.006584
0.005980
0.000470
0.000739
0.003225
0.009339
0.003359
0.001814
0.004098
0.005711
0.000605
0.000672
0.008600
0.003830
0.000605
0.005375
0.010951
0.003762
0.000941
0.001478
0.006450
0.007928
0.001344
0.001545
0.002083
0.008533
0.000672
0.001948
0.008869
0.004166
0.000605
0.001680
