0.065439
0.001344
0.001747
0.005711
0.004098
0.002016
0.009272
0.004166
0.003359
0.001344
0.003897
0.003695
0.003292
0.002217
0.004098
0.009070
0.005308
0.001478
0.003292
0.006114
0.003964
0.001075
0.004569
0.005576
0.002284
0.003292
0.005711
0.003225
0.003426
0.001478
0.003628
0.007323
0.008197
0.001411
0.001814
0.005778
0.005576
0.001612
0.005778
0.002755
0.003359
0.003695
0.005241
0.002419
0.007458
0.002620
0.003158
0.001948
0.006584
0.002486
0.003695
0.002553
0.005711
0.001747
0.007323
0.002687
0.003628
0.001881
0.005173
0.002217
0.009944
0.002284
0.003023
0.003964
0.006584
0.001478
0.001008
0.005912
0.003359
0.003897
0.002352
0.003225
0.002822
0.003292
0.004031
0.002956
0.002553
0.003023
0.002755
0.004837
0.005576
0.001881
0.001545
0.005039
0.003292
0.006853
0.002687
0.002889
0.003225
0.001612
0.003292
0.002352
0.003091
0.002083
0.003158
0.008667
0.007122
0.002016
0.002016
0.002755
0.005308
0.006584
0.003158
0.003225
0.004166
0.001881
0.002620
0.002352
0.009675
0.002284
0.004031
0.002889
0.007256
0.001747
0.002419
0.004703
0.006248
0.003628
0.001747
0.002956
0.003494
0.003561
0.005375
0.001814
0.007122
0.002553
0.002150
0.002486
0.002486
0.000941
0.002822
0.004501
0.003830
0.003695
0.005509
0.003830
0.002687
0.001075
0.003091
0.003023
0.006987
0.002150
0.002217
0.006786
0.001948
0.001680
0.002889
0.008734
0.002755
0.001612
0.004703
0.003359
0.003225
0.001209
0.008734
0.002620
0.004770
0.001478
0.001948
0.007525
0.010078
0.000806
0.001612
0.002956
0.004972
0.001814
0.007189
0.002419
0.004098
0.001209
0.007055
0.002553
0.007592
0.001612
0.003494
0.003830
0.005173
0.000806
0.003561
0.001411
0.003830
0.005308
0.005308
0.002889
0.003897
0.000806
0.004501
0.002083
0.009944
0.001277
0.002553
0.005912
0.002687
0.001411
0.001612
0.006853
0.002755
0.003158
0.002553
0.002352
0.003561
0.005644
0.001411
0.002486
0.004905
0.002822
0.001881
0.005576
0.002150
0.001478
0.002083
0.003292
0.003762
0.003964
0.004837
0.002822
0.002822
0.001545
0.001814
0.002150
0.006853
0.001545
0.002620
0.007458
0.005442
0.001881
0.001277
0.001814
0.004166
0.003023
0.006786
0.002620
0.003561
0.001277
0.001747
0.002486
0.008398
0.001747
0.002956
0.005039
0.008869
0.001747
0.002889
0.002687
0.003897
0.003628
0.003158
0.002419
0.004569
0.005576
0.001680
0.001612
0.009003
0.002150
0.002217
0.002553
