0.088551
0.001209
0.003628
0.008130
0.001747
0.001411
0.012497
0.005442
0.000873
0.002687
0.008869
0.003561
0.000739
0.002016
0.004703
0.013840
0.002352
0.001209
0.002217
0.009137
0.000672
0.002419
0.010279
0.012026
0.000739
0.003561
0.004636
0.004636
0.001142
0.001747
0.006047
0.011959
0.003762
0.001209
0.002083
0.005442
0.002016
0.001478
0.009944
0.002486
0.001209
0.004300
0.007592
0.001680
0.004569
0.002016
0.004636
0.002016
0.001612
0.001478
0.002687
0.003158
0.001545
0.002889
0.010884
0.003695
0.001344
0.002956
0.003359
0.001881
0.009137
0.002553
0.003225
0.003628
0.003561
0.002284
0.002016
0.009540
0.001142
0.009070
0.002217
0.009473
0.000739
0.005576
0.006248
0.004501
0.001612
0.003091
0.001680
0.007592
0.001411
0.001545
0.001142
0.006114
0.000873
0.010414
0.004636
0.005509
0.001075
0.004031
0.001545
0.004770
0.002284
0.003762
0.002553
0.011690
0.002889
0.001747
0.000941
0.003426
0.001545
0.010011
0.002620
0.004098
0.001814
0.003494
0.002150
0.001948
0.008600
0.002352
0.001814
0.001411
0.002486
0.001612
0.000672
0.004636
0.002755
0.004972
0.001478
0.004098
0.001075
0.004501
0.003225
0.001814
0.005173
0.003158
0.000739
0.002419
0.000873
0.001545
0.004031
0.008465
0.001075
0.004972
0.007928
0.004233
0.000941
0.001142
0.004972
0.004972
0.003158
0.001478
0.001411
0.008936
0.001008
0.001948
0.002217
0.009205
0.001142
0.004636
0.010145
0.005375
0.001075
0.001209
0.007122
0.003426
0.001881
0.001881
0.003830
0.010414
0.004905
0.001008
0.002083
0.002553
0.001680
0.002687
0.005778
0.002217
0.000873
0.001075
0.009540
0.002889
0.003561
0.002217
0.002352
0.002755
0.001680
0.000739
0.002553
0.001478
0.000873
0.006651
0.007861
0.002217
0.001142
0.001209
0.002956
0.002822
0.004300
0.003023
0.001680
0.005912
0.001545
0.001680
0.002889
0.009944
0.001008
0.006114
0.002822
0.005576
0.001075
0.008465
0.002083
0.006114
0.001545
0.001747
0.001411
0.007525
0.000739
0.001747
0.001411
0.005576
0.000941
0.005980
0.005980
0.004703
0.000941
0.004837
0.000941
0.005173
0.004972
0.002352
0.001612
0.011287
0.003158
0.001411
0.000873
0.001008
0.001612
0.005308
0.004233
0.002755
0.001344
0.002486
0.000806
0.002284
0.003561
0.001478
0.000873
0.005509
0.004367
0.001142
0.000739
0.001277
0.001209
0.005576
0.001747
0.002352
0.001747
0.006584
0.000470
0.004031
0.004300
0.002150
0.001075
0.003359
