0.053883
0.001747
0.004703
0.007323
0.004031
0.001478
0.006651
0.004233
0.002217
0.001881
0.005375
0.003897
0.003695
0.001881
0.003158
0.006584
0.005509
0.001209
0.003292
0.007055
0.003695
0.001948
0.006786
0.006383
0.002217
0.003091
0.005778
0.001612
0.003023
0.002150
0.005106
0.007055
0.006584
0.001747
0.004569
0.007592
0.003897
0.000873
0.006584
0.003762
0.003292
0.002687
0.007525
0.003426
0.005106
0.001209
0.004166
0.002620
0.006047
0.001948
0.004300
0.003292
0.005173
0.002284
0.008600
0.006047
0.002889
0.001948
0.004166
0.002150
0.007995
0.001747
0.005241
0.004098
0.004434
0.002083
0.003494
0.008197
0.003225
0.002352
0.002352
0.002620
0.001948
0.003494
0.004098
0.004434
0.002687
0.001881
0.003091
0.003762
0.003964
0.001209
0.003158
0.004905
0.003695
0.007256
0.005241
0.005308
0.002419
0.001814
0.002889
0.001881
0.003292
0.002083
0.005375
0.009272
0.005039
0.001881
0.003091
0.004300
0.004031
0.005644
0.003830
0.003292
0.002284
0.003158
0.003628
0.002687
0.008667
0.001545
0.004098
0.002687
0.006517
0.001411
0.002889
0.005039
0.003897
0.002083
0.002553
0.003091
0.003426
0.003359
0.003426
0.001747
0.003830
0.001881
0.002822
0.002419
0.002284
0.001142
0.004501
0.006450
0.003426
0.002889
0.004367
0.002352
0.002755
0.001747
0.005308
0.005711
0.006651
0.001142
0.004031
0.006047
0.002553
0.001142
0.002755
0.006047
0.001881
0.001277
0.004703
0.004434
0.004031
0.001344
0.007256
0.002956
0.003561
0.001747
0.004972
0.007122
0.006114
0.000873
0.004636
0.003695
0.003695
0.001277
0.004770
0.002217
0.002755
0.001680
0.011019
0.003494
0.005845
0.001680
0.004770
0.003830
0.004501
0.000336
0.002620
0.002016
0.003426
0.004031
0.007659
0.003561
0.004569
0.001344
0.004636
0.002150
0.004972
0.003494
0.005173
0.009205
0.002956
0.001209
0.003292
0.010548
0.002284
0.002016
0.002553
0.003023
0.002687
0.007861
0.003359
0.005375
0.003494
0.002352
0.002687
0.005106
0.002755
0.000605
0.001612
0.002755
0.001881
0.002217
0.006047
0.003830
0.002284
0.002083
0.001881
0.002486
0.006181
0.002419
0.003561
0.007726
0.003292
0.000605
0.002687
0.002217
0.003023
0.003225
0.004972
0.002217
0.003628
0.001948
0.003023
0.002956
0.005644
0.001344
0.003628
0.005711
0.007928
0.000873
0.002956
0.001814
0.002083
0.001747
0.003292
0.002755
0.004166
0.007525
0.002016
0.001680
0.004972
0.002419
0.002822
0.004703
