0.080220
0.000403
0.004300
0.006786
0.001948
0.001881
0.011825
0.004972
0.001142
0.001142
0.005442
0.003897
0.001747
0.001814
0.005375
0.014647
0.003561
0.000605
0.002620
0.007794
0.001344
0.001008
0.010615
0.007861
0.000873
0.003695
0.006450
0.002352
0.001344
0.001008
0.008130
0.013975
0.004636
0.001142
0.002486
0.003561
0.004434
0.001008
0.008869
0.002016
0.001747
0.003494
0.006786
0.001008
0.008197
0.001344
0.006450
0.001075
0.006316
0.000537
0.002687
0.001209
0.004098
0.002284
0.010145
0.001747
0.000739
0.001747
0.005778
0.000806
0.010884
0.001948
0.005039
0.002822
0.003628
0.001545
0.001209
0.007323
0.001277
0.010884
0.000806
0.008734
0.001008
0.005845
0.002352
0.002889
0.000806
0.006584
0.001209
0.013437
0.001545
0.001209
0.001142
0.006114
0.001747
0.009339
0.001814
0.005308
0.000806
0.003561
0.001747
0.003494
0.001881
0.004703
0.001948
0.012564
0.005039
0.001747
0.000672
0.001142
0.003628
0.008801
0.001814
0.002217
0.002217
0.004300
0.002083
0.000941
0.011153
0.003830
0.002687
0.002352
0.007525
0.001008
0.000672
0.004233
0.008062
0.006316
0.000941
0.001680
0.001411
0.004569
0.003762
0.001277
0.013437
0.006114
0.001747
0.001075
0.000403
0.000269
0.004905
0.007726
0.001277
0.003762
0.006920
0.002822
0.001142
0.000672
0.004569
0.004636
0.004703
0.000873
0.005039
0.009406
0.001478
0.001008
0.001747
0.009809
0.001881
0.002016
0.006181
0.003762
0.001612
0.001411
0.008062
0.002620
0.002553
0.000941
0.005442
0.010817
0.005644
0.000873
0.001948
0.001814
0.003628
0.001478
0.007928
0.001344
0.002687
0.001344
0.006517
0.001747
0.007861
0.000806
0.004434
0.002150
0.003897
0.000739
0.003359
0.000672
0.001747
0.004098
0.008130
0.001411
0.001680
0.000269
0.004905
0.001075
0.008130
0.001142
0.002352
0.003830
0.001075
0.002284
0.001478
0.007525
0.001075
0.008667
0.000873
0.003091
0.001277
0.006987
0.001411
0.003494
0.002284
0.002889
0.001142
0.010817
0.000537
0.003225
0.000336
0.004501
0.001344
0.007390
0.003023
0.002419
0.000537
0.003494
0.000403
0.004367
0.003695
0.002083
0.001277
0.008264
0.004501
0.001948
0.000806
0.000537
0.002553
0.005375
0.004434
0.001344
0.002822
0.002016
0.001075
0.000873
0.006987
0.001209
0.001209
0.004905
0.007122
0.001478
0.002284
0.001747
0.003830
0.006114
0.001344
0.001075
0.001948
0.006517
0.000672
0.001478
0.008801
0.002822
0.001008
0.001075
