0.081295
0.001881
0.003225
0.003225
0.003695
0.001545
0.008600
0.003830
0.001814
0.002419
0.003158
0.002889
0.002419
0.002755
0.003561
0.011086
0.004233
0.003762
0.002486
0.004098
0.002486
0.003158
0.007390
0.004031
0.003359
0.002486
0.002822
0.002083
0.003023
0.002352
0.002956
0.008398
0.003897
0.004569
0.003091
0.005778
0.003762
0.002755
0.005106
0.002419
0.002822
0.004031
0.003628
0.003897
0.004367
0.002822
0.003359
0.003830
0.002083
0.001948
0.003628
0.002620
0.004636
0.003628
0.012362
0.004098
0.001545
0.001612
0.002755
0.002217
0.011556
0.003091
0.003225
0.003292
0.006316
0.002553
0.003426
0.004233
0.002956
0.004367
0.002419
0.004031
0.003628
0.002352
0.005241
0.002150
0.002486
0.003359
0.001881
0.007995
0.002352
0.002889
0.001277
0.003426
0.002755
0.011086
0.002150
0.004569
0.001545
0.001881
0.002284
0.002352
0.003023
0.004233
0.002284
0.013706
0.002083
0.003561
0.002284
0.003561
0.003426
0.008197
0.001747
0.002755
0.001814
0.002620
0.002956
0.003023
0.009675
0.003762
0.002486
0.002822
0.002687
0.002553
0.003494
0.004972
0.002486
0.007794
0.002486
0.002419
0.001008
0.003225
0.003023
0.004031
0.006786
0.005039
0.001680
0.003897
0.001209
0.002687
0.003158
0.004636
0.002150
0.002620
0.005912
0.003225
0.002956
0.001209
0.002217
0.003225
0.004636
0.002687
0.002755
0.008667
0.002150
0.004837
0.001814
0.006920
0.003091
0.004166
0.005173
0.003091
0.004569
0.002755
0.003695
0.001209
0.005241
0.002620
0.002352
0.005778
0.006719
0.004233
0.001680
0.003762
0.002284
0.003762
0.003897
0.002486
0.002016
0.003628
0.007592
0.005980
0.004300
0.003023
0.002419
0.005980
0.001545
0.001612
0.001814
0.001344
0.002419
0.003830
0.007323
0.003091
0.002217
0.001209
0.002150
0.001344
0.009137
0.002284
0.002217
0.005173
0.003292
0.002486
0.004770
0.005173
0.002352
0.003695
0.004031
0.003023
0.004501
0.006316
0.003426
0.002016
0.004837
0.003628
0.001881
0.006920
0.000605
0.002822
0.001075
0.002553
0.002419
0.006719
0.004703
0.003359
0.001747
0.001344
0.001411
0.002419
0.006651
0.003494
0.002284
0.009473
0.003225
0.002687
0.002150
0.002150
0.002217
0.005509
0.003292
0.002822
0.002217
0.002083
0.002016
0.003091
0.005442
0.002553
0.001881
0.005039
0.003091
0.001478
0.004569
0.001881
0.002284
0.004233
0.004905
0.003091
0.001344
0.002620
0.002956
0.004434
0.004434
0.002889
0.003695
0.005912
