0.113881
0.001478
0.003494
0.004300
0.002083
0.001277
0.010817
0.003628
0.001545
0.001814
0.004905
0.003628
0.002083
0.002419
0.003292
0.010548
0.003292
0.001478
0.003494
0.006181
0.001948
0.001478
0.006719
0.005509
0.002083
0.004569
0.004636
0.002755
0.002016
0.001881
0.004569
0.010145
0.004233
0.001277
0.004166
0.003695
0.002553
0.001209
0.005711
0.002687
0.001881
0.004501
0.006181
0.002553
0.004703
0.001612
0.004770
0.003359
0.002486
0.001344
0.002822
0.004166
0.002486
0.003225
0.011556
0.003292
0.003426
0.002956
0.003628
0.001881
0.008936
0.002486
0.004703
0.002150
0.003292
0.001277
0.002352
0.006181
0.001747
0.006047
0.002083
0.006114
0.001411
0.004434
0.004233
0.003695
0.001545
0.002620
0.002150
0.008398
0.001075
0.002016
0.002352
0.003964
0.001747
0.009540
0.003426
0.004367
0.001277
0.002956
0.002822
0.002620
0.002956
0.001747
0.003426
0.012362
0.002352
0.001881
0.001948
0.003292
0.003023
0.007390
0.003426
0.002083
0.001948
0.003292
0.002284
0.002150
0.008869
0.001478
0.004434
0.003426
0.004031
0.001612
0.002822
0.004031
0.003628
0.006450
0.002352
0.003158
0.003628
0.006248
0.004434
0.001545
0.004770
0.003158
0.002083
0.002150
0.001612
0.001277
0.003695
0.005308
0.002352
0.005308
0.006181
0.002553
0.001747
0.001008
0.003426
0.002419
0.003964
0.002150
0.002419
0.008533
0.001277
0.001814
0.002822
0.009205
0.002016
0.002419
0.006584
0.003762
0.002083
0.000806
0.006584
0.003292
0.002352
0.000806
0.004031
0.007794
0.006786
0.002419
0.003897
0.002284
0.003225
0.002150
0.007995
0.002217
0.002217
0.001680
0.008936
0.002419
0.004569
0.000806
0.003426
0.003628
0.001747
0.001209
0.003091
0.001680
0.002687
0.004770
0.007323
0.002486
0.002687
0.001075
0.003158
0.001948
0.004031
0.001411
0.003494
0.005644
0.001814
0.001948
0.003091
0.008130
0.001209
0.005644
0.002889
0.002687
0.002016
0.008331
0.001948
0.003359
0.001545
0.001411
0.002486
0.007592
0.000806
0.001545
0.001881
0.003628
0.002150
0.005980
0.004233
0.002956
0.000806
0.001948
0.001814
0.002889
0.003830
0.001075
0.003561
0.008600
0.006114
0.002217
0.002553
0.001948
0.002083
0.005912
0.005442
0.002150
0.002956
0.004233
0.001881
0.002016
0.004636
0.001142
0.002352
0.004501
0.005845
0.002016
0.002553
0.001344
0.002553
0.003762
0.003023
0.002889
0.002419
0.007995
0.001142
0.002419
0.003830
0.001277
0.002486
0.003628
