0.077667
0.000873
0.000739
0.004972
0.003023
0.002150
0.008398
0.002755
0.001075
0.001209
0.004031
0.002016
0.002822
0.003762
0.002150
0.009675
0.003561
0.001612
0.001142
0.005845
0.001545
0.001612
0.006987
0.008398
0.001209
0.003225
0.003359
0.001948
0.001142
0.001881
0.004434
0.008398
0.005173
0.001948
0.000806
0.004300
0.009003
0.001747
0.010750
0.001277
0.002352
0.004837
0.004367
0.000941
0.013504
0.002620
0.004501
0.001075
0.005509
0.001478
0.002486
0.001277
0.005509
0.003225
0.011489
0.001680
0.003292
0.001545
0.002822
0.000672
0.011220
0.002486
0.002822
0.002352
0.004501
0.001881
0.000470
0.007055
0.002620
0.011354
0.000470
0.005980
0.002352
0.007256
0.003292
0.001411
0.001277
0.006987
0.001948
0.008197
0.002822
0.001344
0.000605
0.004501
0.002822
0.014109
0.002016
0.004703
0.001142
0.003762
0.000739
0.002352
0.001680
0.005106
0.001612
0.013034
0.005778
0.002419
0.000336
0.001545
0.005442
0.010212
0.001277
0.002419
0.004434
0.007861
0.000739
0.001411
0.013908
0.004098
0.001478
0.001747
0.008801
0.002419
0.000605
0.003762
0.006853
0.013236
0.000672
0.001680
0.003023
0.005173
0.002822
0.001747
0.011959
0.006450
0.001747
0.001344
0.000941
0.001075
0.001680
0.008264
0.001478
0.003494
0.005039
0.002217
0.000739
0.000672
0.002217
0.004031
0.004300
0.002016
0.001545
0.006316
0.002352
0.002284
0.001075
0.006383
0.000806
0.002217
0.005442
0.002553
0.001814
0.002486
0.004972
0.002419
0.002687
0.001881
0.002755
0.007726
0.007122
0.001881
0.001209
0.001478
0.003964
0.002486
0.007861
0.001344
0.002553
0.002687
0.008062
0.002016
0.007458
0.002620
0.002016
0.001545
0.004703
0.001881
0.001545
0.000537
0.003897
0.005845
0.005375
0.001209
0.002419
0.001142
0.002150
0.000672
0.008533
0.001814
0.001545
0.005308
0.002284
0.001478
0.000537
0.010951
0.002889
0.006853
0.001277
0.003830
0.002687
0.009944
0.000873
0.002687
0.002687
0.003494
0.001008
0.005711
0.001008
0.003830
0.000269
0.004367
0.001881
0.009003
0.004166
0.002284
0.001209
0.004031
0.000537
0.002553
0.005039
0.002284
0.001008
0.007055
0.004636
0.003426
0.000336
0.001008
0.004501
0.007055
0.002687
0.001612
0.003964
0.003561
0.000470
0.001008
0.010414
0.003359
0.000739
0.003292
0.007861
0.002419
0.001008
0.002150
0.006248
0.009473
0.001277
0.001411
0.002755
0.005375
0.000941
0.001747
0.008398
0.004233
0.000537
0.002150
