0.087409
0.000806
0.004031
0.009272
0.001008
0.001814
0.015251
0.006316
0.001411
0.002016
0.006517
0.005845
0.002553
0.002486
0.005173
0.012967
0.003023
0.000806
0.002083
0.009272
0.001881
0.002419
0.007726
0.009205
0.000806
0.004905
0.005845
0.004770
0.001411
0.001814
0.006853
0.010078
0.002419
0.001344
0.002486
0.004569
0.001881
0.001814
0.009742
0.003292
0.001747
0.003225
0.005576
0.001948
0.004569
0.002217
0.006853
0.002083
0.002553
0.001478
0.001680
0.002419
0.002419
0.002150
0.009205
0.003561
0.001277
0.003830
0.004166
0.003158
0.008398
0.002083
0.003359
0.002822
0.002620
0.001142
0.002016
0.007323
0.001008
0.007256
0.002419
0.011086
0.001948
0.005173
0.004905
0.003426
0.001277
0.005241
0.002486
0.009540
0.001680
0.001948
0.002150
0.005711
0.001545
0.007928
0.002352
0.005912
0.000739
0.005173
0.002889
0.005308
0.001612
0.003628
0.003091
0.011959
0.002889
0.001344
0.001277
0.002016
0.002083
0.009070
0.002822
0.003964
0.002150
0.003359
0.001948
0.002352
0.008331
0.003426
0.002217
0.002083
0.002486
0.001008
0.001545
0.004636
0.002083
0.004636
0.001277
0.002486
0.001411
0.005711
0.003762
0.002217
0.004770
0.005039
0.002217
0.002150
0.001209
0.001680
0.004905
0.007525
0.001612
0.004972
0.008398
0.004703
0.001142
0.001008
0.004031
0.006047
0.004098
0.001747
0.002553
0.010279
0.000336
0.002284
0.003359
0.008734
0.001881
0.003830
0.008600
0.007995
0.000470
0.001747
0.006853
0.005778
0.001209
0.001411
0.004031
0.009608
0.004367
0.001747
0.003023
0.002016
0.001344
0.003426
0.006114
0.002620
0.001545
0.001680
0.007189
0.002889
0.004300
0.001881
0.002822
0.003628
0.001142
0.001277
0.003158
0.001344
0.001277
0.004367
0.007995
0.001948
0.001142
0.001344
0.004233
0.002016
0.003561
0.001814
0.001814
0.005845
0.001545
0.000806
0.002016
0.007189
0.001075
0.006114
0.003359
0.005576
0.001344
0.007323
0.001344
0.004434
0.001747
0.002016
0.001209
0.006853
0.000403
0.002486
0.001277
0.004703
0.001612
0.006383
0.006248
0.004636
0.001277
0.003158
0.001478
0.006114
0.003695
0.002486
0.002217
0.009003
0.003225
0.002217
0.001344
0.001344
0.001277
0.006786
0.004569
0.002150
0.001277
0.002486
0.000739
0.002419
0.004233
0.001478
0.000873
0.004501
0.004031
0.001344
0.001075
0.002016
0.001209
0.005173
0.002016
0.001612
0.000806
0.005308
0.001008
0.003561
0.003494
0.002217
0.001948
0.002889
