0.073300
0.001411
0.004703
0.005039
0.003561
0.000806
0.010347
0.004098
0.002284
0.001075
0.006651
0.004098
0.002620
0.001881
0.004972
0.008533
0.004434
0.001209
0.002687
0.004703
0.003225
0.001680
0.007189
0.004636
0.002217
0.002755
0.005778
0.002419
0.003292
0.001478
0.006383
0.005845
0.005308
0.002956
0.005173
0.005980
0.003426
0.001142
0.008062
0.002352
0.002553
0.003561
0.008264
0.003830
0.006248
0.001545
0.003225
0.002889
0.003158
0.000873
0.002822
0.002553
0.004367
0.001478
0.010145
0.004233
0.002755
0.000605
0.003762
0.002822
0.010615
0.001545
0.006450
0.004031
0.005308
0.002284
0.004636
0.006316
0.002620
0.001948
0.003964
0.003023
0.002553
0.002620
0.007458
0.003964
0.002620
0.001075
0.003091
0.005308
0.002284
0.000873
0.002687
0.003091
0.003494
0.007458
0.004636
0.004300
0.002016
0.000537
0.003158
0.001948
0.003830
0.001478
0.005778
0.009406
0.004300
0.001478
0.003561
0.002822
0.002083
0.005241
0.003158
0.002150
0.002687
0.001142
0.004434
0.002352
0.007122
0.001209
0.003762
0.002352
0.005308
0.000873
0.003091
0.004098
0.004905
0.004233
0.003964
0.002687
0.002083
0.002352
0.004703
0.001747
0.006786
0.001612
0.004434
0.003561
0.002284
0.001142
0.004972
0.004434
0.002620
0.002822
0.006651
0.002687
0.001948
0.001411
0.005173
0.003762
0.005241
0.001277
0.003292
0.006181
0.001545
0.001277
0.003225
0.006181
0.002553
0.001545
0.008197
0.004233
0.002083
0.000806
0.006987
0.001948
0.004703
0.001411
0.004098
0.006719
0.007995
0.001881
0.005711
0.003897
0.002553
0.001344
0.007995
0.002284
0.002687
0.001478
0.010011
0.005039
0.005912
0.001612
0.003762
0.003628
0.002687
0.000806
0.003158
0.002016
0.001948
0.003695
0.008801
0.003964
0.003225
0.000941
0.004031
0.002016
0.008667
0.001344
0.005173
0.007390
0.002486
0.001478
0.004837
0.007323
0.001277
0.001881
0.004837
0.001881
0.003091
0.006047
0.004166
0.004098
0.003359
0.001209
0.003091
0.004569
0.001612
0.001008
0.002620
0.002553
0.002553
0.003897
0.008936
0.003023
0.002217
0.001008
0.002687
0.002553
0.007323
0.002083
0.004569
0.007122
0.004300
0.001075
0.004031
0.002419
0.001948
0.002687
0.004837
0.001612
0.002553
0.001612
0.002956
0.002083
0.006047
0.000537
0.002620
0.004569
0.006316
0.000537
0.003762
0.001545
0.002486
0.002956
0.005509
0.002889
0.002150
0.004367
0.003426
0.003426
0.007928
0.001680
0.003091
0.003494
