0.083512
0.001142
0.001277
0.006920
0.001948
0.002352
0.008130
0.005711
0.000672
0.002217
0.007390
0.002419
0.002016
0.002419
0.004300
0.013437
0.003494
0.001209
0.001814
0.006853
0.001277
0.001680
0.008667
0.009003
0.000537
0.003762
0.003426
0.002687
0.000672
0.001612
0.005845
0.011153
0.004166
0.001277
0.001344
0.004166
0.003426
0.001075
0.007659
0.001881
0.001814
0.004300
0.006248
0.001411
0.006651
0.002016
0.007122
0.000873
0.004098
0.001209
0.002217
0.001680
0.003628
0.002419
0.010145
0.003023
0.002016
0.001277
0.003494
0.001344
0.009876
0.001881
0.003158
0.002217
0.003561
0.002956
0.001008
0.009070
0.001411
0.010279
0.001209
0.006853
0.000941
0.006987
0.003695
0.003158
0.001344
0.007122
0.002217
0.012228
0.001545
0.002217
0.001209
0.007458
0.002419
0.014109
0.002755
0.006786
0.000537
0.005106
0.001075
0.003897
0.001545
0.005308
0.001478
0.013639
0.005039
0.002150
0.000537
0.001948
0.003695
0.012765
0.001680
0.002687
0.002352
0.005711
0.001881
0.001075
0.009272
0.003830
0.002553
0.002352
0.004501
0.002016
0.000470
0.005375
0.004434
0.011623
0.001142
0.002284
0.001478
0.004636
0.002284
0.001277
0.010078
0.006651
0.000941
0.001612
0.000605
0.000605
0.001680
0.007055
0.000873
0.003830
0.005711
0.002822
0.000739
0.001008
0.004233
0.005173
0.004367
0.001814
0.001209
0.007995
0.001075
0.001209
0.002352
0.009473
0.001411
0.003426
0.007928
0.003494
0.001008
0.001075
0.004233
0.003225
0.001814
0.001612
0.002217
0.009944
0.006248
0.001612
0.001209
0.002352
0.001277
0.001545
0.007928
0.001142
0.001814
0.001612
0.006987
0.001545
0.005778
0.001344
0.003494
0.001747
0.002284
0.001478
0.002419
0.001075
0.001344
0.004905
0.008130
0.001075
0.001881
0.000605
0.001612
0.001545
0.005442
0.001209
0.001411
0.004233
0.001411
0.003426
0.001277
0.010414
0.000605
0.007323
0.001545
0.003897
0.002553
0.009070
0.001277
0.003158
0.002822
0.003695
0.001142
0.011153
0.000537
0.003494
0.000873
0.008264
0.001075
0.009809
0.004703
0.003023
0.000605
0.003695
0.000403
0.005442
0.004434
0.003091
0.000739
0.008801
0.004434
0.002755
0.000336
0.000806
0.002284
0.006450
0.003695
0.001478
0.003023
0.005442
0.000672
0.001142
0.007055
0.002755
0.001277
0.006584
0.006181
0.002150
0.001008
0.002486
0.001814
0.007861
0.001612
0.001344
0.001545
0.006651
0.000537
0.002083
0.006853
0.003225
0.000806
0.002284
