0.101250
0.001612
0.001680
0.002956
0.003426
0.003561
0.008667
0.004501
0.001411
0.002083
0.002822
0.003561
0.003426
0.004098
0.002687
0.010817
0.003225
0.003494
0.002352
0.003964
0.001545
0.002284
0.006450
0.003964
0.001612
0.004837
0.004300
0.002822
0.001075
0.002486
0.002620
0.008264
0.004031
0.002150
0.002150
0.002889
0.003628
0.002284
0.007122
0.003158
0.002687
0.004569
0.004031
0.002553
0.007323
0.002553
0.004233
0.001545
0.003158
0.001209
0.002822
0.001612
0.004367
0.003426
0.009473
0.002352
0.002553
0.002553
0.002822
0.001948
0.011489
0.002352
0.002822
0.002486
0.004098
0.002687
0.002352
0.003158
0.001814
0.009876
0.001814
0.005711
0.001612
0.005375
0.004434
0.002755
0.001142
0.006450
0.001747
0.007726
0.001478
0.005106
0.001881
0.003426
0.002553
0.012228
0.001344
0.004166
0.002553
0.005576
0.002486
0.003225
0.002217
0.005711
0.002620
0.008130
0.004434
0.002687
0.002083
0.002217
0.004367
0.011489
0.002150
0.002352
0.002486
0.004233
0.001948
0.002217
0.009809
0.005778
0.002553
0.002687
0.004770
0.003494
0.001747
0.003561
0.005576
0.007525
0.001478
0.002217
0.002217
0.005308
0.004098
0.002284
0.007122
0.005375
0.001680
0.002016
0.001008
0.001680
0.001478
0.003695
0.002822
0.004770
0.006047
0.003225
0.001411
0.002553
0.002083
0.003225
0.004501
0.002687
0.002083
0.006450
0.001612
0.002755
0.001814
0.006786
0.001948
0.002956
0.003158
0.003561
0.002083
0.002889
0.003964
0.002889
0.002889
0.001478
0.001747
0.006383
0.007189
0.002620
0.001612
0.001948
0.003292
0.002889
0.004300
0.002217
0.002486
0.002486
0.007928
0.002553
0.003897
0.002486
0.002553
0.001747
0.002755
0.001344
0.002822
0.001344
0.003158
0.005375
0.006517
0.002083
0.003628
0.001277
0.002755
0.001612
0.006114
0.001277
0.002150
0.004569
0.002083
0.003830
0.003023
0.005375
0.001948
0.008801
0.002822
0.002889
0.002217
0.008801
0.001814
0.002419
0.002150
0.004569
0.002150
0.005778
0.001142
0.003158
0.001411
0.001680
0.002486
0.007995
0.004905
0.002620
0.001814
0.003023
0.001277
0.002553
0.004636
0.003494
0.002150
0.006517
0.004569
0.004837
0.001209
0.001277
0.003695
0.007189
0.003964
0.002016
0.002889
0.003426
0.001209
0.001277
0.006383
0.003158
0.002284
0.004501
0.004300
0.003494
0.002889
0.002217
0.003762
0.005509
0.002822
0.002352
0.003426
0.005106
0.002620
0.002956
0.005644
0.003292
0.002352
0.002620
