0.056369
0.001612
0.004636
0.005241
0.002016
0.004434
0.009339
0.004770
0.000941
0.003897
0.005509
0.001881
0.001747
0.004770
0.004770
0.008197
0.004837
0.002217
0.004770
0.006853
0.001277
0.003292
0.007323
0.005980
0.001814
0.004905
0.007055
0.002889
0.001142
0.002352
0.005039
0.005912
0.003897
0.002419
0.003830
0.005039
0.001814
0.002284
0.006786
0.002687
0.001881
0.004636
0.006987
0.001411
0.003158
0.002620
0.005106
0.002016
0.002755
0.002016
0.003561
0.003359
0.002553
0.002889
0.010011
0.003158
0.002016
0.003292
0.005375
0.001612
0.006651
0.003561
0.005980
0.003897
0.004098
0.001008
0.003158
0.006114
0.000806
0.005173
0.002822
0.006181
0.001680
0.005039
0.005845
0.002889
0.001075
0.005509
0.002956
0.006383
0.001478
0.002217
0.003426
0.006316
0.001680
0.009272
0.005241
0.004031
0.001545
0.004300
0.003762
0.003762
0.001209
0.003628
0.003494
0.007122
0.003292
0.001478
0.002486
0.003897
0.001680
0.008264
0.004300
0.004905
0.002352
0.003830
0.003292
0.001881
0.006248
0.004905
0.004501
0.003695
0.004501
0.003023
0.003628
0.006114
0.002217
0.006114
0.003091
0.002889
0.001814
0.007189
0.004636
0.002284
0.004636
0.004636
0.002284
0.002284
0.000873
0.001881
0.003561
0.003023
0.001612
0.005845
0.007928
0.002083
0.001209
0.001411
0.004501
0.002486
0.004770
0.002352
0.004636
0.007458
0.001612
0.003426
0.003292
0.007458
0.001142
0.003494
0.006450
0.003494
0.001411
0.003292
0.009137
0.003628
0.001545
0.002486
0.005106
0.006584
0.006316
0.001277
0.004166
0.001881
0.002553
0.003494
0.007122
0.001545
0.002553
0.001545
0.010145
0.001814
0.003426
0.002150
0.003561
0.004031
0.001680
0.002083
0.003225
0.001411
0.002217
0.004770
0.007525
0.003023
0.001209
0.001075
0.004300
0.002352
0.003830
0.001814
0.004166
0.005241
0.001545
0.002016
0.002486
0.005241
0.001478
0.006853
0.003830
0.004031
0.001612
0.007928
0.002755
0.003628
0.000806
0.003225
0.002352
0.007525
0.000470
0.002217
0.002284
0.004434
0.001277
0.005912
0.006987
0.002620
0.001075
0.002352
0.002620
0.002687
0.003830
0.001277
0.003628
0.005711
0.003762
0.002755
0.002755
0.001814
0.001814
0.007525
0.006383
0.001881
0.001612
0.003225
0.002553
0.003091
0.003426
0.002217
0.003897
0.006651
0.008264
0.003897
0.002553
0.003628
0.002150
0.005845
0.003292
0.001680
0.001545
0.007323
0.002822
0.002687
0.004233
0.002956
0.002486
0.003292
