0.080691
0.001075
0.005576
0.005442
0.001411
0.001948
0.012833
0.007256
0.000470
0.001612
0.007055
0.003830
0.000873
0.002352
0.004098
0.015587
0.002956
0.001209
0.003225
0.008801
0.001478
0.001680
0.011287
0.008331
0.001209
0.003897
0.007794
0.002889
0.001008
0.001612
0.010683
0.010951
0.003762
0.001411
0.002553
0.003695
0.005576
0.001142
0.013975
0.002016
0.001209
0.002889
0.007323
0.000537
0.009540
0.001814
0.006517
0.001747
0.004233
0.000269
0.002889
0.001545
0.003628
0.001142
0.010548
0.003091
0.002620
0.001747
0.006450
0.000806
0.010548
0.002083
0.005778
0.002150
0.003158
0.002419
0.002419
0.005711
0.001075
0.010279
0.001612
0.008465
0.000537
0.004972
0.003561
0.002083
0.000806
0.005778
0.001747
0.010548
0.001411
0.002486
0.000941
0.005711
0.001545
0.008465
0.002553
0.004031
0.000739
0.005778
0.001545
0.002352
0.002822
0.004031
0.003359
0.010548
0.004434
0.002620
0.000336
0.001814
0.003628
0.011287
0.001881
0.003023
0.001411
0.003225
0.001209
0.000537
0.010078
0.003292
0.002150
0.001814
0.003494
0.001747
0.000537
0.004434
0.003964
0.005912
0.001008
0.001545
0.001948
0.006584
0.003897
0.001344
0.011019
0.004098
0.001747
0.001142
0.000202
0.000873
0.005644
0.006920
0.000470
0.004770
0.008197
0.003158
0.000537
0.000336
0.007122
0.005778
0.003292
0.001478
0.003561
0.009876
0.000941
0.001277
0.002486
0.009339
0.000806
0.002755
0.009876
0.003561
0.001075
0.001814
0.009272
0.003628
0.001277
0.001612
0.006920
0.007861
0.006114
0.000873
0.002419
0.001680
0.003292
0.001747
0.008264
0.001142
0.001277
0.000941
0.008600
0.002217
0.005039
0.001411
0.003292
0.002016
0.003292
0.001344
0.003762
0.001209
0.002217
0.003292
0.006651
0.001612
0.004031
0.000739
0.006987
0.001478
0.005375
0.001142
0.003023
0.003561
0.002284
0.001344
0.002486
0.005576
0.000605
0.007659
0.001881
0.003762
0.001075
0.008130
0.001612
0.004031
0.001008
0.003359
0.001545
0.008331
0.001008
0.002284
0.001142
0.003292
0.000941
0.006114
0.004367
0.002822
0.000537
0.004166
0.000403
0.004098
0.003561
0.003023
0.002083
0.006383
0.003762
0.001277
0.000336
0.000403
0.002150
0.007390
0.004501
0.001411
0.002217
0.003023
0.000537
0.000739
0.005039
0.002150
0.001075
0.004569
0.005576
0.001612
0.001411
0.001142
0.002553
0.006047
0.001478
0.000806
0.002150
0.007525
0.001075
0.001545
0.006786
0.002419
0.001209
0.001411
