0.085461
0.001008
0.003292
0.007323
0.002083
0.001344
0.012631
0.004703
0.000806
0.002217
0.007794
0.003964
0.001747
0.002419
0.005644
0.010951
0.004569
0.001277
0.001881
0.007525
0.002553
0.001478
0.014378
0.007592
0.001142
0.003830
0.005845
0.001948
0.001277
0.002150
0.008936
0.013034
0.004434
0.000941
0.002083
0.004166
0.005912
0.001948
0.011287
0.002150
0.001277
0.004300
0.006651
0.001545
0.008801
0.002150
0.007928
0.001680
0.003359
0.000873
0.002083
0.002822
0.004367
0.002150
0.010884
0.003494
0.001881
0.002956
0.004905
0.000537
0.007861
0.001680
0.003897
0.002150
0.003561
0.001881
0.001008
0.006450
0.001344
0.010884
0.001075
0.005039
0.000806
0.005509
0.004434
0.001680
0.000672
0.005778
0.001209
0.009876
0.001680
0.002553
0.000470
0.005442
0.001612
0.011153
0.002352
0.003830
0.000403
0.004031
0.001680
0.002016
0.001344
0.003158
0.003426
0.011019
0.003359
0.001881
0.000537
0.002217
0.003426
0.012967
0.001478
0.001680
0.001411
0.004501
0.001209
0.001075
0.009473
0.003359
0.001747
0.002016
0.006786
0.002217
0.001142
0.005039
0.003225
0.007726
0.001142
0.001680
0.002016
0.005308
0.003494
0.000537
0.005711
0.005173
0.001612
0.001344
0.001008
0.000739
0.004233
0.005442
0.001075
0.005576
0.006383
0.003225
0.000739
0.000672
0.009003
0.004233
0.005241
0.001411
0.002083
0.009137
0.002016
0.002016
0.002016
0.007055
0.001075
0.002956
0.010414
0.004972
0.001411
0.001612
0.007390
0.002352
0.001948
0.001747
0.005644
0.010145
0.005778
0.001209
0.002822
0.001277
0.002620
0.002284
0.008667
0.001209
0.001277
0.001478
0.008398
0.002486
0.008398
0.002217
0.003897
0.002687
0.003023
0.000941
0.002620
0.001008
0.001277
0.006316
0.006181
0.001344
0.002553
0.001277
0.004770
0.000605
0.005711
0.001680
0.003426
0.004031
0.002352
0.001680
0.002956
0.006853
0.001344
0.006719
0.002419
0.002553
0.001612
0.009205
0.001344
0.001612
0.001747
0.002016
0.001142
0.008264
0.001075
0.003023
0.000672
0.003494
0.000605
0.009003
0.003830
0.001948
0.000806
0.003158
0.000873
0.003158
0.003964
0.001747
0.001142
0.007592
0.004770
0.002150
0.000806
0.000806
0.001411
0.008062
0.003897
0.001075
0.003091
0.002687
0.000672
0.000873
0.006920
0.002016
0.001008
0.005442
0.006719
0.001411
0.001545
0.001747
0.001344
0.006450
0.002016
0.000873
0.001545
0.007794
0.001545
0.001545
0.005308
0.003494
0.000537
0.002284
