0.093053
0.001075
0.002016
0.007928
0.002284
0.002486
0.009406
0.004703
0.001411
0.002284
0.006786
0.003628
0.002150
0.002620
0.003359
0.012026
0.003292
0.001612
0.001814
0.005509
0.001814
0.002352
0.011959
0.007592
0.001142
0.004434
0.006450
0.002284
0.000941
0.003561
0.005375
0.011623
0.005106
0.001814
0.000941
0.005509
0.003762
0.002016
0.006987
0.002755
0.001948
0.003426
0.007592
0.001948
0.007995
0.002150
0.005980
0.002486
0.003695
0.001008
0.001680
0.002284
0.003225
0.002822
0.012967
0.003091
0.001814
0.002486
0.005241
0.000672
0.009742
0.002016
0.004972
0.002352
0.004367
0.002217
0.001478
0.009608
0.001008
0.006383
0.001612
0.005980
0.002217
0.004367
0.005644
0.003225
0.000605
0.003695
0.001948
0.008398
0.001478
0.002284
0.000605
0.004569
0.002755
0.010481
0.001545
0.005576
0.000941
0.005912
0.002284
0.003023
0.001209
0.003292
0.002889
0.011556
0.002486
0.001142
0.000873
0.002956
0.002755
0.009540
0.001814
0.002755
0.002486
0.003091
0.002217
0.001545
0.011086
0.003762
0.002889
0.002889
0.003494
0.001680
0.000739
0.003964
0.002822
0.004905
0.001344
0.002822
0.002083
0.005039
0.004166
0.001680
0.005106
0.004233
0.002352
0.002352
0.001209
0.001814
0.002822
0.006517
0.001680
0.005308
0.009272
0.003695
0.001411
0.001277
0.003225
0.002956
0.003830
0.001209
0.001680
0.007458
0.001948
0.001411
0.001881
0.006316
0.001612
0.003762
0.008667
0.005039
0.001747
0.002620
0.005845
0.002755
0.002620
0.002486
0.003023
0.012765
0.005711
0.002083
0.002620
0.002419
0.003091
0.002352
0.008398
0.002083
0.002150
0.001747
0.009137
0.001814
0.004501
0.001545
0.002419
0.002553
0.002822
0.001814
0.002150
0.001478
0.002419
0.004569
0.008197
0.001344
0.002419
0.001277
0.004098
0.000941
0.005375
0.001277
0.002150
0.006517
0.002150
0.001209
0.001612
0.006584
0.001411
0.007122
0.003897
0.004972
0.002217
0.007256
0.001478
0.004434
0.002217
0.002687
0.001612
0.006181
0.000605
0.002284
0.001008
0.003426
0.001814
0.006181
0.006114
0.004905
0.000941
0.002486
0.001075
0.002419
0.004434
0.001344
0.000672
0.009137
0.003695
0.002755
0.001277
0.001209
0.002016
0.005845
0.004972
0.001680
0.001545
0.002822
0.001008
0.002284
0.005241
0.002284
0.001142
0.004031
0.007390
0.001411
0.001747
0.001814
0.003359
0.004434
0.004300
0.001545
0.001277
0.005912
0.002217
0.002419
0.005106
0.002150
0.000941
0.003292
