0.072225
0.001948
0.002687
0.007189
0.001277
0.002419
0.009070
0.006651
0.001209
0.002217
0.004770
0.004569
0.001680
0.002553
0.003158
0.010817
0.003359
0.002016
0.001680
0.008398
0.001612
0.001277
0.006786
0.013236
0.001881
0.004300
0.004837
0.004569
0.001075
0.001881
0.004166
0.010548
0.003628
0.001881
0.002284
0.004905
0.001478
0.001747
0.006853
0.003225
0.003225
0.005442
0.006584
0.003695
0.004233
0.002486
0.006450
0.002822
0.002486
0.002150
0.002687
0.003494
0.001478
0.002822
0.008600
0.005241
0.001948
0.002889
0.004031
0.002083
0.005711
0.003023
0.003964
0.004031
0.002016
0.002352
0.002083
0.008600
0.001478
0.005442
0.001478
0.006047
0.001948
0.005241
0.006114
0.005173
0.001478
0.004434
0.001747
0.006786
0.001277
0.003225
0.001478
0.006920
0.002016
0.010078
0.002687
0.007390
0.000941
0.004031
0.002284
0.004166
0.001411
0.003023
0.003628
0.011825
0.001814
0.002016
0.001612
0.005576
0.001545
0.007189
0.002620
0.004770
0.001612
0.003897
0.003091
0.002150
0.007122
0.003091
0.003359
0.003225
0.003628
0.002419
0.001545
0.006114
0.002016
0.003762
0.001948
0.003561
0.001344
0.004367
0.004703
0.003426
0.002284
0.002284
0.002083
0.003359
0.001209
0.001747
0.005039
0.006114
0.001545
0.004905
0.005845
0.003158
0.000941
0.001411
0.003158
0.005442
0.003695
0.002083
0.002150
0.010078
0.001075
0.002284
0.001747
0.008533
0.001948
0.004233
0.005308
0.005778
0.001411
0.001411
0.007256
0.005039
0.001344
0.002486
0.001478
0.008869
0.004972
0.002217
0.003561
0.003494
0.002620
0.003091
0.006853
0.002486
0.001881
0.002217
0.009272
0.003762
0.003292
0.001209
0.002755
0.004501
0.002822
0.001814
0.003695
0.001277
0.002755
0.006584
0.006450
0.003359
0.001747
0.001612
0.003292
0.001814
0.002755
0.002889
0.001478
0.006719
0.001747
0.002284
0.003292
0.010817
0.001411
0.004703
0.002486
0.004972
0.001142
0.009339
0.002620
0.005980
0.001478
0.004569
0.001142
0.009272
0.000537
0.002687
0.001545
0.003561
0.001747
0.006450
0.005576
0.005980
0.000873
0.003091
0.001277
0.004837
0.002620
0.002755
0.002150
0.011489
0.002217
0.001814
0.001881
0.002419
0.001948
0.004434
0.005980
0.002956
0.001075
0.002284
0.001814
0.002889
0.002352
0.003158
0.001612
0.006181
0.005509
0.001478
0.001612
0.002352
0.002150
0.004770
0.003292
0.003158
0.001075
0.006047
0.001881
0.002419
0.002016
0.002352
0.001344
0.005173
