0.085662
0.000403
0.003830
0.006987
0.001411
0.003023
0.010011
0.004905
0.000537
0.000806
0.004770
0.003897
0.001478
0.001814
0.004972
0.010212
0.002956
0.000739
0.002889
0.005912
0.000605
0.000941
0.017401
0.010347
0.000470
0.004905
0.005912
0.002620
0.000672
0.001277
0.008667
0.013572
0.003695
0.000403
0.003830
0.003628
0.008264
0.001545
0.015453
0.001478
0.001948
0.003628
0.007659
0.000605
0.010615
0.001344
0.009944
0.000806
0.002956
0.000336
0.003158
0.001612
0.003830
0.000537
0.013975
0.002150
0.001075
0.001478
0.005509
0.000537
0.012564
0.001747
0.006114
0.002150
0.002755
0.002016
0.000672
0.007323
0.000806
0.010884
0.001277
0.007995
0.000873
0.005980
0.004300
0.002083
0.000403
0.004434
0.001075
0.012026
0.000336
0.001948
0.000672
0.006248
0.001411
0.010683
0.002284
0.004367
0.000202
0.006450
0.001478
0.003695
0.000672
0.004300
0.002352
0.011690
0.001747
0.001209
0.001411
0.001142
0.002486
0.012765
0.002217
0.001075
0.002486
0.004434
0.001881
0.000403
0.008533
0.003762
0.002150
0.001344
0.003830
0.002150
0.000403
0.003561
0.005980
0.009070
0.001277
0.001277
0.000806
0.006920
0.003762
0.001612
0.007659
0.006114
0.001478
0.000941
0.000336
0.000537
0.005241
0.006248
0.001545
0.005576
0.007794
0.003494
0.000403
0.001142
0.005308
0.004905
0.003292
0.000537
0.003225
0.008197
0.001008
0.001209
0.001545
0.006987
0.000470
0.001881
0.008936
0.005173
0.000873
0.001344
0.006047
0.003292
0.001209
0.001277
0.003762
0.010078
0.005845
0.000537
0.003964
0.001142
0.003964
0.002419
0.011153
0.000806
0.001411
0.000873
0.010548
0.001344
0.006383
0.001008
0.006181
0.001545
0.001680
0.000806
0.004367
0.000470
0.001747
0.003762
0.008667
0.001075
0.002284
0.000336
0.006047
0.000537
0.006114
0.001142
0.003695
0.003897
0.000336
0.002083
0.001411
0.007458
0.000739
0.008801
0.001411
0.004098
0.000739
0.008264
0.003091
0.003158
0.000605
0.003225
0.001209
0.009205
0.000202
0.001881
0.000336
0.005845
0.000806
0.006114
0.004367
0.003225
0.000134
0.005375
0.000403
0.005509
0.003225
0.002755
0.000873
0.008130
0.002486
0.002016
0.001008
0.000537
0.002083
0.007525
0.004166
0.001478
0.002486
0.002419
0.001545
0.000537
0.004837
0.002687
0.001948
0.003897
0.003964
0.001747
0.001478
0.000941
0.003426
0.007055
0.001680
0.000873
0.002553
0.007928
0.001948
0.000941
0.005106
0.003695
0.000941
0.001680
