0.067253
0.000941
0.004434
0.006248
0.003225
0.001209
0.009205
0.004905
0.002822
0.001277
0.006719
0.004501
0.002486
0.001411
0.003762
0.010884
0.004031
0.000605
0.003964
0.006316
0.003158
0.000470
0.007659
0.007928
0.002016
0.002755
0.006181
0.003494
0.002553
0.001142
0.007189
0.006987
0.005912
0.001209
0.004636
0.004569
0.004837
0.000739
0.007122
0.002755
0.004098
0.003695
0.010145
0.003494
0.006450
0.000739
0.005241
0.002284
0.004367
0.000941
0.003561
0.002956
0.005039
0.002016
0.012228
0.005241
0.002150
0.001142
0.005039
0.003158
0.010212
0.002822
0.006383
0.005644
0.004031
0.001075
0.002553
0.007659
0.001747
0.003762
0.002352
0.003561
0.002419
0.003695
0.006181
0.003561
0.001881
0.001411
0.002755
0.006517
0.002956
0.001075
0.002486
0.003964
0.003292
0.007323
0.005845
0.005106
0.002016
0.001612
0.003359
0.003426
0.003561
0.002016
0.004569
0.008869
0.002822
0.001075
0.002150
0.004501
0.003225
0.006786
0.003494
0.002620
0.002083
0.001881
0.004703
0.002150
0.007390
0.001209
0.003762
0.002553
0.005509
0.002620
0.002822
0.003830
0.003494
0.003695
0.002956
0.002352
0.001142
0.002755
0.003628
0.001344
0.004636
0.002217
0.003091
0.002419
0.001209
0.001344
0.003964
0.005711
0.002620
0.002956
0.006584
0.003897
0.002284
0.000537
0.005576
0.004905
0.004972
0.001612
0.004367
0.005711
0.001948
0.001277
0.003494
0.009272
0.001478
0.001142
0.008331
0.005308
0.001948
0.001209
0.008667
0.002284
0.002956
0.001411
0.005980
0.007122
0.009876
0.001209
0.006517
0.002755
0.003292
0.001209
0.006719
0.002419
0.003494
0.001075
0.009876
0.003225
0.007189
0.001411
0.005375
0.002687
0.004636
0.001075
0.002620
0.002083
0.003091
0.003494
0.008600
0.003762
0.003158
0.000605
0.004501
0.001478
0.005442
0.001747
0.004905
0.006450
0.001612
0.001209
0.003023
0.010212
0.001612
0.002822
0.004300
0.003628
0.001948
0.006316
0.004031
0.004166
0.003494
0.001344
0.002687
0.005308
0.001344
0.000873
0.001545
0.003897
0.002150
0.003091
0.006651
0.003292
0.001344
0.001008
0.001344
0.001814
0.004905
0.001478
0.003426
0.007189
0.003561
0.001612
0.002352
0.002284
0.001545
0.002553
0.005106
0.001948
0.002016
0.001814
0.003225
0.003292
0.004636
0.001344
0.002822
0.005039
0.006987
0.001478
0.001747
0.002150
0.003023
0.003225
0.003359
0.002150
0.002016
0.004972
0.001277
0.001747
0.004703
0.001545
0.003494
0.003762
