0.077331
0.001008
0.004501
0.007189
0.001344
0.002620
0.011489
0.005039
0.000269
0.001478
0.006114
0.002284
0.000941
0.002755
0.006181
0.009339
0.003225
0.001680
0.002016
0.005711
0.001612
0.001747
0.013034
0.009070
0.000739
0.003830
0.008197
0.001612
0.000739
0.001747
0.009205
0.012833
0.004367
0.001008
0.002687
0.004703
0.003561
0.001478
0.012698
0.003292
0.000873
0.003830
0.006786
0.002083
0.011354
0.001747
0.008398
0.001680
0.002687
0.000672
0.002352
0.001142
0.003359
0.002284
0.011422
0.002419
0.002217
0.001814
0.006450
0.000941
0.009876
0.001881
0.005778
0.002755
0.002889
0.001881
0.002352
0.005778
0.001680
0.009675
0.001612
0.007458
0.000605
0.007592
0.004501
0.001545
0.000605
0.005442
0.002352
0.010078
0.000806
0.002083
0.001209
0.004434
0.001747
0.012833
0.002083
0.004972
0.000403
0.005173
0.002956
0.001545
0.001142
0.003964
0.002083
0.012833
0.004636
0.001545
0.001209
0.001612
0.002553
0.009070
0.002755
0.003426
0.000806
0.005308
0.002217
0.001008
0.008331
0.002822
0.002486
0.001881
0.004367
0.002083
0.000806
0.003561
0.005106
0.008062
0.001277
0.002620
0.000537
0.006316
0.003762
0.001277
0.007323
0.006853
0.002016
0.002486
0.000403
0.001209
0.004098
0.004837
0.000739
0.003830
0.010212
0.003091
0.000537
0.001209
0.003695
0.003897
0.003091
0.001948
0.003628
0.008130
0.000739
0.001881
0.002889
0.005375
0.000873
0.002217
0.008331
0.003762
0.000873
0.002419
0.008130
0.002083
0.001478
0.001478
0.005644
0.009608
0.005845
0.001545
0.004098
0.002620
0.002486
0.001747
0.007323
0.002284
0.001612
0.001075
0.008264
0.002217
0.006786
0.000941
0.005509
0.002016
0.001478
0.000605
0.002687
0.001277
0.001545
0.005442
0.008465
0.001747
0.001478
0.000873
0.004972
0.001545
0.005845
0.001008
0.003762
0.005173
0.000336
0.001814
0.003225
0.009473
0.000739
0.006316
0.001747
0.002486
0.000806
0.013169
0.001948
0.001814
0.001142
0.003561
0.002419
0.006853
0.000470
0.002352
0.001277
0.003494
0.000739
0.006786
0.004972
0.002889
0.000672
0.004703
0.001142
0.002755
0.004300
0.002822
0.001747
0.007659
0.004367
0.002822
0.001008
0.000873
0.001411
0.005375
0.003964
0.001680
0.001948
0.007256
0.000672
0.000941
0.005106
0.001814
0.002083
0.003561
0.004569
0.002687
0.001142
0.002284
0.002755
0.007458
0.002889
0.001948
0.000873
0.006786
0.001881
0.002083
0.005241
0.003897
0.000941
0.002553
