0.076391
0.001478
0.004098
0.008734
0.001747
0.003695
0.010145
0.006517
0.001209
0.002217
0.004837
0.003897
0.002150
0.003225
0.005173
0.011556
0.002486
0.001747
0.003292
0.008264
0.001478
0.001948
0.009339
0.006853
0.001680
0.003830
0.006987
0.004434
0.001209
0.001680
0.004905
0.008801
0.002822
0.001612
0.002889
0.005308
0.001881
0.001814
0.005845
0.003292
0.001008
0.004166
0.006920
0.002150
0.003359
0.002083
0.004434
0.003292
0.001612
0.001545
0.002956
0.004501
0.001814
0.001881
0.010347
0.003695
0.002083
0.002755
0.006047
0.002687
0.005308
0.002284
0.004031
0.003359
0.002889
0.002620
0.002284
0.009003
0.001344
0.006450
0.002956
0.006248
0.000941
0.006316
0.005039
0.002620
0.001344
0.003158
0.002956
0.009339
0.001209
0.002352
0.002150
0.007995
0.001075
0.008600
0.003494
0.004703
0.001075
0.004972
0.003225
0.003897
0.001075
0.003561
0.003494
0.010884
0.001747
0.001814
0.002150
0.004770
0.001277
0.006383
0.004098
0.003426
0.001277
0.003494
0.003964
0.001881
0.006651
0.002956
0.004636
0.003695
0.002956
0.002083
0.002419
0.005308
0.001881
0.004166
0.002352
0.003225
0.001411
0.004300
0.005778
0.002217
0.002956
0.002217
0.001680
0.002150
0.000873
0.001478
0.004233
0.005509
0.001478
0.005711
0.006987
0.004905
0.000605
0.001277
0.005375
0.005912
0.003292
0.002486
0.003494
0.007525
0.000806
0.001680
0.003762
0.009406
0.001881
0.002687
0.009070
0.004636
0.001075
0.001881
0.009540
0.004972
0.001209
0.002150
0.005576
0.010011
0.004703
0.001142
0.003292
0.001814
0.002486
0.002150
0.006248
0.002486
0.000537
0.001277
0.010548
0.002687
0.002217
0.001814
0.004233
0.003494
0.001747
0.001142
0.003561
0.001948
0.001478
0.005039
0.006047
0.003494
0.001277
0.002284
0.003359
0.002352
0.002486
0.001209
0.003561
0.006920
0.000873
0.002419
0.003023
0.007995
0.001814
0.006584
0.003494
0.005106
0.000605
0.008398
0.002217
0.004434
0.001075
0.002217
0.002956
0.008667
0.001008
0.002620
0.001545
0.004367
0.001008
0.005576
0.005442
0.004098
0.000941
0.003695
0.002889
0.005241
0.003561
0.002889
0.002284
0.009137
0.002217
0.001209
0.002553
0.002419
0.002352
0.003695
0.005912
0.003494
0.001008
0.002352
0.002083
0.002352
0.002352
0.002217
0.002620
0.005711
0.006383
0.002486
0.002486
0.001948
0.002083
0.004367
0.002687
0.002822
0.000739
0.006517
0.003426
0.002889
0.002419
0.001680
0.003091
0.004367
