0.069067
0.001209
0.004501
0.003964
0.003695
0.001545
0.012429
0.003561
0.000806
0.001545
0.007525
0.003762
0.002083
0.001948
0.008062
0.008398
0.005173
0.001277
0.005912
0.005778
0.002016
0.001881
0.006114
0.004300
0.002553
0.002284
0.009608
0.002553
0.001545
0.001008
0.005845
0.006248
0.005106
0.001747
0.003964
0.004569
0.004434
0.000941
0.010279
0.001881
0.001478
0.003359
0.008734
0.002620
0.006383
0.001881
0.012295
0.001680
0.004367
0.001612
0.005308
0.002553
0.003695
0.001545
0.009876
0.002889
0.002755
0.001277
0.006383
0.001814
0.010011
0.001142
0.006047
0.002620
0.004434
0.001411
0.003023
0.004770
0.002620
0.002419
0.003695
0.002822
0.001680
0.003830
0.006114
0.002620
0.001680
0.001747
0.003426
0.004770
0.003494
0.001411
0.002553
0.003628
0.002822
0.006584
0.004098
0.002620
0.001881
0.001411
0.004905
0.001881
0.003494
0.001344
0.004166
0.006383
0.004434
0.002217
0.002150
0.002755
0.004166
0.005308
0.004166
0.003023
0.003628
0.002016
0.003225
0.001881
0.008801
0.001814
0.005778
0.003091
0.007390
0.002822
0.003426
0.005576
0.005644
0.004300
0.002822
0.002956
0.001948
0.003426
0.005106
0.002217
0.006517
0.001814
0.003359
0.001075
0.001209
0.001142
0.004636
0.003628
0.001948
0.002486
0.010884
0.002956
0.001680
0.000605
0.003830
0.002553
0.005644
0.001948
0.006517
0.007122
0.002217
0.001209
0.005509
0.009070
0.001075
0.001814
0.009205
0.004367
0.002553
0.001545
0.009675
0.002620
0.002486
0.001814
0.004636
0.004770
0.006651
0.001209
0.004300
0.001680
0.002284
0.001075
0.009944
0.002889
0.001814
0.001411
0.009003
0.002150
0.005644
0.001209
0.005509
0.004098
0.003628
0.000806
0.005308
0.001478
0.002284
0.003359
0.010414
0.002016
0.004703
0.001142
0.005308
0.001747
0.005509
0.001747
0.003628
0.004636
0.001814
0.001075
0.002284
0.005308
0.001545
0.001612
0.004770
0.002687
0.001612
0.006114
0.002687
0.001948
0.003023
0.002284
0.003023
0.004166
0.001545
0.001411
0.003628
0.002755
0.002016
0.002150
0.006584
0.002687
0.001881
0.001344
0.002687
0.002687
0.005980
0.002419
0.002889
0.004233
0.003964
0.002217
0.002217
0.001680
0.002150
0.003426
0.006786
0.003091
0.003695
0.002352
0.001612
0.001680
0.005912
0.002217
0.003091
0.006181
0.008062
0.001814
0.002956
0.001680
0.003426
0.002956
0.004434
0.001612
0.003762
0.004636
0.003023
0.002217
0.007861
0.002486
0.002889
0.003091
