0.088753
0.002016
0.003830
0.006450
0.002553
0.001545
0.011623
0.004501
0.000537
0.001680
0.004837
0.003091
0.002150
0.003158
0.005241
0.012631
0.002889
0.001680
0.003359
0.008062
0.001747
0.001478
0.011556
0.006181
0.001478
0.003964
0.005711
0.003023
0.001545
0.001814
0.006383
0.010951
0.003561
0.001680
0.002755
0.004636
0.004367
0.001814
0.008936
0.002822
0.002083
0.004367
0.006517
0.002620
0.009809
0.002553
0.004770
0.002217
0.003897
0.001478
0.002620
0.003561
0.003292
0.003225
0.012765
0.003292
0.002822
0.002083
0.004367
0.001344
0.009339
0.001680
0.004098
0.003561
0.003426
0.001545
0.002150
0.006853
0.001008
0.005509
0.002352
0.003494
0.001411
0.004300
0.005173
0.002083
0.001478
0.003897
0.002553
0.007390
0.001814
0.001344
0.001344
0.005106
0.001747
0.011086
0.002822
0.004233
0.001075
0.003292
0.002419
0.002217
0.001680
0.002553
0.004300
0.013840
0.002150
0.001344
0.001142
0.002553
0.003023
0.008331
0.002889
0.003023
0.001814
0.002956
0.003561
0.001545
0.010011
0.002956
0.002419
0.002553
0.004233
0.001344
0.001612
0.003762
0.003426
0.005845
0.002016
0.002083
0.001747
0.004367
0.003762
0.001680
0.005644
0.003091
0.002217
0.002284
0.001008
0.001478
0.005308
0.006181
0.001680
0.004367
0.007055
0.002352
0.000806
0.000806
0.003830
0.004031
0.004501
0.002150
0.003964
0.009540
0.002755
0.001209
0.002620
0.007323
0.001478
0.002419
0.008667
0.005375
0.002016
0.002150
0.006584
0.002016
0.002150
0.001209
0.005845
0.008398
0.005308
0.002083
0.002889
0.002419
0.002217
0.002150
0.005980
0.002083
0.001545
0.002620
0.009272
0.003225
0.004703
0.001747
0.002889
0.004233
0.003561
0.001008
0.003628
0.000806
0.002284
0.005375
0.007861
0.002687
0.003561
0.001209
0.003023
0.001478
0.006383
0.001612
0.003561
0.007525
0.001344
0.001411
0.002889
0.009003
0.001948
0.002889
0.004031
0.003225
0.001814
0.009137
0.002083
0.002419
0.002150
0.002822
0.001747
0.006450
0.000672
0.001545
0.001411
0.003359
0.001142
0.006651
0.005711
0.003494
0.001612
0.002016
0.001478
0.002553
0.003897
0.001747
0.002217
0.008331
0.002956
0.001814
0.001747
0.001545
0.002352
0.005711
0.004905
0.001948
0.001008
0.002755
0.001612
0.001814
0.006517
0.001881
0.001344
0.004233
0.006383
0.001142
0.002016
0.002150
0.001612
0.003494
0.002284
0.002217
0.001747
0.007592
0.001814
0.002822
0.004837
0.002486
0.002150
0.003494
