0.067253
0.001075
0.003762
0.003628
0.005039
0.001075
0.007659
0.004166
0.001747
0.000739
0.006181
0.004166
0.006316
0.001209
0.004501
0.007055
0.006114
0.000806
0.003225
0.004098
0.003830
0.000605
0.009473
0.004501
0.003158
0.002150
0.007726
0.002889
0.004166
0.000873
0.005241
0.005442
0.007323
0.001075
0.003494
0.005039
0.005912
0.000941
0.006517
0.003359
0.002217
0.002486
0.007861
0.002553
0.007122
0.001277
0.005778
0.002822
0.007055
0.001008
0.004434
0.002217
0.004837
0.001142
0.008869
0.004166
0.002687
0.000605
0.006987
0.001478
0.008398
0.001344
0.005106
0.004031
0.004905
0.001008
0.002150
0.006047
0.003091
0.003561
0.003494
0.003426
0.002016
0.002889
0.004905
0.003158
0.003023
0.001478
0.003494
0.003494
0.005039
0.000605
0.003158
0.002822
0.004166
0.004434
0.004098
0.003561
0.003494
0.001075
0.004098
0.002687
0.003628
0.000941
0.004098
0.007055
0.004703
0.001142
0.003091
0.002352
0.005778
0.006517
0.005173
0.002150
0.002486
0.001411
0.004098
0.002553
0.008869
0.001075
0.005375
0.002419
0.008667
0.000873
0.003225
0.003091
0.005845
0.002083
0.004636
0.001747
0.003561
0.002352
0.005173
0.001075
0.006316
0.001747
0.004501
0.001814
0.002419
0.000202
0.003830
0.004300
0.003964
0.002553
0.007995
0.003091
0.003292
0.000537
0.004837
0.003359
0.007323
0.001209
0.004031
0.004367
0.004434
0.000403
0.004703
0.006450
0.002822
0.000537
0.006987
0.004098
0.004636
0.000873
0.009339
0.002956
0.006047
0.001277
0.003695
0.005442
0.009272
0.000806
0.003628
0.001814
0.004031
0.000403
0.007659
0.003091
0.004031
0.000470
0.011019
0.002486
0.007592
0.001344
0.004972
0.002083
0.005912
0.000873
0.003762
0.001814
0.002217
0.003023
0.008331
0.002553
0.004434
0.000739
0.004770
0.001881
0.007256
0.001075
0.004367
0.004905
0.002956
0.001344
0.002352
0.007726
0.003628
0.001747
0.004837
0.002620
0.002956
0.006181
0.003426
0.002217
0.004905
0.001612
0.003158
0.004166
0.002755
0.000873
0.002889
0.002150
0.002016
0.001814
0.005711
0.003494
0.002419
0.001747
0.003359
0.002083
0.005173
0.001209
0.003225
0.005644
0.005039
0.000605
0.002620
0.001680
0.003897
0.001478
0.007122
0.001478
0.004770
0.001277
0.003158
0.001747
0.008197
0.002083
0.004367
0.004031
0.009944
0.000470
0.003023
0.002083
0.003359
0.001948
0.004300
0.002486
0.004837
0.004300
0.003158
0.001948
0.006316
0.001881
0.003561
0.002822
