0.080758
0.000873
0.004166
0.005711
0.001411
0.002486
0.013370
0.007323
0.000605
0.001948
0.006047
0.004905
0.001545
0.002150
0.005308
0.012631
0.002150
0.001142
0.002755
0.006920
0.001612
0.001747
0.010145
0.008533
0.001209
0.003897
0.008062
0.002352
0.001142
0.001142
0.009339
0.012295
0.004703
0.000470
0.002687
0.003695
0.005308
0.000873
0.011086
0.002956
0.001344
0.003023
0.005845
0.001545
0.009406
0.001680
0.007525
0.001612
0.004367
0.000672
0.002486
0.002083
0.003830
0.001814
0.008869
0.002284
0.002419
0.002352
0.005980
0.002016
0.010145
0.002016
0.004434
0.002016
0.004031
0.002486
0.002419
0.007525
0.001008
0.008600
0.001411
0.009944
0.000873
0.004300
0.004300
0.002419
0.001075
0.004501
0.001411
0.011623
0.001008
0.002150
0.000873
0.005778
0.001545
0.009944
0.001948
0.004367
0.000403
0.005442
0.001747
0.002956
0.002016
0.004233
0.001747
0.010750
0.003628
0.002553
0.001008
0.001680
0.002755
0.011556
0.002620
0.003225
0.001948
0.003695
0.001075
0.000806
0.008264
0.002822
0.002016
0.002687
0.004434
0.001814
0.000806
0.003561
0.005778
0.006181
0.000605
0.001747
0.001680
0.006114
0.003964
0.001142
0.008600
0.003426
0.001008
0.001344
0.000672
0.001075
0.004501
0.007592
0.000605
0.004837
0.008936
0.004166
0.000470
0.000806
0.005778
0.005912
0.003158
0.001612
0.002755
0.010347
0.000672
0.001680
0.002217
0.008936
0.000605
0.001948
0.007525
0.004233
0.001411
0.001545
0.010212
0.003091
0.002150
0.001209
0.006584
0.007726
0.005912
0.001209
0.002687
0.002083
0.001814
0.001948
0.008667
0.001545
0.002150
0.000941
0.007592
0.002620
0.006517
0.001142
0.003830
0.002150
0.003359
0.000739
0.003023
0.001411
0.001478
0.003830
0.007189
0.001814
0.004031
0.000873
0.006584
0.001948
0.007794
0.001680
0.005039
0.004367
0.001612
0.002284
0.002419
0.007055
0.000806
0.007055
0.003023
0.004770
0.000806
0.006786
0.001478
0.003762
0.000941
0.002352
0.001747
0.008398
0.000537
0.002083
0.000806
0.004501
0.000605
0.005980
0.003359
0.003494
0.000336
0.004837
0.001209
0.004367
0.004905
0.002889
0.002016
0.008465
0.003426
0.002620
0.000806
0.000739
0.000941
0.007122
0.004501
0.002016
0.002016
0.002822
0.000336
0.000873
0.005509
0.002284
0.001008
0.004300
0.004367
0.000672
0.001209
0.001680
0.001612
0.005576
0.001814
0.001478
0.002486
0.007390
0.001344
0.001747
0.006047
0.002956
0.001008
0.002083
