0.112940
0.000739
0.003561
0.004233
0.002620
0.001881
0.010548
0.003494
0.001277
0.002016
0.004367
0.004569
0.001680
0.001344
0.004300
0.012362
0.003426
0.001478
0.002620
0.005039
0.002284
0.002083
0.007592
0.003762
0.001948
0.005308
0.004569
0.002956
0.002486
0.002083
0.005778
0.006383
0.005375
0.000806
0.002822
0.004703
0.003762
0.001142
0.006047
0.002687
0.003158
0.003158
0.006248
0.003091
0.006517
0.001142
0.005039
0.002486
0.003426
0.001075
0.002889
0.003695
0.004166
0.001545
0.010414
0.002889
0.002687
0.001612
0.006181
0.001814
0.013034
0.002284
0.006248
0.002956
0.004166
0.001478
0.001948
0.004703
0.000873
0.004031
0.003091
0.004166
0.001344
0.004501
0.004636
0.002687
0.001277
0.002352
0.002822
0.007928
0.002016
0.001478
0.001612
0.005106
0.003426
0.009205
0.002889
0.002553
0.001344
0.003292
0.003023
0.003091
0.003359
0.002822
0.003426
0.008801
0.003830
0.001612
0.001344
0.002956
0.002553
0.009742
0.002687
0.003158
0.002620
0.002687
0.003225
0.001814
0.012362
0.002822
0.003897
0.002217
0.004972
0.001478
0.002217
0.004434
0.004300
0.004972
0.002150
0.002620
0.001612
0.004434
0.004703
0.001814
0.008062
0.002687
0.003695
0.001411
0.001277
0.001881
0.001747
0.004166
0.002016
0.006248
0.009070
0.003359
0.001478
0.001545
0.002352
0.002016
0.005039
0.001075
0.003023
0.006920
0.001008
0.001881
0.002620
0.004972
0.001814
0.002419
0.006853
0.002687
0.001545
0.001545
0.003762
0.001344
0.002486
0.001344
0.004098
0.008331
0.005308
0.001142
0.003023
0.002284
0.002150
0.002016
0.007189
0.003426
0.002016
0.001680
0.008667
0.002956
0.007189
0.000672
0.002620
0.003964
0.002889
0.001008
0.003359
0.001814
0.002822
0.003292
0.008600
0.002486
0.002150
0.001075
0.003830
0.001881
0.009473
0.001142
0.003561
0.006248
0.001545
0.002217
0.003225
0.005912
0.001814
0.004972
0.004233
0.002620
0.001948
0.006047
0.003494
0.002083
0.002486
0.002016
0.002620
0.004703
0.000605
0.001881
0.002486
0.002687
0.001545
0.004972
0.005241
0.002352
0.001277
0.001277
0.001747
0.003292
0.005106
0.001948
0.002284
0.007592
0.004636
0.002083
0.002150
0.001881
0.002352
0.006853
0.005576
0.001948
0.002083
0.001747
0.002687
0.001680
0.007390
0.001075
0.001209
0.003494
0.007458
0.001612
0.003225
0.002486
0.001545
0.004031
0.003830
0.003023
0.002083
0.006114
0.002822
0.002956
0.007323
0.001948
0.002755
0.004501
