0.105079
0.001747
0.002822
0.003897
0.003023
0.003091
0.005845
0.003494
0.001680
0.002016
0.003762
0.003695
0.002889
0.002822
0.003426
0.009876
0.005039
0.002956
0.002016
0.004367
0.002352
0.001545
0.004636
0.004972
0.002553
0.004434
0.003762
0.001680
0.002150
0.001948
0.003762
0.006853
0.004501
0.001814
0.001881
0.005173
0.005845
0.002284
0.004501
0.002284
0.002687
0.005241
0.004166
0.003225
0.006383
0.001948
0.003359
0.002553
0.003695
0.002150
0.002284
0.002150
0.004233
0.002822
0.009608
0.003158
0.003628
0.002016
0.003426
0.001948
0.010951
0.002553
0.003762
0.002889
0.003292
0.001680
0.002150
0.005576
0.002419
0.008197
0.002284
0.004501
0.002352
0.004569
0.005711
0.003494
0.001881
0.005845
0.002553
0.007189
0.001814
0.003628
0.001612
0.003494
0.001948
0.012497
0.003091
0.004837
0.001948
0.004031
0.002016
0.002687
0.002419
0.003762
0.003426
0.012026
0.003158
0.002419
0.001209
0.002284
0.003830
0.008130
0.001881
0.002687
0.002620
0.002687
0.002352
0.002553
0.009205
0.004569
0.003023
0.002889
0.005308
0.003023
0.001948
0.004501
0.004300
0.004703
0.002150
0.002217
0.003494
0.004501
0.003158
0.002284
0.006719
0.004031
0.002016
0.001814
0.001277
0.001545
0.002822
0.004501
0.001948
0.003897
0.004837
0.003023
0.001545
0.000873
0.002486
0.002822
0.005375
0.002687
0.002016
0.007861
0.002553
0.002687
0.002755
0.006450
0.002150
0.002822
0.004972
0.003897
0.002553
0.002687
0.005308
0.001680
0.002687
0.001545
0.003426
0.006248
0.006383
0.002553
0.003091
0.002284
0.004367
0.002822
0.004233
0.002620
0.001814
0.002217
0.007458
0.002553
0.006383
0.002150
0.002822
0.003225
0.002687
0.001478
0.003695
0.000672
0.003426
0.005644
0.006517
0.002687
0.003023
0.001411
0.002284
0.001680
0.004972
0.002083
0.003023
0.005912
0.001814
0.003023
0.002352
0.007995
0.002016
0.005576
0.003494
0.002889
0.002083
0.008465
0.002486
0.003561
0.002620
0.002956
0.001814
0.004837
0.001411
0.003225
0.001814
0.002822
0.002352
0.006853
0.005576
0.003695
0.001545
0.002486
0.001411
0.003158
0.004367
0.002284
0.001814
0.007659
0.003561
0.002822
0.001277
0.001680
0.003964
0.006181
0.003426
0.002419
0.002822
0.001881
0.001344
0.001612
0.006517
0.003897
0.002083
0.004166
0.006181
0.002956
0.003359
0.001948
0.003830
0.004636
0.003225
0.002956
0.002755
0.005442
0.002083
0.002755
0.004367
0.002486
0.001545
0.003359
