0.092448
0.002150
0.002822
0.007525
0.002822
0.002553
0.011287
0.005039
0.001142
0.001814
0.003225
0.004501
0.001747
0.002352
0.004703
0.011556
0.004300
0.001545
0.003292
0.005980
0.001545
0.002150
0.011287
0.007055
0.001142
0.004031
0.005039
0.003561
0.001478
0.002284
0.005106
0.013437
0.002956
0.001747
0.003292
0.004300
0.004367
0.001680
0.009675
0.002284
0.000941
0.003628
0.005039
0.002889
0.007928
0.001277
0.006517
0.001344
0.003964
0.001142
0.003426
0.002755
0.004434
0.002016
0.013639
0.003426
0.002553
0.001814
0.002822
0.001680
0.012362
0.002016
0.003897
0.003091
0.004098
0.002016
0.001680
0.007592
0.001344
0.006786
0.001142
0.006047
0.001209
0.004233
0.003762
0.003225
0.001142
0.004770
0.002083
0.007659
0.001814
0.001948
0.002016
0.003091
0.002419
0.010481
0.002486
0.004636
0.000873
0.002956
0.002620
0.003292
0.001747
0.003023
0.003292
0.012833
0.002822
0.002352
0.001814
0.002553
0.003225
0.011287
0.001948
0.003091
0.001209
0.002284
0.002217
0.001612
0.010615
0.003091
0.002755
0.002755
0.004636
0.001747
0.001747
0.003897
0.005106
0.006450
0.001881
0.002150
0.001612
0.004905
0.003695
0.002083
0.005106
0.003897
0.002217
0.001680
0.000672
0.001411
0.002284
0.005375
0.002016
0.004166
0.007995
0.004569
0.001142
0.001075
0.003561
0.003762
0.004233
0.001948
0.003561
0.008533
0.001814
0.002083
0.002217
0.006181
0.001411
0.002419
0.007390
0.005644
0.003023
0.001612
0.006450
0.002419
0.002553
0.001478
0.002352
0.008398
0.004703
0.002217
0.002352
0.002016
0.002755
0.001545
0.007189
0.003426
0.001948
0.002217
0.009205
0.002755
0.006181
0.001612
0.004300
0.002956
0.002822
0.000873
0.002553
0.001008
0.002284
0.003628
0.006987
0.003494
0.002419
0.001142
0.002889
0.000941
0.007928
0.002083
0.002419
0.006181
0.001411
0.002284
0.002150
0.006181
0.001545
0.004300
0.002016
0.004300
0.001948
0.007122
0.001948
0.003225
0.001612
0.002755
0.002217
0.005308
0.000470
0.002486
0.001344
0.003628
0.001344
0.005912
0.004703
0.003897
0.000941
0.003762
0.000941
0.003023
0.004434
0.002150
0.001545
0.008264
0.004434
0.002486
0.001142
0.000941
0.002352
0.006316
0.004166
0.002083
0.001948
0.002822
0.000806
0.001747
0.006114
0.003158
0.003359
0.004300
0.005912
0.001881
0.002150
0.002083
0.003158
0.004300
0.003091
0.002016
0.002217
0.007055
0.000941
0.002553
0.003695
0.003359
0.001142
0.003762
