0.058654
0.000672
0.004166
0.006584
0.003561
0.001075
0.010145
0.004501
0.002553
0.001344
0.005576
0.003158
0.004703
0.002150
0.003830
0.007189
0.005308
0.001814
0.002956
0.006316
0.002956
0.001075
0.007458
0.004300
0.002150
0.003359
0.007659
0.003695
0.002956
0.001814
0.006450
0.005711
0.006450
0.001344
0.003561
0.006248
0.004703
0.000806
0.006786
0.003292
0.003628
0.002822
0.008264
0.002889
0.006719
0.001277
0.003762
0.002889
0.005308
0.001612
0.003091
0.004434
0.004166
0.003023
0.009003
0.004569
0.003359
0.001411
0.005442
0.002016
0.008667
0.001478
0.004770
0.005308
0.004367
0.001545
0.002687
0.008264
0.003023
0.003628
0.002620
0.004031
0.001948
0.003023
0.005241
0.003762
0.004837
0.002083
0.003091
0.005173
0.003628
0.001747
0.002822
0.004501
0.003695
0.004501
0.005308
0.004501
0.002755
0.001814
0.003964
0.002016
0.002687
0.002352
0.005711
0.006181
0.004300
0.002217
0.002352
0.003695
0.002217
0.006584
0.003225
0.004300
0.001814
0.001948
0.004300
0.002016
0.008600
0.001948
0.003494
0.002083
0.006248
0.001209
0.002217
0.005039
0.003494
0.002217
0.002889
0.003225
0.002217
0.003762
0.005039
0.002284
0.005576
0.001478
0.002419
0.002150
0.002284
0.000941
0.004367
0.005106
0.003091
0.004233
0.006853
0.002956
0.002889
0.000941
0.004770
0.003359
0.005241
0.002419
0.003762
0.007189
0.003494
0.001142
0.003091
0.007323
0.003023
0.001478
0.007390
0.004770
0.002553
0.000806
0.007525
0.002822
0.003695
0.001344
0.005442
0.007189
0.007794
0.001075
0.004569
0.002620
0.003628
0.001411
0.006920
0.002687
0.002956
0.001344
0.009944
0.002553
0.006517
0.001747
0.004098
0.003830
0.004636
0.001344
0.002956
0.002486
0.003762
0.002956
0.006450
0.004636
0.003897
0.001008
0.003091
0.002016
0.006786
0.001747
0.003762
0.007256
0.002352
0.001277
0.003561
0.008398
0.001948
0.003158
0.003023
0.003426
0.002486
0.005509
0.002687
0.003628
0.004166
0.002083
0.003023
0.005845
0.002150
0.001209
0.002284
0.003897
0.002553
0.001881
0.007659
0.003762
0.002083
0.001881
0.002889
0.002419
0.004703
0.001411
0.003426
0.005778
0.003964
0.001344
0.002352
0.001612
0.002352
0.003225
0.005845
0.003023
0.001747
0.001478
0.001948
0.002755
0.007055
0.001411
0.002822
0.006316
0.008197
0.001411
0.002956
0.001948
0.002889
0.002419
0.003561
0.002016
0.002352
0.007390
0.003091
0.001881
0.005576
0.002419
0.003091
0.004031
