0.092112
0.002352
0.005576
0.004972
0.004233
0.002755
0.008936
0.003091
0.001881
0.001209
0.005308
0.002687
0.003091
0.003091
0.003695
0.008264
0.006383
0.002822
0.004434
0.006517
0.002083
0.001277
0.007726
0.003561
0.003426
0.003964
0.006316
0.002956
0.001209
0.001948
0.005375
0.004636
0.004434
0.001075
0.005241
0.004837
0.002553
0.002016
0.005980
0.003695
0.001881
0.004972
0.006853
0.002687
0.003762
0.001881
0.004703
0.002889
0.003762
0.001747
0.004770
0.004905
0.001411
0.002150
0.008264
0.002822
0.001612
0.002419
0.005644
0.003158
0.004905
0.001612
0.006450
0.003091
0.003494
0.001814
0.004166
0.005711
0.002352
0.004166
0.003225
0.004703
0.001747
0.003897
0.004905
0.003225
0.002284
0.001747
0.003494
0.005644
0.003628
0.002755
0.003023
0.004233
0.002217
0.007525
0.003628
0.002822
0.001948
0.002553
0.004300
0.002083
0.001680
0.001277
0.003964
0.007122
0.003225
0.002083
0.004098
0.003830
0.002553
0.006383
0.003897
0.005375
0.001008
0.002150
0.004905
0.002083
0.003359
0.001881
0.003964
0.003830
0.004636
0.002687
0.004098
0.005711
0.001747
0.001814
0.003158
0.003023
0.002083
0.004166
0.005845
0.002956
0.001814
0.002016
0.004636
0.002150
0.001142
0.001277
0.004166
0.003964
0.002889
0.004905
0.008130
0.003023
0.001411
0.001612
0.004434
0.001881
0.005576
0.003695
0.004098
0.005173
0.002419
0.001277
0.003830
0.006987
0.002352
0.001344
0.006181
0.003561
0.002956
0.001680
0.010279
0.003225
0.002956
0.001411
0.004905
0.005375
0.006047
0.001209
0.004367
0.002083
0.002956
0.002486
0.005241
0.003292
0.001478
0.001075
0.009003
0.002956
0.003628
0.002217
0.006181
0.004569
0.001747
0.001612
0.004166
0.003359
0.001680
0.004569
0.007256
0.002687
0.002486
0.001881
0.004770
0.002217
0.003292
0.001680
0.005442
0.006114
0.001142
0.001075
0.004300
0.006987
0.001612
0.002822
0.004905
0.002755
0.001411
0.008398
0.003426
0.001881
0.004166
0.003695
0.004501
0.004770
0.001612
0.001747
0.003561
0.003964
0.001881
0.003091
0.004837
0.002352
0.001948
0.002284
0.003494
0.003158
0.004972
0.002217
0.004031
0.004972
0.003091
0.001747
0.003091
0.002419
0.002150
0.002889
0.007122
0.003561
0.001142
0.001680
0.003359
0.001747
0.003897
0.002956
0.005442
0.006114
0.004098
0.003023
0.002284
0.002150
0.001545
0.002352
0.004434
0.002217
0.002822
0.008801
0.003561
0.002687
0.003225
0.002419
0.004233
0.003359
