0.094262
0.001209
0.003426
0.005576
0.001814
0.002553
0.011220
0.006584
0.001277
0.002553
0.005039
0.005778
0.002956
0.002553
0.003695
0.011153
0.002687
0.001478
0.002822
0.006987
0.001478
0.000672
0.012228
0.008801
0.001612
0.004770
0.006248
0.003091
0.000941
0.002956
0.006248
0.009205
0.004770
0.001209
0.002419
0.003964
0.003426
0.002352
0.007525
0.003292
0.001680
0.004031
0.005778
0.002755
0.005980
0.002284
0.004166
0.001680
0.002217
0.001075
0.002150
0.002755
0.004166
0.001814
0.014176
0.002956
0.003964
0.001948
0.003964
0.002419
0.009205
0.001948
0.005980
0.002083
0.004031
0.001612
0.002419
0.005778
0.001411
0.006316
0.001948
0.006786
0.001478
0.004636
0.005375
0.005241
0.001814
0.002553
0.001680
0.008197
0.001612
0.001948
0.001881
0.004501
0.002620
0.009137
0.003628
0.005711
0.001478
0.003561
0.002083
0.003561
0.001747
0.002553
0.002889
0.009473
0.003023
0.001545
0.001747
0.002352
0.003897
0.008600
0.002217
0.003494
0.002620
0.002083
0.002419
0.001747
0.008667
0.002419
0.002150
0.002217
0.003897
0.001478
0.001612
0.004636
0.002956
0.004166
0.001948
0.002217
0.003292
0.005308
0.003225
0.002150
0.005241
0.004166
0.001680
0.001680
0.001277
0.001478
0.004367
0.005912
0.002284
0.005442
0.008869
0.005308
0.001075
0.001277
0.005912
0.004636
0.003359
0.001814
0.002419
0.007525
0.001948
0.002822
0.002687
0.007861
0.002150
0.002822
0.009003
0.004770
0.002150
0.001948
0.006114
0.002822
0.001545
0.001142
0.002755
0.007323
0.006853
0.001545
0.002150
0.001612
0.003561
0.002284
0.005442
0.002284
0.002217
0.000873
0.010548
0.002687
0.004837
0.001612
0.002419
0.003359
0.002620
0.001008
0.003023
0.001747
0.002553
0.004703
0.007995
0.003292
0.001814
0.000941
0.002755
0.001344
0.005106
0.001142
0.003023
0.004770
0.002150
0.002016
0.002620
0.007659
0.001881
0.005106
0.002889
0.005173
0.002620
0.008197
0.002889
0.004166
0.002284
0.001747
0.001881
0.004501
0.001209
0.002419
0.001277
0.004233
0.001814
0.005576
0.005375
0.004770
0.000672
0.003426
0.001075
0.005106
0.004434
0.001881
0.002083
0.006517
0.003494
0.001612
0.001344
0.001142
0.002956
0.005308
0.004569
0.002553
0.003225
0.001881
0.001209
0.001680
0.004569
0.001344
0.001478
0.004569
0.006316
0.001612
0.001948
0.001612
0.002889
0.004233
0.001612
0.002217
0.002419
0.008331
0.000739
0.002956
0.004501
0.002217
0.001814
0.002553
