0.088887
0.001948
0.002620
0.006584
0.001680
0.001209
0.012765
0.005106
0.000537
0.002083
0.006517
0.003091
0.002083
0.002956
0.005375
0.012026
0.003426
0.001008
0.002486
0.006853
0.001277
0.001142
0.015318
0.006853
0.001008
0.004636
0.006517
0.003359
0.001680
0.001612
0.005442
0.012698
0.003225
0.002150
0.002016
0.004972
0.005308
0.001814
0.012161
0.002016
0.001545
0.003762
0.007592
0.001948
0.009876
0.001680
0.006316
0.001948
0.004434
0.000941
0.003359
0.002822
0.004031
0.001612
0.014512
0.003762
0.003023
0.001881
0.004636
0.001948
0.009876
0.002956
0.003494
0.004031
0.003695
0.001277
0.001680
0.006383
0.001344
0.006181
0.001881
0.005375
0.001411
0.005375
0.004703
0.002620
0.001209
0.003964
0.001747
0.007592
0.000941
0.001680
0.001075
0.004703
0.001344
0.011825
0.002150
0.004770
0.000806
0.002553
0.002284
0.002956
0.001344
0.001747
0.002755
0.012967
0.002486
0.001277
0.001075
0.002419
0.003494
0.009070
0.001747
0.002889
0.001680
0.002755
0.002217
0.001747
0.012833
0.002755
0.002150
0.002150
0.004031
0.001277
0.001008
0.003830
0.003964
0.006651
0.001209
0.001680
0.002352
0.003762
0.003292
0.002217
0.007592
0.005576
0.001612
0.001478
0.000605
0.001209
0.003628
0.006719
0.001344
0.004031
0.008331
0.002956
0.000403
0.000672
0.005308
0.004098
0.003964
0.001680
0.002553
0.009675
0.002083
0.002083
0.002419
0.005912
0.001008
0.002687
0.010145
0.005442
0.001948
0.001142
0.006517
0.002486
0.001209
0.001747
0.004098
0.008801
0.004905
0.002486
0.002419
0.003292
0.002419
0.003359
0.008062
0.001948
0.001142
0.002217
0.009137
0.002620
0.005576
0.001680
0.003762
0.004031
0.003762
0.000873
0.003494
0.001008
0.002284
0.004972
0.008264
0.002016
0.003964
0.000806
0.002755
0.000941
0.005375
0.001948
0.003628
0.005509
0.001680
0.001344
0.002083
0.007995
0.001277
0.003561
0.002083
0.002419
0.001277
0.007861
0.002419
0.002822
0.001680
0.002620
0.001209
0.006383
0.000941
0.001814
0.000941
0.003023
0.001209
0.006651
0.005711
0.004233
0.000806
0.003023
0.001277
0.002889
0.003628
0.002352
0.002217
0.007995
0.003225
0.001881
0.001814
0.001075
0.002419
0.005980
0.004166
0.001747
0.001948
0.002889
0.001142
0.001277
0.006114
0.002217
0.001612
0.004031
0.006248
0.001209
0.002150
0.001948
0.002284
0.004434
0.002553
0.002352
0.001277
0.005845
0.002083
0.003292
0.005173
0.002553
0.001881
0.003158
