0.081564
0.000806
0.003897
0.002755
0.005980
0.001881
0.009608
0.004166
0.001680
0.001142
0.005173
0.002620
0.004501
0.001747
0.006248
0.007458
0.006383
0.001545
0.005912
0.005308
0.003561
0.001142
0.008062
0.003964
0.003225
0.003695
0.009205
0.002217
0.002755
0.001612
0.004098
0.004905
0.005308
0.000873
0.003628
0.003628
0.004905
0.001344
0.008197
0.002486
0.002217
0.002687
0.007256
0.002889
0.005442
0.000941
0.006853
0.002419
0.007458
0.001142
0.003628
0.002956
0.002956
0.001881
0.009406
0.003762
0.003292
0.001411
0.006987
0.002419
0.006316
0.001478
0.004300
0.002486
0.004098
0.001344
0.002620
0.004837
0.003494
0.002217
0.003964
0.003158
0.002083
0.003292
0.004905
0.002150
0.003561
0.001948
0.003762
0.004233
0.004434
0.001680
0.003494
0.002553
0.001680
0.005106
0.002889
0.005106
0.002553
0.002620
0.003494
0.001545
0.002889
0.001881
0.003561
0.005442
0.003561
0.001411
0.002755
0.003292
0.005106
0.006853
0.004905
0.002620
0.002822
0.001948
0.003964
0.001612
0.006920
0.002419
0.005241
0.003158
0.009003
0.002016
0.004098
0.003964
0.003426
0.003494
0.003359
0.002822
0.002956
0.002956
0.005845
0.001008
0.004233
0.002284
0.003494
0.002150
0.002352
0.000739
0.003494
0.003225
0.002822
0.004166
0.009205
0.002217
0.002486
0.001142
0.004770
0.003091
0.007995
0.001478
0.006047
0.005711
0.004501
0.001008
0.005778
0.006920
0.001881
0.001545
0.008197
0.002553
0.003695
0.002083
0.011422
0.001881
0.003830
0.001344
0.004300
0.005644
0.006383
0.000672
0.003762
0.002083
0.003762
0.001142
0.008465
0.002083
0.002419
0.001277
0.009876
0.002755
0.006047
0.001277
0.006316
0.003695
0.004300
0.000672
0.005375
0.001277
0.002217
0.003426
0.007256
0.002822
0.004905
0.001209
0.004770
0.001814
0.005173
0.001612
0.003359
0.005039
0.001612
0.001680
0.003091
0.005442
0.002553
0.001948
0.003897
0.001680
0.002486
0.006181
0.002889
0.003695
0.004031
0.002150
0.003091
0.004233
0.002755
0.001277
0.002889
0.001478
0.002217
0.002755
0.006248
0.003426
0.003628
0.001344
0.002755
0.002352
0.004166
0.001008
0.002755
0.005039
0.003292
0.001142
0.002486
0.001881
0.002956
0.002687
0.006517
0.001948
0.002486
0.002486
0.002755
0.001545
0.008667
0.002553
0.003964
0.005509
0.007726
0.001747
0.003695
0.002486
0.002755
0.002016
0.003426
0.002016
0.005375
0.006181
0.003158
0.002284
0.004569
0.002553
0.003091
0.002486
