0.069000
0.000672
0.003426
0.006114
0.004501
0.001411
0.008734
0.005778
0.002822
0.001277
0.004837
0.002620
0.004770
0.001344
0.005644
0.010011
0.004367
0.000537
0.005644
0.005980
0.004233
0.001277
0.009809
0.004031
0.002956
0.002352
0.007458
0.003225
0.002889
0.000739
0.007189
0.009406
0.007256
0.001411
0.002889
0.004837
0.007055
0.001142
0.009339
0.003091
0.002284
0.003158
0.005980
0.001142
0.007256
0.001075
0.006181
0.002150
0.006383
0.001075
0.004031
0.003494
0.005039
0.000739
0.009003
0.002620
0.004501
0.001612
0.004166
0.001545
0.009406
0.000941
0.004703
0.003964
0.004233
0.001075
0.001881
0.005375
0.003225
0.003628
0.002956
0.005644
0.002083
0.003628
0.004837
0.001209
0.003561
0.002822
0.003158
0.007055
0.004031
0.001075
0.002150
0.004837
0.003695
0.005644
0.002687
0.002822
0.002889
0.001344
0.002822
0.002083
0.002553
0.001747
0.003292
0.008465
0.005375
0.001478
0.001411
0.001612
0.004703
0.006853
0.003762
0.003494
0.003359
0.002486
0.001545
0.001142
0.010145
0.002083
0.003023
0.002352
0.007659
0.000941
0.001948
0.004434
0.006181
0.004300
0.002553
0.001747
0.004367
0.003897
0.004367
0.001209
0.008734
0.002486
0.002620
0.002150
0.002217
0.000806
0.003292
0.005442
0.002620
0.003494
0.006316
0.003494
0.002553
0.000134
0.003292
0.002687
0.007189
0.001142
0.004098
0.007189
0.002486
0.000403
0.004501
0.008600
0.002284
0.001344
0.008465
0.003426
0.002553
0.000470
0.008667
0.003830
0.004031
0.001411
0.007458
0.009003
0.009137
0.000605
0.003023
0.003023
0.004972
0.001747
0.007189
0.002083
0.003628
0.000739
0.007726
0.002284
0.008465
0.001478
0.004837
0.002956
0.003830
0.000806
0.003158
0.001747
0.003964
0.003091
0.005644
0.001612
0.003964
0.000336
0.004569
0.001545
0.007659
0.001142
0.003426
0.006047
0.002419
0.001612
0.001747
0.007055
0.002284
0.003091
0.002687
0.002889
0.001814
0.006316
0.001747
0.001545
0.004031
0.001948
0.003158
0.005845
0.002083
0.000806
0.001747
0.003359
0.002889
0.003426
0.006316
0.002822
0.002620
0.000873
0.001612
0.002419
0.005241
0.001277
0.001814
0.005980
0.004837
0.001612
0.001612
0.001411
0.004501
0.003023
0.003964
0.002083
0.005106
0.002352
0.001680
0.000672
0.007525
0.002486
0.002553
0.005845
0.008533
0.001075
0.002150
0.001814
0.003964
0.003964
0.002687
0.001075
0.005442
0.005308
0.002956
0.001814
0.007794
0.002284
0.001612
0.002016
