0.091508
0.000537
0.003561
0.005576
0.001747
0.001612
0.011825
0.007659
0.000941
0.001344
0.006920
0.002150
0.001545
0.001277
0.005241
0.013639
0.003158
0.000941
0.002150
0.008936
0.001277
0.001142
0.016259
0.009608
0.001142
0.003628
0.005442
0.002755
0.001277
0.002016
0.007928
0.011892
0.005308
0.000873
0.002956
0.004367
0.005173
0.000672
0.016797
0.003091
0.001747
0.002687
0.006584
0.002284
0.005778
0.001277
0.008062
0.002284
0.003964
0.000605
0.003762
0.002755
0.002755
0.001881
0.016058
0.003023
0.002217
0.001747
0.005106
0.001478
0.011690
0.002217
0.006181
0.003091
0.003561
0.000806
0.001948
0.008062
0.001411
0.006450
0.001612
0.007659
0.000941
0.003158
0.006047
0.001948
0.000806
0.002620
0.001881
0.011220
0.001277
0.001008
0.001411
0.006114
0.002687
0.007592
0.002822
0.005576
0.000806
0.001747
0.002352
0.002620
0.002486
0.002486
0.002217
0.011892
0.003830
0.001344
0.001545
0.002352
0.003091
0.008533
0.002016
0.003561
0.001008
0.001277
0.001747
0.001008
0.009339
0.001411
0.002016
0.001881
0.003897
0.000941
0.001209
0.003897
0.003494
0.008130
0.001545
0.001747
0.002150
0.003426
0.002889
0.002150
0.007189
0.004837
0.001747
0.001814
0.000605
0.000739
0.004367
0.006920
0.000739
0.003628
0.008667
0.003426
0.000806
0.000269
0.005375
0.003964
0.004367
0.000941
0.003359
0.008398
0.001612
0.001344
0.002687
0.007525
0.001142
0.001948
0.008331
0.003628
0.001411
0.001277
0.007995
0.002956
0.002419
0.001545
0.004636
0.010078
0.005711
0.001008
0.002956
0.002687
0.001612
0.001680
0.009003
0.001612
0.001948
0.000806
0.010548
0.002553
0.005241
0.001209
0.006383
0.004233
0.002553
0.000873
0.004434
0.001142
0.002553
0.003359
0.010884
0.001277
0.002486
0.000941
0.007525
0.001680
0.006181
0.001277
0.003494
0.004166
0.001747
0.001478
0.002822
0.006920
0.000672
0.004300
0.002620
0.002822
0.001142
0.005778
0.002889
0.003225
0.002150
0.001209
0.001881
0.009809
0.000605
0.002217
0.001814
0.005106
0.000941
0.004703
0.005778
0.002620
0.000873
0.000806
0.000806
0.003359
0.004905
0.001277
0.001680
0.009339
0.003762
0.002553
0.001142
0.000873
0.001277
0.005509
0.004770
0.001344
0.001881
0.003091
0.001142
0.001680
0.005778
0.001344
0.002217
0.005778
0.004233
0.000806
0.001411
0.001747
0.002083
0.003964
0.001948
0.001478
0.001680
0.004300
0.001545
0.002284
0.005173
0.002217
0.001478
0.002755
