0.079213
0.002016
0.002352
0.002553
0.004569
0.001948
0.009742
0.001142
0.002284
0.005039
0.003830
0.000941
0.005039
0.002352
0.004972
0.006651
0.006047
0.001545
0.004367
0.002889
0.003292
0.002016
0.005509
0.001680
0.002822
0.003091
0.009137
0.002217
0.002419
0.002150
0.003897
0.002889
0.007525
0.002553
0.003292
0.002755
0.006114
0.002419
0.007458
0.001680
0.003225
0.004703
0.005375
0.000739
0.006248
0.002083
0.006853
0.001008
0.006316
0.003225
0.004031
0.001142
0.004434
0.003426
0.008734
0.001478
0.004031
0.003292
0.007861
0.001209
0.009205
0.004098
0.004636
0.001612
0.004905
0.002284
0.002083
0.003561
0.003225
0.003830
0.002553
0.001612
0.003023
0.006181
0.004501
0.001612
0.004031
0.002822
0.002889
0.003023
0.003897
0.002150
0.002486
0.002016
0.003762
0.006651
0.002822
0.001680
0.002687
0.002889
0.004166
0.001344
0.003762
0.002889
0.002889
0.004501
0.004569
0.003158
0.001948
0.001277
0.004434
0.007189
0.004434
0.001612
0.003091
0.004972
0.003292
0.001008
0.008465
0.002217
0.006114
0.002016
0.007726
0.002889
0.003091
0.002956
0.005778
0.005778
0.002956
0.002150
0.004569
0.005173
0.006853
0.000806
0.006450
0.004098
0.003158
0.001277
0.002016
0.001948
0.003292
0.001881
0.003628
0.004636
0.008465
0.001545
0.002217
0.001680
0.003494
0.001478
0.006987
0.002016
0.004233
0.002889
0.002755
0.002083
0.005173
0.006248
0.003225
0.003830
0.005845
0.001545
0.001881
0.001478
0.009876
0.001814
0.004098
0.002419
0.003023
0.002352
0.007726
0.003225
0.003225
0.000873
0.004501
0.003292
0.007861
0.001277
0.002822
0.002284
0.009675
0.000470
0.007525
0.002083
0.004770
0.001747
0.005173
0.002016
0.004569
0.000873
0.004367
0.005106
0.005912
0.001680
0.003426
0.001814
0.004972
0.001478
0.007323
0.003158
0.002956
0.003762
0.002419
0.002284
0.002150
0.005375
0.002486
0.004770
0.004636
0.002150
0.002016
0.007726
0.001478
0.001411
0.004031
0.002755
0.002687
0.001814
0.002352
0.001747
0.003091
0.001344
0.003762
0.005375
0.006114
0.001612
0.002352
0.002083
0.003023
0.001075
0.004905
0.003561
0.002486
0.002284
0.005576
0.002553
0.002620
0.000537
0.004098
0.004972
0.006584
0.001747
0.003023
0.004501
0.002755
0.001277
0.007189
0.002755
0.003964
0.003561
0.009070
0.002486
0.003023
0.001008
0.004166
0.005173
0.004233
0.000941
0.004636
0.007592
0.003830
0.000739
0.007458
0.004166
0.001747
0.001075
