0.089492
0.001545
0.003897
0.003225
0.003225
0.002822
0.011086
0.004434
0.001209
0.002889
0.003494
0.002284
0.002150
0.003023
0.002687
0.011758
0.005106
0.002016
0.001612
0.003023
0.002217
0.002083
0.007794
0.003830
0.002822
0.003292
0.004972
0.002284
0.002083
0.002016
0.006584
0.006517
0.005912
0.001747
0.002284
0.003091
0.005106
0.001814
0.008600
0.001545
0.003494
0.003897
0.003561
0.001612
0.007659
0.001747
0.004703
0.001277
0.005644
0.001478
0.002150
0.001344
0.005241
0.002687
0.012362
0.001948
0.003359
0.003359
0.003561
0.001411
0.011354
0.002352
0.005039
0.001478
0.004703
0.001814
0.001411
0.003292
0.002150
0.009608
0.001344
0.003628
0.002620
0.005308
0.004501
0.001545
0.001209
0.006450
0.001075
0.006651
0.002083
0.002553
0.001142
0.002956
0.003695
0.013706
0.001881
0.003158
0.001814
0.004703
0.001881
0.001948
0.002083
0.005241
0.002083
0.010414
0.005106
0.001948
0.001478
0.001411
0.003897
0.011019
0.002217
0.002620
0.005039
0.004636
0.001209
0.001209
0.013975
0.004770
0.002956
0.001411
0.006181
0.002150
0.001680
0.003091
0.008130
0.009003
0.001478
0.002083
0.003023
0.004972
0.003292
0.001008
0.010347
0.004770
0.001881
0.001881
0.001411
0.001478
0.002284
0.003158
0.002755
0.005442
0.005778
0.002486
0.001814
0.000873
0.001545
0.001545
0.004166
0.002956
0.002486
0.006316
0.001881
0.003292
0.000739
0.005375
0.002486
0.002889
0.006584
0.002083
0.003628
0.002284
0.004569
0.002150
0.002486
0.001478
0.005980
0.006920
0.004703
0.003225
0.001680
0.001545
0.002150
0.002150
0.005778
0.002352
0.004434
0.002217
0.008062
0.002083
0.006047
0.001545
0.003359
0.001612
0.004098
0.001075
0.001545
0.000941
0.004166
0.004972
0.005980
0.002419
0.003292
0.000605
0.002889
0.000941
0.008600
0.001881
0.002217
0.004367
0.003158
0.002822
0.001814
0.004972
0.002284
0.009070
0.002352
0.003225
0.002822
0.006853
0.001814
0.002620
0.003225
0.002822
0.001411
0.005106
0.001344
0.002822
0.000739
0.001344
0.002486
0.007794
0.005442
0.002352
0.001545
0.002083
0.001075
0.001545
0.004367
0.003023
0.001545
0.006316
0.005241
0.002687
0.001344
0.000605
0.003561
0.008197
0.004031
0.002016
0.004300
0.003628
0.001545
0.000806
0.009876
0.002822
0.002352
0.004300
0.006786
0.002217
0.002016
0.001075
0.005241
0.006383
0.001881
0.001881
0.003628
0.006181
0.002083
0.002352
0.008667
0.003158
0.001612
0.002284
