0.079078
0.000605
0.003225
0.004166
0.001881
0.001612
0.011354
0.002822
0.000873
0.002352
0.007122
0.003091
0.002687
0.002284
0.005980
0.009876
0.004098
0.000806
0.002150
0.004703
0.001075
0.001075
0.012631
0.007055
0.001008
0.003023
0.008600
0.001612
0.001008
0.001478
0.009540
0.013840
0.005173
0.000537
0.002352
0.003426
0.004569
0.000739
0.012295
0.001008
0.003359
0.003158
0.007189
0.000537
0.009809
0.001344
0.009473
0.000806
0.005241
0.000873
0.003695
0.000806
0.004166
0.001075
0.011623
0.001478
0.002016
0.002016
0.007861
0.000806
0.010279
0.002419
0.004703
0.002016
0.002889
0.002822
0.000672
0.004636
0.001277
0.014512
0.001277
0.005308
0.001209
0.007323
0.004300
0.001881
0.001478
0.008465
0.001478
0.010145
0.001209
0.002620
0.001142
0.004837
0.002217
0.015453
0.003494
0.002822
0.000605
0.004233
0.002016
0.002150
0.001344
0.006114
0.002620
0.011153
0.003561
0.001948
0.000403
0.001747
0.002956
0.012026
0.002284
0.002553
0.003023
0.004031
0.001747
0.000202
0.010951
0.002419
0.002822
0.001344
0.006584
0.001142
0.001747
0.003561
0.008801
0.007726
0.001478
0.001277
0.002352
0.006920
0.004098
0.000739
0.008801
0.004434
0.000873
0.000672
0.000873
0.001142
0.006181
0.004770
0.001478
0.003762
0.009205
0.001478
0.000537
0.001277
0.004501
0.002352
0.004434
0.001680
0.003426
0.006181
0.001545
0.001142
0.003494
0.005912
0.001545
0.002083
0.009272
0.001814
0.001008
0.001142
0.007592
0.001344
0.001948
0.001075
0.004098
0.007256
0.006719
0.001411
0.004770
0.001008
0.002822
0.001142
0.007995
0.000873
0.003091
0.000739
0.009742
0.000403
0.009406
0.000941
0.004166
0.001209
0.003561
0.000537
0.004905
0.000537
0.001478
0.003830
0.008734
0.000941
0.003292
0.000470
0.004770
0.000470
0.007726
0.001478
0.002284
0.004098
0.001142
0.002486
0.001881
0.006719
0.000806
0.009473
0.002352
0.002486
0.001142
0.010951
0.002083
0.001545
0.001881
0.004233
0.001277
0.007659
0.000672
0.002822
0.001277
0.003628
0.001411
0.009406
0.004569
0.002150
0.000739
0.004905
0.001344
0.002889
0.002755
0.003359
0.001142
0.005845
0.005442
0.001881
0.001075
0.000672
0.001948
0.006987
0.004367
0.001209
0.004166
0.003561
0.000739
0.000605
0.008264
0.001881
0.001411
0.003628
0.006719
0.001478
0.001814
0.000941
0.003225
0.004367
0.001814
0.001075
0.002150
0.007189
0.002889
0.000672
0.006584
0.002755
0.000605
0.001277
