0.068799
0.001344
0.001680
0.001008
0.003494
0.002016
0.006584
0.000941
0.001411
0.002352
0.003695
0.000739
0.002284
0.002755
0.003158
0.010817
0.004501
0.001008
0.001747
0.005241
0.002284
0.001747
0.006584
0.001344
0.001478
0.003695
0.005980
0.000605
0.003023
0.001612
0.002956
0.004905
0.010884
0.002419
0.001411
0.001747
0.009608
0.001545
0.009473
0.000672
0.003292
0.006450
0.007659
0.000873
0.011556
0.002352
0.005375
0.000739
0.005241
0.001612
0.003023
0.001277
0.006719
0.004098
0.012295
0.001008
0.002486
0.002083
0.005442
0.000537
0.013706
0.003628
0.003830
0.000941
0.008936
0.002822
0.001142
0.002889
0.002486
0.004501
0.001612
0.001545
0.001881
0.010615
0.005106
0.001344
0.001948
0.005173
0.001612
0.004367
0.003091
0.001142
0.001075
0.003091
0.004905
0.010683
0.002755
0.001411
0.001209
0.003225
0.002620
0.000202
0.006181
0.005308
0.002284
0.005778
0.008062
0.004233
0.001680
0.001344
0.004233
0.009876
0.003292
0.002150
0.002956
0.009003
0.002687
0.000739
0.011489
0.002352
0.005308
0.001411
0.008197
0.000941
0.001344
0.004837
0.007390
0.013639
0.001680
0.000806
0.002620
0.006853
0.003897
0.000739
0.011959
0.006853
0.001478
0.000806
0.001209
0.001411
0.002553
0.002284
0.002889
0.004434
0.005308
0.000672
0.002150
0.001142
0.003158
0.000336
0.005173
0.000941
0.002352
0.005375
0.001814
0.001075
0.003023
0.008331
0.002150
0.002687
0.005039
0.000739
0.001814
0.001209
0.006584
0.000269
0.004031
0.001075
0.001612
0.002016
0.011086
0.002217
0.002217
0.000537
0.006719
0.002150
0.008667
0.000806
0.005711
0.004031
0.009742
0.000873
0.008130
0.001545
0.002822
0.001478
0.005308
0.001277
0.004300
0.000739
0.004031
0.007323
0.007122
0.000873
0.004166
0.001075
0.003158
0.000806
0.012094
0.002016
0.001814
0.002687
0.004166
0.004770
0.002016
0.005173
0.001545
0.005845
0.002217
0.001075
0.003494
0.011086
0.001411
0.000605
0.003292
0.001747
0.001142
0.004300
0.001747
0.002150
0.000806
0.001814
0.003292
0.008667
0.004837
0.001344
0.002284
0.003023
0.001478
0.000403
0.008398
0.003762
0.002083
0.003695
0.006853
0.003964
0.001209
0.000269
0.003426
0.005980
0.004166
0.001680
0.004166
0.006383
0.000806
0.001075
0.007055
0.001948
0.002352
0.004905
0.008264
0.001948
0.002687
0.001142
0.003964
0.009876
0.003359
0.001008
0.002217
0.007659
0.001478
0.001008
0.012026
0.004434
0.001612
0.001478
