0.082034
0.000806
0.005173
0.007525
0.001344
0.002016
0.012362
0.006651
0.000806
0.002150
0.006248
0.003830
0.001344
0.001814
0.004300
0.014714
0.002553
0.001277
0.002486
0.008331
0.001814
0.001008
0.012429
0.005845
0.001277
0.004098
0.007995
0.002822
0.001277
0.001680
0.010683
0.011086
0.005778
0.001411
0.003359
0.004031
0.004434
0.001411
0.012228
0.001948
0.001344
0.002956
0.005912
0.002217
0.007390
0.001612
0.006181
0.001344
0.003897
0.000537
0.002755
0.002016
0.002822
0.001948
0.010817
0.003359
0.002620
0.001747
0.005442
0.000873
0.010414
0.002889
0.005644
0.002687
0.003158
0.002620
0.002419
0.006786
0.001814
0.007390
0.002352
0.007122
0.000537
0.005576
0.004233
0.002083
0.000941
0.004434
0.001680
0.012497
0.001277
0.002284
0.001277
0.005039
0.001612
0.009339
0.002352
0.003359
0.001075
0.005173
0.002486
0.003494
0.002352
0.004300
0.003091
0.009742
0.003897
0.002553
0.000134
0.002217
0.003158
0.011086
0.002553
0.002889
0.002083
0.003897
0.001411
0.001075
0.009473
0.002620
0.002016
0.001881
0.004501
0.001948
0.001008
0.003964
0.004233
0.005912
0.001344
0.001008
0.002083
0.005173
0.003762
0.001747
0.009675
0.003158
0.001545
0.001075
0.000403
0.001881
0.004703
0.006786
0.000873
0.004569
0.008600
0.003426
0.000605
0.000941
0.007794
0.005509
0.003426
0.001209
0.003292
0.008734
0.001209
0.001545
0.001881
0.010011
0.001075
0.002217
0.008734
0.005308
0.001008
0.001612
0.007458
0.003964
0.001209
0.001881
0.006047
0.007458
0.005442
0.001008
0.002284
0.002217
0.002620
0.001747
0.009003
0.001545
0.001881
0.001075
0.008465
0.003158
0.006383
0.000941
0.003292
0.002284
0.003964
0.000739
0.003762
0.001277
0.001680
0.004166
0.006181
0.001747
0.002687
0.000941
0.006383
0.001411
0.005912
0.001680
0.003225
0.004300
0.002083
0.002419
0.002150
0.005039
0.000672
0.005912
0.002620
0.004300
0.001545
0.006987
0.001680
0.003494
0.001075
0.002687
0.001747
0.008734
0.000941
0.002284
0.001277
0.004300
0.001344
0.006517
0.004972
0.002755
0.000537
0.003426
0.000605
0.003762
0.004501
0.002419
0.002352
0.007592
0.003628
0.001881
0.000537
0.001142
0.001344
0.006853
0.003762
0.002016
0.002217
0.002889
0.000336
0.000941
0.004972
0.002352
0.001478
0.004837
0.006248
0.001411
0.002419
0.001344
0.002553
0.005308
0.001411
0.001612
0.000941
0.007055
0.000806
0.001680
0.006114
0.002217
0.001411
0.002016
