0.087745
0.002352
0.002620
0.004905
0.003830
0.002620
0.006181
0.005644
0.001545
0.002083
0.003695
0.003225
0.002956
0.003897
0.002352
0.008869
0.003225
0.002553
0.002083
0.006450
0.002083
0.002486
0.006517
0.005711
0.001612
0.005039
0.003225
0.003695
0.002016
0.002620
0.002822
0.005308
0.005173
0.002150
0.002419
0.005241
0.006114
0.001814
0.005778
0.002217
0.002419
0.003359
0.003762
0.002486
0.005576
0.002217
0.002956
0.002016
0.003964
0.001277
0.002284
0.002352
0.004166
0.002620
0.009406
0.004166
0.001814
0.002956
0.003023
0.001948
0.010481
0.003292
0.003494
0.003762
0.004770
0.002217
0.002150
0.007390
0.002822
0.008465
0.001344
0.004905
0.002016
0.005173
0.004233
0.002486
0.002083
0.006114
0.001344
0.009540
0.002016
0.004031
0.001747
0.004770
0.003292
0.010078
0.002217
0.004905
0.001545
0.004703
0.001881
0.004098
0.003359
0.004434
0.002083
0.011153
0.003897
0.002553
0.001680
0.002419
0.003762
0.008600
0.002150
0.002956
0.002486
0.003695
0.001948
0.001747
0.007122
0.004770
0.002016
0.003359
0.004636
0.003494
0.001881
0.004837
0.003762
0.006584
0.001478
0.002553
0.002217
0.005173
0.003762
0.002822
0.008062
0.005711
0.001881
0.002419
0.001142
0.001948
0.002217
0.005039
0.002486
0.006181
0.003561
0.003494
0.001680
0.001277
0.002687
0.002553
0.004367
0.003359
0.002352
0.007592
0.002352
0.003494
0.002083
0.004972
0.001881
0.002083
0.005375
0.003426
0.003023
0.002284
0.003762
0.003359
0.002687
0.001881
0.002553
0.007390
0.006383
0.001881
0.002150
0.002620
0.002822
0.003494
0.004434
0.002150
0.002687
0.002217
0.007794
0.003292
0.005845
0.001411
0.001814
0.003359
0.002150
0.001142
0.002083
0.002150
0.003225
0.004367
0.006517
0.003023
0.002553
0.001612
0.001142
0.001948
0.008062
0.001545
0.002284
0.007055
0.002822
0.002687
0.001612
0.007323
0.002016
0.007055
0.001881
0.003561
0.002889
0.007592
0.001680
0.003225
0.002956
0.003091
0.001478
0.007659
0.001344
0.003561
0.001209
0.003091
0.002083
0.006450
0.004166
0.003762
0.001209
0.005509
0.001478
0.004501
0.006114
0.003091
0.001814
0.007794
0.003762
0.003158
0.001814
0.001142
0.002419
0.008533
0.003628
0.003023
0.002150
0.002889
0.001478
0.002419
0.005912
0.003225
0.002217
0.005644
0.004367
0.002016
0.001612
0.002687
0.003158
0.005241
0.002687
0.001881
0.003023
0.005576
0.001545
0.003695
0.006517
0.002956
0.001747
0.002956
