0.088417
0.000672
0.003762
0.004434
0.001680
0.003023
0.014848
0.005980
0.000806
0.001680
0.007122
0.003091
0.001881
0.002956
0.006517
0.013101
0.004233
0.001344
0.003158
0.004233
0.001411
0.001075
0.009742
0.008264
0.000873
0.002755
0.007055
0.001277
0.001948
0.001411
0.008062
0.010683
0.003695
0.001277
0.003762
0.004166
0.003830
0.000806
0.009406
0.001209
0.002284
0.003091
0.006047
0.001411
0.007861
0.001747
0.008600
0.001344
0.004434
0.000806
0.003762
0.002083
0.002755
0.001411
0.013639
0.001948
0.002083
0.001008
0.005442
0.000537
0.012161
0.001747
0.004905
0.002352
0.003561
0.001478
0.002016
0.004703
0.000941
0.008130
0.001277
0.007995
0.001411
0.003426
0.003225
0.001545
0.000739
0.005912
0.001680
0.011153
0.001680
0.002486
0.001747
0.003964
0.002284
0.012362
0.001948
0.005173
0.000672
0.003762
0.001545
0.002486
0.001881
0.002956
0.002956
0.013572
0.003225
0.001612
0.001075
0.001948
0.003225
0.010011
0.002284
0.002687
0.002419
0.003695
0.002150
0.001478
0.011086
0.004300
0.003695
0.002956
0.005509
0.003091
0.002150
0.003426
0.007995
0.007861
0.001612
0.001814
0.001142
0.004569
0.003964
0.001344
0.009608
0.004972
0.001948
0.001478
0.000806
0.000672
0.002889
0.006584
0.002016
0.003158
0.011019
0.003695
0.001209
0.000537
0.004098
0.002755
0.003762
0.001344
0.004501
0.007995
0.001344
0.001747
0.003494
0.006584
0.001344
0.001612
0.007995
0.003830
0.002016
0.001344
0.007726
0.002553
0.002016
0.001545
0.005308
0.006584
0.006450
0.002352
0.002956
0.001814
0.002687
0.000873
0.007323
0.001612
0.001478
0.000873
0.008600
0.002419
0.005442
0.001209
0.003964
0.001478
0.002956
0.000941
0.005644
0.000806
0.002486
0.004166
0.008062
0.001209
0.001612
0.000739
0.003695
0.000806
0.007390
0.001344
0.004166
0.004166
0.000873
0.001277
0.002284
0.006987
0.000806
0.005442
0.002956
0.004233
0.001948
0.007995
0.001411
0.003023
0.002419
0.003628
0.001680
0.006987
0.000739
0.001747
0.001478
0.002889
0.001545
0.004905
0.003628
0.002620
0.000873
0.002822
0.000672
0.002419
0.004233
0.001545
0.001814
0.008062
0.004166
0.001545
0.001008
0.001008
0.002889
0.006114
0.004569
0.001747
0.002553
0.002956
0.000873
0.001612
0.006987
0.002620
0.002352
0.004031
0.005173
0.002553
0.004031
0.002553
0.002889
0.005778
0.001881
0.001478
0.001680
0.005039
0.001478
0.002620
0.006719
0.002822
0.001545
0.002889
