0.073031
0.001277
0.002956
0.004434
0.002553
0.003292
0.020357
0.008197
0.001209
0.002083
0.008398
0.003494
0.001948
0.002822
0.006517
0.011287
0.002889
0.003023
0.003359
0.009137
0.001612
0.002284
0.013034
0.006517
0.002083
0.004233
0.010414
0.003561
0.001277
0.001545
0.006719
0.005711
0.000873
0.001411
0.003091
0.002553
0.003023
0.001881
0.013370
0.003897
0.002083
0.002352
0.011019
0.001948
0.003292
0.001545
0.006584
0.002553
0.002352
0.001814
0.003628
0.003292
0.001680
0.001680
0.014445
0.003494
0.002150
0.001948
0.009137
0.002486
0.001545
0.001478
0.004905
0.001411
0.000873
0.002217
0.002150
0.003897
0.001545
0.009205
0.003561
0.007055
0.000873
0.002553
0.006987
0.002016
0.000739
0.003494
0.003830
0.008869
0.001075
0.002755
0.002083
0.008264
0.000941
0.002486
0.003494
0.004098
0.001344
0.002486
0.005173
0.002889
0.000672
0.001612
0.003292
0.006786
0.000941
0.001680
0.002755
0.002217
0.002419
0.010884
0.006181
0.005106
0.000806
0.002486
0.004972
0.001478
0.006450
0.002889
0.004703
0.004569
0.002284
0.002083
0.001680
0.006651
0.001411
0.002486
0.002553
0.002486
0.001277
0.004098
0.010011
0.002352
0.001747
0.000739
0.002755
0.001478
0.001142
0.000941
0.004905
0.004031
0.002687
0.005375
0.012026
0.003292
0.001075
0.001545
0.005778
0.002284
0.003091
0.002352
0.002822
0.009742
0.002352
0.003628
0.005241
0.008801
0.001142
0.003158
0.011019
0.004098
0.003359
0.005845
0.012564
0.004703
0.001344
0.001478
0.004233
0.005241
0.001344
0.001142
0.003158
0.001612
0.002755
0.002889
0.010548
0.002553
0.000941
0.001209
0.010615
0.002284
0.002620
0.001277
0.002419
0.002956
0.001747
0.001344
0.005442
0.003292
0.001142
0.001209
0.010011
0.001344
0.003695
0.001747
0.007323
0.003494
0.001277
0.000941
0.003762
0.002889
0.000403
0.001008
0.003628
0.005576
0.001612
0.005509
0.004837
0.004031
0.000806
0.002822
0.003359
0.002284
0.001344
0.001948
0.001948
0.007861
0.001008
0.002352
0.003091
0.005106
0.000739
0.002352
0.006651
0.002755
0.001344
0.003158
0.003359
0.004501
0.000941
0.001277
0.002016
0.005711
0.001142
0.001344
0.003628
0.001142
0.002486
0.006383
0.009675
0.002889
0.000605
0.001814
0.003695
0.001612
0.003494
0.001680
0.002553
0.006181
0.002755
0.001680
0.003494
0.004501
0.001344
0.002217
0.004166
0.002620
0.001881
0.004837
0.006114
0.003494
0.001747
0.000672
0.002083
0.002352
