0.069605
0.001344
0.005241
0.005576
0.004367
0.001680
0.011623
0.004098
0.001478
0.001612
0.006047
0.001814
0.004098
0.001277
0.006316
0.009272
0.006383
0.000941
0.005644
0.006450
0.003225
0.001142
0.009675
0.005039
0.002620
0.003225
0.008600
0.002419
0.003359
0.001075
0.008398
0.007189
0.006047
0.001612
0.004501
0.004166
0.005308
0.001680
0.008533
0.003023
0.002083
0.003225
0.007525
0.001814
0.007055
0.001612
0.005980
0.002553
0.005845
0.000941
0.004569
0.003628
0.005173
0.001680
0.010750
0.002889
0.001680
0.001008
0.005375
0.001948
0.006047
0.001814
0.005778
0.002687
0.003964
0.001075
0.003762
0.005509
0.002889
0.005375
0.002419
0.004300
0.001344
0.003762
0.003762
0.001344
0.002486
0.002889
0.002284
0.005711
0.004098
0.001411
0.002620
0.004367
0.003695
0.006517
0.004569
0.003628
0.001680
0.001814
0.003897
0.001411
0.002956
0.001814
0.003628
0.006316
0.004233
0.001545
0.002553
0.002889
0.004837
0.008869
0.002889
0.003091
0.002016
0.002419
0.003225
0.001814
0.007861
0.002352
0.002822
0.002755
0.008465
0.002150
0.002083
0.003292
0.004300
0.003292
0.003426
0.002150
0.002352
0.003830
0.004166
0.002352
0.004972
0.001948
0.002016
0.001142
0.002553
0.000470
0.004569
0.003023
0.003897
0.003964
0.008465
0.002486
0.003359
0.001075
0.006584
0.003225
0.006719
0.001545
0.005845
0.006651
0.001948
0.000672
0.004972
0.007525
0.002016
0.000873
0.009608
0.003426
0.002486
0.001142
0.009540
0.002284
0.004031
0.001209
0.006316
0.006316
0.006719
0.001277
0.003964
0.001478
0.002956
0.001277
0.008130
0.002284
0.002889
0.000873
0.010683
0.002419
0.007122
0.001545
0.005711
0.003494
0.004569
0.000470
0.003561
0.001411
0.002687
0.003830
0.009272
0.002083
0.003091
0.000672
0.005509
0.001411
0.007525
0.002217
0.005241
0.005106
0.001478
0.001142
0.002284
0.006450
0.001881
0.004098
0.002687
0.002150
0.002217
0.007122
0.002755
0.002284
0.004703
0.001747
0.002822
0.005173
0.002419
0.001075
0.001680
0.003023
0.002419
0.002687
0.004770
0.001948
0.001881
0.001612
0.002486
0.002217
0.004569
0.001478
0.003695
0.004972
0.004434
0.001344
0.001478
0.001411
0.002620
0.003426
0.004098
0.002217
0.004098
0.001478
0.001948
0.001209
0.008936
0.002150
0.003897
0.004972
0.009272
0.001411
0.001948
0.001680
0.002352
0.003359
0.003158
0.001277
0.003359
0.006719
0.001008
0.002419
0.005106
0.002016
0.002755
0.003494
