0.089694
0.000605
0.003359
0.005980
0.001545
0.001948
0.014579
0.004703
0.000336
0.002150
0.006584
0.002755
0.001948
0.001814
0.004367
0.013169
0.002620
0.000739
0.001948
0.007458
0.000605
0.000941
0.016259
0.006248
0.000470
0.003964
0.004770
0.001747
0.000806
0.001344
0.008465
0.010951
0.005711
0.000739
0.003225
0.004166
0.005644
0.001075
0.011892
0.001075
0.000739
0.005241
0.005644
0.000537
0.006450
0.001948
0.004972
0.001209
0.002016
0.000739
0.002150
0.002016
0.002284
0.003023
0.012698
0.002150
0.000605
0.000873
0.004636
0.000672
0.009406
0.001814
0.004972
0.001277
0.002889
0.001814
0.001277
0.005644
0.001478
0.013169
0.001142
0.006853
0.001008
0.011556
0.003628
0.001747
0.001008
0.011422
0.001545
0.013303
0.001008
0.002284
0.000605
0.007525
0.002553
0.012900
0.002687
0.003695
0.000403
0.007189
0.000739
0.002284
0.001948
0.006114
0.001881
0.012295
0.004367
0.002419
0.000134
0.001209
0.002956
0.009406
0.000806
0.001814
0.001680
0.009070
0.001411
0.000470
0.009809
0.004166
0.001008
0.003158
0.004233
0.002083
0.000537
0.003964
0.005576
0.014042
0.000806
0.001747
0.001478
0.006517
0.002419
0.000806
0.007794
0.006248
0.000941
0.001142
0.000605
0.001209
0.002083
0.005778
0.001008
0.003762
0.008130
0.002150
0.000269
0.001277
0.006719
0.003023
0.003695
0.001075
0.001545
0.007525
0.000537
0.000873
0.002016
0.008667
0.000403
0.002016
0.011623
0.003359
0.000403
0.000873
0.006181
0.002956
0.001008
0.000672
0.005308
0.007659
0.005039
0.001478
0.003023
0.001277
0.001478
0.001948
0.008465
0.001075
0.001209
0.002083
0.008264
0.000605
0.006047
0.001277
0.002822
0.001142
0.002016
0.001008
0.002889
0.001277
0.001209
0.005644
0.008869
0.000806
0.001277
0.000202
0.001612
0.000873
0.004837
0.000873
0.002889
0.004367
0.001209
0.003023
0.001680
0.006181
0.000941
0.012698
0.001612
0.003628
0.000873
0.009406
0.001680
0.001478
0.001008
0.003023
0.001277
0.011019
0.000269
0.005039
0.001478
0.005106
0.000739
0.011959
0.004636
0.002217
0.000537
0.005711
0.000739
0.002822
0.003762
0.003091
0.001075
0.006248
0.006114
0.002217
0.000470
0.000739
0.001612
0.007592
0.003091
0.000739
0.002150
0.007122
0.000403
0.000336
0.005912
0.002083
0.000739
0.004569
0.005845
0.002217
0.000873
0.001612
0.002956
0.011489
0.000806
0.001277
0.002016
0.007794
0.000202
0.000806
0.006114
0.002352
0.000873
0.002150
