0.094464
0.000806
0.002822
0.003695
0.002284
0.002419
0.011220
0.003023
0.000739
0.002150
0.005039
0.001680
0.002217
0.002553
0.006786
0.011287
0.003561
0.001209
0.002419
0.004636
0.001680
0.001209
0.010817
0.005106
0.001142
0.004098
0.009272
0.001411
0.001814
0.001948
0.007659
0.012094
0.008533
0.000672
0.002217
0.004501
0.007592
0.001142
0.010884
0.001075
0.003426
0.003359
0.006114
0.000605
0.007928
0.001747
0.006316
0.000672
0.005241
0.001008
0.002150
0.002016
0.004031
0.001881
0.012833
0.002352
0.003964
0.002755
0.008398
0.000605
0.012698
0.002419
0.006047
0.001814
0.003292
0.001344
0.001142
0.003830
0.001612
0.009070
0.001142
0.003830
0.001411
0.004300
0.003426
0.000672
0.001008
0.005576
0.002083
0.007256
0.002284
0.002150
0.000806
0.003561
0.002687
0.010347
0.002352
0.002217
0.000806
0.004367
0.002956
0.000873
0.002553
0.003695
0.002352
0.010279
0.005173
0.002150
0.001344
0.001344
0.004166
0.011690
0.002486
0.001814
0.003359
0.003830
0.002284
0.000403
0.009003
0.003695
0.002956
0.002083
0.005509
0.002016
0.001411
0.002956
0.005576
0.005039
0.001142
0.001209
0.001814
0.005039
0.006786
0.000605
0.011489
0.003964
0.002553
0.000739
0.001478
0.001612
0.003830
0.005241
0.001075
0.005173
0.010279
0.001881
0.001209
0.000941
0.004166
0.002016
0.004905
0.001344
0.002284
0.005912
0.001008
0.003292
0.002755
0.005912
0.002150
0.002755
0.007861
0.002822
0.001814
0.001814
0.007861
0.001008
0.002352
0.001075
0.003158
0.007390
0.008734
0.000941
0.002755
0.001545
0.005106
0.003695
0.009473
0.001411
0.003897
0.000806
0.009608
0.001344
0.007659
0.001411
0.002620
0.002284
0.005576
0.001075
0.003426
0.001277
0.003494
0.004166
0.008465
0.001142
0.003359
0.000672
0.005039
0.000269
0.009406
0.001008
0.003494
0.004098
0.001881
0.002150
0.002486
0.006450
0.001344
0.007189
0.002553
0.002083
0.002150
0.008264
0.002620
0.000941
0.002284
0.001881
0.001478
0.007458
0.001209
0.003091
0.000672
0.002419
0.001747
0.006114
0.004367
0.001948
0.001277
0.003897
0.000739
0.000941
0.004636
0.001478
0.001277
0.005106
0.004300
0.001478
0.001881
0.000941
0.001680
0.008600
0.006047
0.000739
0.003292
0.002083
0.001411
0.000269
0.006181
0.001747
0.001277
0.004233
0.007323
0.001948
0.003158
0.001075
0.002553
0.004031
0.002553
0.001008
0.003494
0.007726
0.002217
0.000605
0.007726
0.002620
0.001344
0.001545
