0.085998
0.000739
0.002284
0.004233
0.002889
0.002419
0.012094
0.003628
0.000672
0.001545
0.003494
0.001142
0.002352
0.002755
0.003426
0.012765
0.004098
0.000605
0.002083
0.006651
0.001814
0.000739
0.009137
0.003897
0.001344
0.003964
0.005509
0.001277
0.001344
0.001344
0.007122
0.008331
0.008264
0.000806
0.002620
0.002956
0.007390
0.001209
0.010548
0.001142
0.002822
0.003561
0.005644
0.001075
0.009205
0.000941
0.003359
0.000873
0.007256
0.000537
0.002419
0.002620
0.005375
0.001411
0.010347
0.003091
0.003225
0.000806
0.006584
0.000941
0.011489
0.001747
0.004703
0.001277
0.004636
0.001209
0.000941
0.007995
0.001747
0.009406
0.001545
0.007458
0.001008
0.005106
0.003762
0.001545
0.001142
0.004770
0.001209
0.014311
0.002419
0.002217
0.000202
0.004770
0.002755
0.010683
0.001680
0.005241
0.001209
0.004031
0.000873
0.002217
0.003494
0.003158
0.002217
0.014311
0.006181
0.001747
0.000605
0.001948
0.005442
0.010750
0.002822
0.002217
0.003762
0.003292
0.001612
0.000941
0.011623
0.002419
0.001680
0.001814
0.008533
0.002419
0.001075
0.004233
0.008801
0.013639
0.001411
0.001612
0.001747
0.004569
0.004905
0.000672
0.012429
0.005039
0.001411
0.001075
0.000605
0.000470
0.004501
0.006853
0.001478
0.003830
0.008600
0.001209
0.001142
0.000202
0.003359
0.001814
0.004703
0.000941
0.001747
0.006987
0.002016
0.001142
0.002083
0.007794
0.000806
0.001209
0.007256
0.002083
0.002150
0.001277
0.007189
0.001747
0.002687
0.001411
0.001881
0.004770
0.007458
0.000806
0.002419
0.000605
0.002486
0.001478
0.009137
0.001142
0.004300
0.001209
0.008734
0.001209
0.007659
0.000672
0.002822
0.001814
0.004031
0.000202
0.003091
0.000269
0.003628
0.003830
0.006316
0.001411
0.003628
0.000470
0.004636
0.000672
0.009339
0.001344
0.001545
0.004972
0.002419
0.001277
0.001344
0.009473
0.001209
0.006114
0.002217
0.004233
0.001881
0.008331
0.001411
0.002553
0.002419
0.003762
0.000873
0.009070
0.000941
0.002217
0.000605
0.003830
0.001545
0.006853
0.004501
0.002486
0.001344
0.002620
0.000873
0.003023
0.004569
0.002150
0.001075
0.008331
0.005576
0.001411
0.000403
0.001075
0.003158
0.006651
0.005106
0.000941
0.005106
0.002687
0.000941
0.001411
0.009272
0.001747
0.001478
0.003695
0.007055
0.001948
0.001008
0.000941
0.003897
0.007592
0.002083
0.000873
0.003762
0.005845
0.001747
0.001948
0.010615
0.002217
0.001008
0.002352
