0.091575
0.000739
0.002284
0.004233
0.003494
0.001612
0.010414
0.004703
0.001075
0.001948
0.003628
0.003359
0.003830
0.002083
0.005106
0.010414
0.004166
0.001075
0.002755
0.006786
0.001881
0.002284
0.011086
0.005509
0.001411
0.003426
0.007458
0.003964
0.001075
0.001612
0.005509
0.011489
0.005711
0.001209
0.002150
0.003830
0.007794
0.001142
0.010884
0.001948
0.002150
0.004031
0.005980
0.001680
0.010078
0.001344
0.008600
0.001478
0.005711
0.001478
0.003830
0.002889
0.003359
0.003762
0.011422
0.002755
0.003091
0.002755
0.004636
0.003091
0.008130
0.003762
0.002687
0.002687
0.002822
0.002150
0.000873
0.005509
0.001747
0.003628
0.001814
0.005912
0.000739
0.004434
0.004031
0.003091
0.002016
0.003628
0.001881
0.006651
0.002016
0.001209
0.001411
0.004233
0.002889
0.008667
0.003494
0.004434
0.000873
0.001881
0.002553
0.003292
0.003426
0.003695
0.003628
0.009876
0.003964
0.001948
0.001344
0.002217
0.003964
0.008062
0.002755
0.003762
0.001948
0.003359
0.002620
0.002553
0.010548
0.001545
0.004166
0.002284
0.006450
0.001612
0.001680
0.003494
0.005106
0.007659
0.001948
0.002352
0.002687
0.003762
0.004031
0.002486
0.004972
0.003695
0.001209
0.001411
0.001814
0.001075
0.003830
0.006719
0.001411
0.004367
0.006651
0.004166
0.001411
0.001814
0.005711
0.004367
0.004031
0.001142
0.003023
0.007256
0.002755
0.001747
0.003695
0.006047
0.001411
0.001948
0.005039
0.004233
0.002352
0.001075
0.007928
0.003830
0.001680
0.001209
0.003964
0.007592
0.007592
0.000941
0.003964
0.002016
0.004300
0.001814
0.006584
0.002150
0.002687
0.002016
0.009272
0.001277
0.007592
0.001545
0.004569
0.002419
0.006920
0.001142
0.004501
0.001008
0.002016
0.005039
0.005778
0.002889
0.004434
0.001411
0.004367
0.001612
0.005644
0.001344
0.002956
0.005106
0.002150
0.002889
0.001612
0.008667
0.001277
0.002889
0.002352
0.004636
0.001277
0.008600
0.002352
0.002150
0.001814
0.001545
0.001747
0.005509
0.001075
0.002620
0.001478
0.002486
0.000941
0.004031
0.004636
0.002956
0.001747
0.002083
0.001411
0.001814
0.004569
0.001814
0.002217
0.005711
0.004703
0.002956
0.001344
0.001075
0.002486
0.004367
0.004703
0.002553
0.002486
0.004233
0.001680
0.001881
0.005778
0.001209
0.001545
0.004367
0.009540
0.001747
0.002150
0.001277
0.003292
0.004300
0.002620
0.001612
0.002553
0.006248
0.001478
0.001948
0.004770
0.002150
0.001545
0.002016
