0.084856
0.001545
0.003695
0.007256
0.001612
0.001881
0.014042
0.006987
0.000941
0.002352
0.008600
0.004233
0.002083
0.002016
0.004434
0.010683
0.002553
0.001411
0.002553
0.008465
0.001075
0.002150
0.012833
0.009137
0.000941
0.003695
0.005576
0.003695
0.001008
0.001948
0.007928
0.010414
0.005106
0.002217
0.002083
0.002822
0.003158
0.001411
0.011086
0.001814
0.002217
0.003762
0.006114
0.001209
0.005845
0.001545
0.006047
0.001209
0.002687
0.001008
0.002755
0.002284
0.002150
0.004098
0.012362
0.002352
0.002284
0.002620
0.002889
0.001209
0.009205
0.004098
0.005106
0.002419
0.004031
0.001478
0.001277
0.008264
0.001680
0.010212
0.001008
0.010615
0.001612
0.006517
0.004098
0.003830
0.001612
0.003964
0.001344
0.007390
0.001209
0.002016
0.000672
0.006248
0.001814
0.009406
0.002217
0.005980
0.001209
0.004031
0.001612
0.004434
0.002956
0.004905
0.002217
0.010683
0.003695
0.003158
0.000672
0.001881
0.002553
0.011623
0.001612
0.002889
0.002217
0.004031
0.001344
0.001075
0.010279
0.002687
0.001814
0.001680
0.003628
0.001277
0.001075
0.003830
0.003426
0.005308
0.001075
0.002083
0.002419
0.005644
0.002687
0.002352
0.007256
0.004233
0.001277
0.001344
0.000806
0.001209
0.004501
0.008062
0.001747
0.003494
0.007861
0.004501
0.000941
0.001277
0.006248
0.005711
0.002889
0.001881
0.001142
0.007861
0.000941
0.002083
0.003359
0.008533
0.001075
0.003359
0.010750
0.005576
0.000806
0.002352
0.007794
0.004972
0.001814
0.001411
0.004098
0.008398
0.006786
0.001680
0.003091
0.001344
0.003023
0.001881
0.006584
0.001277
0.001545
0.001277
0.008801
0.001747
0.004166
0.002284
0.001948
0.001478
0.002687
0.001411
0.003359
0.000806
0.001881
0.005509
0.006316
0.001612
0.001478
0.001008
0.003426
0.001545
0.004636
0.002620
0.001814
0.004166
0.002352
0.001680
0.001277
0.008062
0.001747
0.006316
0.001948
0.006047
0.002352
0.008331
0.001209
0.005576
0.000672
0.002956
0.000605
0.006719
0.000672
0.003158
0.001277
0.005711
0.001680
0.007189
0.004233
0.004636
0.001209
0.003628
0.000873
0.005509
0.004300
0.002419
0.001411
0.007256
0.004434
0.002016
0.001277
0.000672
0.003225
0.005241
0.003830
0.002083
0.002083
0.003426
0.000403
0.001612
0.004636
0.002150
0.001075
0.003830
0.005912
0.001881
0.000873
0.001680
0.001948
0.005173
0.001411
0.001747
0.002016
0.006786
0.000336
0.002150
0.005173
0.002284
0.000941
0.001612
