0.084655
0.001142
0.003023
0.005778
0.002755
0.001277
0.009809
0.004636
0.001142
0.001612
0.004703
0.002352
0.002217
0.002352
0.005308
0.011892
0.004233
0.002150
0.002352
0.006786
0.002083
0.001344
0.007189
0.006584
0.001478
0.003292
0.005644
0.002486
0.000873
0.002016
0.006651
0.009473
0.004636
0.001747
0.002284
0.005106
0.002755
0.001142
0.006383
0.001747
0.003158
0.004367
0.005442
0.001814
0.007122
0.001612
0.006383
0.001277
0.003225
0.001881
0.002016
0.002217
0.003897
0.001948
0.010817
0.004434
0.001747
0.002217
0.003964
0.001411
0.010011
0.003695
0.003628
0.003494
0.004031
0.002822
0.002217
0.006181
0.001277
0.008197
0.001881
0.004972
0.002822
0.005711
0.003964
0.001881
0.002217
0.004233
0.002083
0.008465
0.002419
0.003292
0.001747
0.005173
0.002889
0.009205
0.003494
0.004434
0.001209
0.004501
0.002284
0.002016
0.002284
0.004434
0.003091
0.010548
0.004367
0.002553
0.001075
0.002217
0.003158
0.012161
0.002755
0.002486
0.003964
0.005375
0.002016
0.001680
0.008331
0.003225
0.003561
0.003426
0.004972
0.002083
0.001612
0.005173
0.005375
0.005442
0.001747
0.001881
0.002217
0.004300
0.004636
0.001948
0.005912
0.005039
0.002083
0.002150
0.001948
0.000739
0.002486
0.005576
0.001344
0.004098
0.008264
0.002620
0.001344
0.000672
0.003158
0.002687
0.003695
0.002687
0.002419
0.008465
0.001747
0.002083
0.002419
0.006517
0.001814
0.001612
0.008130
0.003695
0.001948
0.002755
0.006987
0.002016
0.002217
0.001881
0.004233
0.010078
0.006316
0.001344
0.002956
0.001747
0.002889
0.002217
0.005173
0.002083
0.003023
0.002150
0.008869
0.002083
0.005039
0.002083
0.002755
0.002083
0.002083
0.001881
0.002150
0.000672
0.003359
0.005106
0.005912
0.002486
0.002016
0.001545
0.002553
0.000873
0.006517
0.002083
0.002284
0.006450
0.002016
0.002284
0.002687
0.007055
0.001680
0.006248
0.003292
0.003628
0.001948
0.008465
0.002083
0.002150
0.002687
0.003830
0.002016
0.009003
0.001008
0.002620
0.001209
0.003762
0.002284
0.007323
0.005039
0.002217
0.001209
0.002956
0.000806
0.002016
0.004905
0.003897
0.002352
0.008869
0.005173
0.002016
0.001344
0.000941
0.002620
0.005308
0.004367
0.001814
0.003023
0.001612
0.001881
0.001411
0.006450
0.003426
0.002284
0.005241
0.004972
0.002016
0.002755
0.002486
0.004972
0.006383
0.002284
0.001814
0.001075
0.005644
0.002284
0.001881
0.005845
0.003964
0.001478
0.002822
