0.098293
0.001881
0.002822
0.002419
0.002419
0.001948
0.008533
0.002150
0.001545
0.003158
0.002956
0.001142
0.002083
0.002822
0.004233
0.008869
0.003494
0.001948
0.002822
0.005576
0.001344
0.001344
0.004905
0.003225
0.001209
0.004434
0.003897
0.001344
0.002016
0.001814
0.003292
0.005644
0.005308
0.002150
0.001948
0.004031
0.004233
0.001948
0.006047
0.001881
0.002016
0.004166
0.004905
0.001478
0.008465
0.002755
0.003628
0.001612
0.004569
0.001948
0.003359
0.002150
0.004905
0.002889
0.009876
0.001948
0.002419
0.003091
0.002284
0.000941
0.013169
0.003762
0.003830
0.002150
0.005375
0.003762
0.001478
0.005509
0.002284
0.007390
0.001478
0.002016
0.002486
0.006450
0.004905
0.002016
0.001747
0.006651
0.001478
0.005442
0.001478
0.004300
0.001612
0.003292
0.003225
0.011153
0.001680
0.002284
0.002486
0.004367
0.001881
0.001948
0.003762
0.005711
0.002352
0.009205
0.005912
0.004703
0.001209
0.002352
0.003830
0.011086
0.002620
0.002822
0.003494
0.005173
0.001545
0.001209
0.011892
0.006719
0.002150
0.002150
0.005778
0.003359
0.002016
0.004367
0.006316
0.007592
0.001209
0.002822
0.002486
0.007055
0.002486
0.002150
0.012161
0.007525
0.001411
0.001344
0.001075
0.001612
0.003023
0.003897
0.001948
0.004636
0.004770
0.001277
0.001344
0.001075
0.002217
0.001008
0.004636
0.002889
0.002352
0.005845
0.000941
0.002889
0.001747
0.007861
0.001478
0.002083
0.003695
0.003091
0.001948
0.001612
0.005778
0.001545
0.001680
0.002016
0.003359
0.003695
0.007726
0.003494
0.002822
0.001680
0.002419
0.003494
0.003830
0.001411
0.002687
0.001881
0.008801
0.001680
0.005442
0.001881
0.003359
0.003158
0.003091
0.001881
0.001948
0.000941
0.002889
0.004031
0.005711
0.001612
0.002217
0.001612
0.003091
0.000739
0.007794
0.003023
0.003023
0.004434
0.002956
0.004098
0.002822
0.006383
0.001948
0.005039
0.001881
0.002150
0.002687
0.009809
0.001814
0.002352
0.002822
0.004972
0.001545
0.003964
0.000739
0.004905
0.000672
0.003695
0.002217
0.006853
0.004972
0.001612
0.001277
0.004031
0.000873
0.002284
0.005912
0.004098
0.001747
0.005980
0.006853
0.003695
0.001747
0.001344
0.002284
0.008398
0.004031
0.001814
0.003695
0.005778
0.001075
0.001881
0.007592
0.005106
0.002016
0.004703
0.006517
0.003225
0.001814
0.001948
0.003830
0.007055
0.001478
0.002284
0.002889
0.006786
0.001814
0.002687
0.009205
0.004098
0.002352
0.002486
