0.065708
0.001411
0.004703
0.002889
0.004636
0.001948
0.007726
0.002956
0.003023
0.001814
0.007726
0.002083
0.005039
0.001545
0.004636
0.006584
0.005778
0.001277
0.002956
0.003762
0.003695
0.001478
0.007256
0.002687
0.003158
0.002822
0.008734
0.001478
0.003292
0.001612
0.006181
0.004367
0.009070
0.002016
0.004703
0.004703
0.005308
0.000806
0.006651
0.002083
0.002956
0.003426
0.008869
0.002284
0.006786
0.001545
0.006450
0.001680
0.006719
0.002083
0.004569
0.002016
0.005980
0.002217
0.009675
0.003628
0.004098
0.001075
0.004905
0.002083
0.008734
0.002150
0.005106
0.003830
0.005711
0.001478
0.003494
0.004300
0.003695
0.002284
0.001814
0.002419
0.001948
0.003225
0.006584
0.002016
0.003628
0.002150
0.002956
0.003426
0.003695
0.001075
0.003628
0.002284
0.005912
0.005039
0.005845
0.001881
0.002755
0.001478
0.005509
0.001411
0.004031
0.001545
0.006114
0.005711
0.004501
0.002553
0.003091
0.001948
0.005173
0.004905
0.002620
0.001881
0.002956
0.002419
0.005509
0.001545
0.009070
0.001747
0.004098
0.002217
0.009608
0.002083
0.002352
0.002822
0.006517
0.002889
0.003091
0.001948
0.003964
0.002889
0.004905
0.001344
0.006047
0.002150
0.003292
0.002284
0.002016
0.000806
0.004098
0.003494
0.003292
0.003023
0.006987
0.001411
0.002956
0.001545
0.005442
0.002486
0.007055
0.002016
0.003292
0.004098
0.003023
0.001075
0.003292
0.005173
0.003426
0.001478
0.007995
0.002687
0.004300
0.000806
0.009003
0.001881
0.005644
0.001075
0.004367
0.003561
0.010212
0.001344
0.005711
0.001881
0.004300
0.001344
0.007256
0.001545
0.004703
0.001478
0.011556
0.002352
0.008331
0.001277
0.003695
0.003292
0.005375
0.000470
0.004434
0.001680
0.003964
0.003964
0.007323
0.002822
0.004300
0.001142
0.004770
0.001411
0.008801
0.002419
0.004166
0.004837
0.002083
0.001142
0.003292
0.006719
0.002553
0.001948
0.004300
0.001680
0.003023
0.006248
0.004300
0.001142
0.004233
0.002217
0.003426
0.002687
0.002284
0.001008
0.002486
0.001344
0.003359
0.002486
0.008801
0.002284
0.002016
0.001478
0.002016
0.001814
0.006719
0.002016
0.004166
0.004434
0.004098
0.002150
0.002620
0.001747
0.003292
0.002486
0.006450
0.001478
0.003225
0.001814
0.002822
0.001881
0.008398
0.001680
0.003762
0.004031
0.008465
0.000806
0.003628
0.001075
0.004166
0.002687
0.005241
0.002016
0.005442
0.005442
0.002889
0.001142
0.005375
0.002822
0.002553
0.003023
