0.091440
0.000269
0.003292
0.005644
0.001075
0.002486
0.012900
0.005912
0.000941
0.001277
0.005442
0.003964
0.001277
0.001680
0.007525
0.012429
0.003695
0.001209
0.002755
0.005644
0.001277
0.001209
0.009944
0.011556
0.001008
0.003091
0.007189
0.002150
0.001008
0.001545
0.007323
0.015722
0.003426
0.000672
0.003091
0.005173
0.002755
0.001209
0.010481
0.001478
0.001075
0.003158
0.007525
0.001478
0.005173
0.001075
0.009137
0.001545
0.002889
0.001008
0.002889
0.001344
0.003762
0.001948
0.013236
0.001948
0.000806
0.001008
0.006719
0.000873
0.009406
0.001948
0.004300
0.002217
0.003023
0.001545
0.001612
0.007122
0.000873
0.008264
0.001680
0.007726
0.000672
0.005778
0.003897
0.003695
0.000941
0.005912
0.002553
0.014647
0.001411
0.002352
0.001008
0.004972
0.003426
0.011690
0.002217
0.005039
0.000403
0.004569
0.002150
0.004098
0.001612
0.004098
0.003628
0.014042
0.003359
0.001612
0.000806
0.001277
0.001680
0.011556
0.002352
0.001881
0.001411
0.002889
0.001612
0.000739
0.008533
0.003426
0.003292
0.001948
0.005173
0.001545
0.001612
0.002822
0.006316
0.007189
0.002016
0.001478
0.000941
0.004837
0.003158
0.001277
0.010414
0.003561
0.001814
0.001008
0.000403
0.000739
0.003091
0.007726
0.001209
0.003762
0.008533
0.003964
0.000269
0.000470
0.004972
0.004972
0.004166
0.001008
0.002822
0.007861
0.001209
0.000672
0.003561
0.008264
0.000873
0.001344
0.009406
0.004166
0.001545
0.001814
0.007458
0.002956
0.002486
0.001008
0.003292
0.008130
0.006450
0.001411
0.002687
0.002620
0.001142
0.001277
0.008264
0.001344
0.001814
0.001680
0.008533
0.002822
0.005241
0.001008
0.003762
0.001478
0.002016
0.000605
0.005375
0.000941
0.001545
0.003561
0.008667
0.001008
0.001814
0.000739
0.006114
0.000941
0.004770
0.001142
0.002620
0.004098
0.000873
0.001478
0.001478
0.008465
0.001344
0.006248
0.003023
0.006517
0.000941
0.008936
0.001747
0.003762
0.001411
0.002822
0.001478
0.008667
0.000739
0.003158
0.001680
0.006786
0.001075
0.006383
0.004837
0.003158
0.000739
0.002755
0.000941
0.004636
0.003494
0.002620
0.001411
0.008869
0.005039
0.002352
0.000941
0.000806
0.001277
0.007055
0.004770
0.001478
0.003091
0.002755
0.001344
0.001008
0.005711
0.001277
0.001680
0.002956
0.006114
0.002217
0.001881
0.001008
0.003091
0.005039
0.002620
0.001478
0.000941
0.005106
0.001747
0.001209
0.005173
0.002486
0.001814
0.001612
