0.090500
0.002217
0.003091
0.003561
0.001814
0.002755
0.012094
0.003695
0.000672
0.003561
0.005039
0.003964
0.001142
0.002956
0.005980
0.011959
0.003494
0.002889
0.002553
0.005106
0.001277
0.001411
0.010951
0.006248
0.001411
0.004569
0.006114
0.003091
0.002150
0.002687
0.005173
0.008264
0.004569
0.002755
0.003561
0.004300
0.002352
0.001545
0.008398
0.001478
0.001948
0.003695
0.007189
0.001948
0.005509
0.002553
0.006450
0.001747
0.002016
0.001612
0.003762
0.001747
0.002217
0.003561
0.012967
0.002687
0.001612
0.002889
0.003628
0.001344
0.007458
0.003964
0.005509
0.002352
0.004703
0.003023
0.001814
0.006047
0.001209
0.009339
0.001545
0.004703
0.001142
0.007525
0.003830
0.002956
0.001478
0.004166
0.002083
0.008801
0.001545
0.003023
0.002217
0.003426
0.003225
0.010750
0.003426
0.005039
0.000806
0.006047
0.002217
0.002822
0.002889
0.004233
0.002083
0.010683
0.002419
0.002889
0.001478
0.002284
0.002016
0.010951
0.001814
0.003426
0.001612
0.003762
0.002150
0.002083
0.007390
0.003561
0.002956
0.002284
0.002755
0.002419
0.001747
0.004166
0.003023
0.004636
0.002150
0.002486
0.000873
0.006651
0.003023
0.002419
0.004770
0.004905
0.002553
0.002284
0.001478
0.002016
0.003359
0.005509
0.001680
0.006047
0.007256
0.002486
0.000941
0.002150
0.003695
0.003830
0.003897
0.002419
0.002687
0.006853
0.002217
0.002822
0.002687
0.007390
0.001411
0.003628
0.006114
0.005173
0.001814
0.002889
0.006719
0.002284
0.002553
0.002419
0.004636
0.005375
0.006316
0.002687
0.003897
0.002352
0.001881
0.002486
0.006517
0.001948
0.001209
0.002016
0.009205
0.002083
0.004501
0.001814
0.005039
0.003023
0.001344
0.000941
0.003628
0.001344
0.001344
0.004501
0.006853
0.002150
0.001814
0.001142
0.003426
0.001075
0.005106
0.003023
0.002620
0.003292
0.002217
0.003494
0.002687
0.008600
0.001075
0.007055
0.002956
0.004367
0.001948
0.009608
0.002553
0.003628
0.001948
0.004300
0.001478
0.004770
0.001814
0.004837
0.001277
0.002553
0.002553
0.007256
0.004031
0.003158
0.000672
0.003897
0.001344
0.003695
0.004770
0.005106
0.002083
0.006584
0.003964
0.002217
0.001881
0.001209
0.001612
0.007659
0.003225
0.002352
0.001814
0.003561
0.000739
0.001612
0.003897
0.002822
0.002822
0.004098
0.003561
0.003225
0.001814
0.001948
0.001747
0.004367
0.001747
0.002620
0.001075
0.007390
0.001209
0.003091
0.003359
0.003561
0.001478
0.002553
