0.096479
0.001209
0.002419
0.002755
0.003359
0.002083
0.008734
0.002150
0.000739
0.001344
0.003426
0.000873
0.002822
0.002620
0.002352
0.011690
0.002956
0.001478
0.000941
0.003426
0.001881
0.001747
0.008801
0.005308
0.001814
0.003292
0.002755
0.000806
0.001881
0.002687
0.005106
0.007189
0.006651
0.002016
0.002083
0.004501
0.006517
0.001881
0.008331
0.001612
0.002889
0.004434
0.003225
0.001075
0.012967
0.001881
0.003762
0.001344
0.004434
0.001008
0.001612
0.001612
0.005039
0.003023
0.012228
0.003964
0.003225
0.001747
0.002352
0.001277
0.013437
0.003695
0.003225
0.001747
0.004770
0.003762
0.001344
0.005509
0.001680
0.007458
0.000873
0.004098
0.002016
0.005576
0.003292
0.001344
0.001612
0.006248
0.001478
0.007256
0.002419
0.002016
0.000806
0.002620
0.003964
0.014579
0.003225
0.004636
0.001948
0.002755
0.001277
0.001277
0.002755
0.005509
0.002217
0.012564
0.005778
0.003158
0.000873
0.002016
0.004434
0.012094
0.001680
0.002217
0.003023
0.006987
0.001209
0.001008
0.014579
0.004703
0.001612
0.002889
0.005711
0.002217
0.001344
0.003561
0.007055
0.011556
0.001411
0.002016
0.002486
0.005173
0.003359
0.001478
0.014109
0.008667
0.000739
0.001008
0.001008
0.001008
0.001612
0.004233
0.002687
0.003292
0.004703
0.001277
0.001142
0.000941
0.001881
0.001612
0.003695
0.001344
0.001277
0.005711
0.002217
0.001545
0.001680
0.007055
0.001680
0.002419
0.005375
0.002822
0.002217
0.001075
0.004770
0.001680
0.002486
0.001747
0.003225
0.004905
0.008264
0.003359
0.002822
0.002150
0.004031
0.002150
0.006584
0.001545
0.003830
0.002217
0.007256
0.002755
0.007928
0.001814
0.002486
0.002486
0.003494
0.000806
0.001881
0.000605
0.003964
0.005173
0.005980
0.001545
0.003830
0.000605
0.001814
0.001277
0.008533
0.002150
0.002553
0.004837
0.002889
0.003359
0.001612
0.007122
0.002620
0.005039
0.001075
0.002083
0.001948
0.009944
0.000806
0.002889
0.003091
0.004098
0.000941
0.004636
0.001344
0.001680
0.000806
0.002486
0.001814
0.008533
0.004233
0.002822
0.001612
0.002083
0.000739
0.002150
0.005442
0.004300
0.001008
0.006987
0.005576
0.004098
0.000537
0.001612
0.003695
0.008197
0.003158
0.000941
0.004233
0.006987
0.000336
0.001075
0.007794
0.003023
0.001545
0.003695
0.007055
0.002016
0.001478
0.001344
0.005039
0.008734
0.001747
0.001411
0.002755
0.007122
0.001008
0.001277
0.008734
0.003897
0.001612
0.002083
