0.080153
0.001478
0.002956
0.004837
0.002217
0.001344
0.013303
0.004098
0.001881
0.001612
0.003426
0.002553
0.002486
0.003023
0.005173
0.013639
0.004300
0.001881
0.003023
0.006450
0.001814
0.001881
0.008600
0.007256
0.002687
0.003561
0.004569
0.002150
0.001881
0.001344
0.006517
0.011489
0.003292
0.001814
0.004098
0.006450
0.001478
0.001008
0.010817
0.003023
0.001612
0.004098
0.005442
0.002822
0.006383
0.001881
0.006316
0.002553
0.002352
0.001075
0.003023
0.003225
0.001881
0.002956
0.012429
0.004031
0.002016
0.002352
0.002822
0.002150
0.009944
0.003695
0.004905
0.003359
0.004233
0.002486
0.003494
0.006517
0.000873
0.007055
0.001881
0.005442
0.002016
0.004569
0.003897
0.002553
0.001478
0.004166
0.003091
0.010884
0.001545
0.002217
0.003023
0.002687
0.003225
0.010078
0.002553
0.004098
0.000941
0.002083
0.001747
0.004031
0.003158
0.003561
0.004166
0.014311
0.002284
0.002284
0.001881
0.002687
0.002419
0.009944
0.002083
0.002553
0.001814
0.003494
0.002486
0.001948
0.012228
0.002755
0.003158
0.002016
0.003091
0.001680
0.003091
0.004367
0.003158
0.006786
0.002150
0.002352
0.001680
0.003762
0.004300
0.003426
0.005576
0.004367
0.002150
0.002822
0.001209
0.001344
0.002956
0.007256
0.002150
0.004972
0.007390
0.001948
0.001209
0.001142
0.001814
0.003695
0.005308
0.001344
0.003695
0.008533
0.001478
0.002687
0.002553
0.005644
0.002217
0.002687
0.005173
0.003964
0.002956
0.002016
0.006248
0.002352
0.002620
0.002150
0.004837
0.006920
0.005173
0.002284
0.003225
0.003158
0.002016
0.001747
0.007525
0.002956
0.001478
0.001881
0.008264
0.002822
0.004434
0.001680
0.004569
0.004501
0.001814
0.001008
0.004166
0.001881
0.001814
0.004501
0.007055
0.003359
0.001142
0.000873
0.002956
0.001814
0.005644
0.002419
0.003628
0.006316
0.001411
0.002822
0.003561
0.008398
0.001478
0.004703
0.003561
0.003158
0.002553
0.006450
0.003091
0.002486
0.002284
0.001747
0.003762
0.005711
0.000941
0.002553
0.002083
0.003023
0.002083
0.006316
0.004569
0.004098
0.000941
0.002352
0.001612
0.003023
0.004636
0.002620
0.002755
0.008869
0.003023
0.001545
0.001142
0.002755
0.001814
0.006316
0.004367
0.002150
0.001747
0.002486
0.001612
0.001411
0.005308
0.001612
0.002755
0.004300
0.006316
0.000941
0.002889
0.002352
0.001411
0.003494
0.003494
0.003091
0.001008
0.004367
0.001612
0.003225
0.003426
0.002419
0.002956
0.004703
