0.083311
0.002150
0.003628
0.004636
0.002822
0.002755
0.008264
0.004905
0.001411
0.001948
0.003830
0.002419
0.002620
0.002486
0.003964
0.011556
0.005173
0.001478
0.003225
0.008667
0.001478
0.001612
0.006584
0.003830
0.001344
0.003292
0.004703
0.001680
0.002083
0.003494
0.004770
0.007995
0.004098
0.001142
0.003426
0.005039
0.004501
0.001411
0.005442
0.002956
0.002352
0.003628
0.006853
0.001344
0.005576
0.001814
0.004770
0.002620
0.004031
0.001478
0.003426
0.003830
0.003225
0.002822
0.009809
0.004434
0.001948
0.002956
0.003695
0.001948
0.010347
0.002889
0.005308
0.002822
0.003695
0.003091
0.002889
0.006651
0.002687
0.006248
0.002419
0.004703
0.001344
0.005039
0.005308
0.002083
0.002352
0.004098
0.002352
0.009540
0.002956
0.002687
0.001680
0.006450
0.002620
0.011758
0.003359
0.003023
0.001881
0.002956
0.002352
0.002016
0.002486
0.004636
0.003762
0.009070
0.003695
0.002956
0.002150
0.003830
0.004233
0.008398
0.002822
0.003426
0.001545
0.002822
0.002419
0.000941
0.008130
0.002620
0.001948
0.005778
0.004300
0.002284
0.001680
0.008869
0.003830
0.006181
0.002687
0.002687
0.002284
0.004434
0.004031
0.002150
0.006316
0.004434
0.002217
0.003225
0.001814
0.001478
0.003964
0.005039
0.001411
0.004501
0.004770
0.002150
0.001545
0.000739
0.003023
0.002620
0.005576
0.001545
0.003830
0.009205
0.002352
0.002217
0.002687
0.008398
0.001478
0.001948
0.005980
0.002486
0.001411
0.001881
0.005106
0.001948
0.004501
0.002016
0.003695
0.007525
0.005039
0.001612
0.004031
0.003023
0.001814
0.002620
0.005241
0.002150
0.003158
0.001545
0.008130
0.002822
0.007122
0.001881
0.003762
0.004098
0.001814
0.000873
0.002822
0.001948
0.001612
0.005106
0.005576
0.002150
0.002419
0.001209
0.002889
0.001814
0.005308
0.002486
0.003897
0.006181
0.002822
0.002083
0.003561
0.005576
0.001277
0.005711
0.003091
0.002284
0.002620
0.007794
0.002284
0.002822
0.003964
0.002150
0.002016
0.009137
0.001277
0.003158
0.001142
0.003897
0.001277
0.005845
0.005308
0.001545
0.002352
0.002956
0.001344
0.002956
0.004972
0.003225
0.002553
0.007458
0.003561
0.001545
0.002217
0.001881
0.002217
0.004434
0.003964
0.002016
0.002217
0.001612
0.001814
0.001478
0.006248
0.001612
0.001142
0.008734
0.004905
0.001344
0.002016
0.004703
0.001411
0.005644
0.002486
0.002352
0.003158
0.006047
0.002352
0.003628
0.005711
0.002352
0.002217
0.003964
