0.088350
0.000470
0.003359
0.005308
0.001612
0.001142
0.012295
0.007861
0.000537
0.001277
0.005845
0.003091
0.001814
0.001344
0.005039
0.013236
0.002822
0.000739
0.003292
0.007861
0.001747
0.000806
0.016797
0.008331
0.000806
0.003426
0.006450
0.002889
0.000873
0.001142
0.008869
0.012967
0.004972
0.000470
0.004300
0.003359
0.005644
0.000672
0.016797
0.002620
0.001478
0.003091
0.006786
0.001747
0.009272
0.000806
0.008062
0.001277
0.004300
0.000403
0.004031
0.001814
0.003359
0.001612
0.017200
0.002352
0.002822
0.001075
0.004636
0.000806
0.011086
0.003830
0.004636
0.002553
0.002956
0.001209
0.002083
0.006719
0.000739
0.007726
0.001075
0.010414
0.000336
0.003426
0.004098
0.003225
0.000672
0.003494
0.001545
0.011690
0.001142
0.002217
0.000403
0.006383
0.001814
0.009675
0.002083
0.005375
0.000873
0.002889
0.001075
0.003897
0.002150
0.002687
0.002419
0.011959
0.003292
0.001881
0.000806
0.001411
0.003695
0.009070
0.002419
0.003359
0.002486
0.003359
0.001277
0.000672
0.011489
0.002217
0.002083
0.002284
0.004166
0.000470
0.001680
0.002755
0.005509
0.008600
0.000873
0.001814
0.002150
0.004972
0.002419
0.001478
0.008869
0.006181
0.000941
0.002016
0.000336
0.000269
0.005241
0.006383
0.000806
0.003762
0.006920
0.004434
0.000672
0.000403
0.005778
0.003762
0.002755
0.000873
0.003158
0.009205
0.001142
0.001545
0.002083
0.006383
0.001075
0.001411
0.008398
0.003426
0.000739
0.001478
0.007794
0.003830
0.001814
0.000941
0.004367
0.010212
0.007458
0.000470
0.004905
0.001747
0.002755
0.001142
0.008667
0.001142
0.001747
0.000672
0.010078
0.001814
0.006383
0.001209
0.006853
0.002150
0.002620
0.000605
0.005375
0.001008
0.002956
0.003695
0.007390
0.001747
0.003091
0.000739
0.007525
0.001277
0.006584
0.001142
0.003561
0.003426
0.001680
0.001545
0.002083
0.008130
0.000941
0.004770
0.002486
0.003897
0.000739
0.007928
0.002956
0.002956
0.001478
0.001881
0.001680
0.008667
0.000873
0.002352
0.001008
0.005644
0.000873
0.005912
0.003628
0.003225
0.000806
0.002284
0.000941
0.006786
0.003897
0.001411
0.000941
0.007323
0.004837
0.002419
0.000739
0.000537
0.001478
0.005980
0.002687
0.001747
0.002016
0.003762
0.000403
0.000672
0.005912
0.001545
0.001277
0.004031
0.005308
0.001008
0.000739
0.000873
0.002486
0.004703
0.001209
0.001142
0.002083
0.006651
0.000873
0.001814
0.005173
0.002217
0.001277
0.001948
