0.085662
0.000605
0.001814
0.004569
0.001680
0.002352
0.010279
0.005106
0.000605
0.001881
0.002687
0.002016
0.001008
0.002822
0.003023
0.011690
0.002687
0.001680
0.000873
0.006181
0.000873
0.000941
0.005241
0.005509
0.000806
0.004837
0.007055
0.002352
0.001142
0.001478
0.003225
0.009137
0.006584
0.001545
0.001344
0.004031
0.006719
0.001344
0.011354
0.001814
0.002150
0.003762
0.004703
0.001075
0.012564
0.000941
0.005308
0.001545
0.005442
0.000672
0.002083
0.002352
0.004703
0.002083
0.007525
0.002284
0.002352
0.002016
0.003897
0.000672
0.010212
0.003762
0.005106
0.001277
0.004098
0.001747
0.000873
0.005375
0.001142
0.010750
0.000672
0.006383
0.000806
0.007659
0.003830
0.001478
0.001008
0.004300
0.001075
0.009540
0.001344
0.001277
0.000941
0.004300
0.002620
0.010347
0.001478
0.003426
0.000672
0.005845
0.001612
0.002016
0.003158
0.004233
0.001612
0.012026
0.008331
0.004098
0.000941
0.001948
0.005308
0.012497
0.002553
0.002755
0.004434
0.006987
0.001142
0.001008
0.013169
0.004837
0.001948
0.002419
0.005576
0.001814
0.001344
0.004501
0.008465
0.010279
0.001478
0.001680
0.002150
0.006450
0.005039
0.001612
0.015789
0.008801
0.001612
0.001142
0.000672
0.000806
0.003023
0.004098
0.001075
0.005644
0.005778
0.002150
0.000470
0.000873
0.003158
0.002687
0.003023
0.001075
0.001008
0.008734
0.001411
0.001545
0.001478
0.007592
0.001008
0.001478
0.004972
0.004031
0.001411
0.001612
0.006651
0.001948
0.001545
0.001142
0.001478
0.005980
0.007525
0.001814
0.001612
0.001142
0.003426
0.002822
0.009137
0.001747
0.002217
0.001344
0.006987
0.001881
0.008331
0.001478
0.002150
0.003292
0.004367
0.000537
0.002553
0.000941
0.003023
0.004166
0.005039
0.001747
0.002486
0.000806
0.002150
0.000873
0.007995
0.001209
0.002352
0.004569
0.001612
0.001612
0.001411
0.007055
0.001344
0.008331
0.001747
0.002352
0.002620
0.008465
0.002419
0.001344
0.001344
0.002755
0.000941
0.007928
0.000605
0.003494
0.000470
0.002956
0.001680
0.007525
0.004703
0.001545
0.000470
0.003225
0.000806
0.003830
0.004031
0.001881
0.000806
0.007928
0.010347
0.002083
0.000605
0.000403
0.002620
0.009944
0.005241
0.001881
0.003494
0.003158
0.001008
0.001277
0.006853
0.002956
0.001411
0.004837
0.007726
0.002687
0.001814
0.001411
0.005241
0.010548
0.001411
0.001680
0.002352
0.007256
0.002620
0.002419
0.010414
0.005442
0.000941
0.002620
