0.092986
0.000739
0.003359
0.005106
0.002083
0.002284
0.008869
0.003023
0.001008
0.001075
0.004098
0.003628
0.001881
0.002755
0.004972
0.011690
0.003897
0.000806
0.001680
0.007928
0.002150
0.001008
0.008197
0.009205
0.001008
0.004367
0.003628
0.002486
0.001142
0.001277
0.006383
0.011959
0.005980
0.001075
0.002486
0.004367
0.003494
0.000941
0.004905
0.001680
0.002352
0.003964
0.004837
0.001881
0.006987
0.001545
0.004233
0.001680
0.003091
0.000806
0.001881
0.002755
0.004098
0.001881
0.010011
0.003023
0.002217
0.001545
0.002486
0.001344
0.011287
0.001142
0.003897
0.002016
0.004031
0.002687
0.001545
0.008062
0.001612
0.011153
0.000873
0.005375
0.000941
0.005644
0.003494
0.003292
0.001545
0.007861
0.001344
0.009608
0.001344
0.002620
0.000739
0.009675
0.002755
0.013840
0.002553
0.005980
0.000941
0.006047
0.001478
0.004434
0.003091
0.003830
0.003225
0.013706
0.003628
0.001344
0.000336
0.002150
0.003426
0.011354
0.001814
0.002284
0.002755
0.003561
0.001612
0.001411
0.010817
0.004166
0.001680
0.002016
0.004770
0.001612
0.000605
0.005375
0.006853
0.009272
0.001545
0.002217
0.001411
0.005308
0.002889
0.001008
0.011959
0.006786
0.001142
0.001411
0.000941
0.000672
0.003897
0.005241
0.001881
0.005644
0.004636
0.003091
0.000739
0.000672
0.003023
0.005039
0.004905
0.001142
0.002889
0.007794
0.001612
0.001612
0.001814
0.006181
0.001881
0.001411
0.006181
0.004434
0.001881
0.001209
0.004905
0.002755
0.002217
0.001209
0.002284
0.007726
0.006920
0.001478
0.002016
0.001411
0.002419
0.001612
0.003426
0.001680
0.001344
0.001680
0.007458
0.002016
0.005644
0.000873
0.003359
0.001680
0.002016
0.001142
0.001747
0.001008
0.001747
0.003762
0.007928
0.002016
0.001344
0.000403
0.001612
0.001142
0.006517
0.001277
0.002822
0.004905
0.003225
0.002016
0.001142
0.010481
0.000873
0.010078
0.001680
0.004434
0.002083
0.007592
0.001478
0.003628
0.002284
0.004501
0.001478
0.010011
0.001747
0.003830
0.001008
0.004166
0.001277
0.008600
0.004233
0.004166
0.001142
0.007458
0.000537
0.005644
0.005576
0.002016
0.001814
0.009473
0.004905
0.002822
0.000672
0.001142
0.001680
0.007256
0.003091
0.001814
0.002486
0.001680
0.000672
0.001344
0.006114
0.001948
0.000739
0.005241
0.005711
0.002016
0.001747
0.001142
0.002553
0.007189
0.001814
0.001747
0.001747
0.007122
0.001612
0.002687
0.009675
0.002419
0.000873
0.002352
