0.086402
0.000470
0.003561
0.004501
0.001948
0.002150
0.015050
0.005106
0.000403
0.001209
0.006450
0.002822
0.002150
0.002016
0.006316
0.014714
0.002352
0.001008
0.002284
0.005845
0.001142
0.001612
0.017872
0.007995
0.000672
0.003695
0.007122
0.002553
0.001545
0.001545
0.005912
0.014311
0.003964
0.000941
0.001747
0.003426
0.004972
0.001680
0.013840
0.001814
0.001814
0.004098
0.006920
0.001344
0.010683
0.001209
0.009205
0.001344
0.002553
0.000806
0.002822
0.001881
0.002889
0.002687
0.016259
0.002486
0.001881
0.002352
0.005039
0.001344
0.011959
0.002956
0.004031
0.002217
0.003023
0.002150
0.001344
0.005778
0.001344
0.009137
0.001478
0.006248
0.001209
0.005509
0.004501
0.002956
0.001344
0.005711
0.001545
0.007794
0.001075
0.001881
0.001209
0.004905
0.002687
0.013908
0.002217
0.004972
0.000403
0.002553
0.001277
0.002620
0.002016
0.003359
0.002217
0.013101
0.003023
0.002217
0.001545
0.001948
0.002889
0.011758
0.001545
0.002352
0.001948
0.004031
0.001680
0.000806
0.010548
0.002889
0.002822
0.001612
0.004031
0.001277
0.001545
0.003628
0.004770
0.009339
0.002016
0.001680
0.001075
0.004569
0.003225
0.001680
0.008398
0.005241
0.001008
0.001680
0.000739
0.001209
0.004501
0.007794
0.000941
0.003561
0.008398
0.003158
0.000739
0.000739
0.006047
0.002956
0.003091
0.000873
0.002889
0.008801
0.000873
0.001881
0.002687
0.008331
0.000537
0.001747
0.010212
0.003830
0.001075
0.001277
0.006920
0.002016
0.001814
0.000941
0.003964
0.007726
0.006181
0.002016
0.003628
0.002553
0.001680
0.002419
0.008331
0.001881
0.001478
0.001747
0.011422
0.002016
0.006719
0.001344
0.004300
0.002822
0.001948
0.000806
0.002284
0.000537
0.001814
0.003964
0.008869
0.002419
0.002889
0.000605
0.004434
0.000806
0.005778
0.001411
0.004703
0.003830
0.001277
0.002419
0.001680
0.007458
0.001008
0.005980
0.002822
0.003292
0.001814
0.009205
0.001612
0.002419
0.000672
0.003292
0.001680
0.005778
0.000537
0.002083
0.000806
0.002755
0.001545
0.007458
0.004905
0.002889
0.000470
0.003292
0.000806
0.002822
0.003897
0.003964
0.001277
0.009876
0.002956
0.001680
0.000739
0.000941
0.000941
0.005711
0.003426
0.001277
0.001277
0.004031
0.001277
0.001008
0.004837
0.002083
0.001478
0.004098
0.004501
0.001478
0.002083
0.001277
0.002486
0.003830
0.002083
0.001680
0.000941
0.007458
0.001075
0.001612
0.007390
0.003494
0.000873
0.002150
