0.090365
0.001075
0.003359
0.007323
0.001142
0.003225
0.014109
0.004770
0.000537
0.002016
0.004905
0.002755
0.001612
0.002486
0.006114
0.012631
0.002956
0.001008
0.002553
0.005980
0.001478
0.000873
0.013639
0.006517
0.000605
0.003897
0.006651
0.003830
0.001008
0.001881
0.005509
0.013908
0.004434
0.001478
0.002486
0.004837
0.002822
0.001411
0.012967
0.001344
0.001344
0.003628
0.004837
0.001075
0.008465
0.001075
0.008331
0.001881
0.003292
0.001277
0.002687
0.001277
0.003225
0.002150
0.013101
0.002553
0.001277
0.000941
0.004770
0.001075
0.010414
0.002755
0.004300
0.003225
0.002956
0.001814
0.001478
0.007726
0.001411
0.009608
0.001680
0.007390
0.001008
0.003964
0.004031
0.002284
0.001008
0.003830
0.001545
0.009809
0.001814
0.003023
0.000873
0.005778
0.003628
0.010548
0.002419
0.006047
0.000605
0.004905
0.001612
0.004031
0.001680
0.004233
0.001948
0.012429
0.003561
0.002486
0.000537
0.002083
0.003225
0.010145
0.001881
0.003897
0.001680
0.003830
0.000873
0.001209
0.010615
0.002755
0.002956
0.001814
0.005308
0.002083
0.001209
0.003426
0.004031
0.007323
0.000806
0.001411
0.001142
0.004837
0.004098
0.001881
0.008331
0.005308
0.001948
0.000941
0.000873
0.000941
0.002755
0.007256
0.000269
0.004300
0.008130
0.003695
0.000605
0.001075
0.007390
0.005576
0.003359
0.001478
0.003023
0.006651
0.001008
0.001545
0.003695
0.009070
0.001478
0.001478
0.008465
0.004233
0.001209
0.001209
0.007794
0.003964
0.001478
0.001411
0.002956
0.009675
0.005241
0.002419
0.003225
0.002553
0.001814
0.002150
0.007592
0.002352
0.001209
0.001881
0.008869
0.002822
0.005778
0.001209
0.003964
0.002217
0.002419
0.000806
0.004434
0.000605
0.002217
0.004098
0.007055
0.001411
0.001881
0.000537
0.004636
0.001008
0.006383
0.001881
0.002553
0.004636
0.000806
0.001209
0.001478
0.006584
0.000873
0.007189
0.002889
0.003964
0.000672
0.008869
0.002352
0.003628
0.001881
0.001881
0.001277
0.008465
0.000739
0.003023
0.001142
0.007458
0.002083
0.005980
0.003426
0.003225
0.000537
0.002956
0.001075
0.003695
0.003964
0.002083
0.001612
0.006584
0.005576
0.002956
0.000672
0.001075
0.001478
0.006114
0.004569
0.001814
0.001612
0.004233
0.001008
0.001478
0.005308
0.001344
0.001142
0.005173
0.006248
0.001478
0.001814
0.001075
0.002419
0.005039
0.002016
0.001008
0.000672
0.006853
0.002419
0.001008
0.006651
0.003023
0.001075
0.001948
