0.054286
0.001478
0.001814
0.002822
0.003091
0.001277
0.009003
0.001008
0.003158
0.002419
0.003830
0.002553
0.003830
0.002150
0.004434
0.005509
0.005509
0.001680
0.002486
0.002755
0.003762
0.001545
0.006987
0.002150
0.002889
0.002956
0.006786
0.001545
0.002822
0.001881
0.004972
0.004837
0.010279
0.001948
0.003628
0.004233
0.005039
0.001612
0.008062
0.001612
0.003494
0.004703
0.007122
0.001814
0.007458
0.002687
0.005509
0.001142
0.006248
0.002217
0.003762
0.001545
0.006517
0.002889
0.010212
0.002755
0.004233
0.002217
0.005509
0.001142
0.010279
0.002217
0.005509
0.002150
0.006450
0.002217
0.002352
0.005173
0.003225
0.004031
0.002217
0.003292
0.003628
0.005711
0.005845
0.001680
0.002889
0.002217
0.002486
0.003359
0.004905
0.001008
0.002016
0.001948
0.006584
0.004972
0.003561
0.002956
0.002419
0.002419
0.003426
0.001344
0.004972
0.003023
0.003426
0.008734
0.007189
0.002217
0.002822
0.001478
0.005576
0.007794
0.003628
0.003762
0.004636
0.003830
0.003695
0.001478
0.010817
0.002687
0.003762
0.002083
0.009003
0.001612
0.002217
0.002755
0.005980
0.004972
0.003628
0.002083
0.002687
0.004703
0.006114
0.000605
0.006987
0.002956
0.003359
0.001277
0.002419
0.001277
0.003091
0.003897
0.003359
0.003359
0.006383
0.001075
0.003494
0.001612
0.004098
0.002419
0.006920
0.001209
0.003091
0.003830
0.004031
0.001344
0.002687
0.004905
0.002822
0.002889
0.006047
0.002687
0.002889
0.001344
0.008197
0.001411
0.005778
0.002150
0.003494
0.002956
0.010615
0.002419
0.003762
0.001814
0.004636
0.002755
0.006786
0.001209
0.004166
0.002419
0.009742
0.002150
0.006920
0.001814
0.005778
0.001478
0.005980
0.002016
0.003964
0.001008
0.003628
0.004233
0.007525
0.001612
0.003561
0.001881
0.005173
0.001209
0.008465
0.003091
0.004569
0.004703
0.003426
0.003292
0.002150
0.007525
0.003292
0.003359
0.002956
0.002083
0.003897
0.007390
0.001948
0.002150
0.004569
0.003023
0.002217
0.002755
0.002486
0.001075
0.002083
0.002083
0.004636
0.004569
0.005711
0.002150
0.003494
0.002822
0.001277
0.002150
0.005778
0.003023
0.003292
0.004233
0.007592
0.002217
0.002217
0.001142
0.003494
0.003695
0.005980
0.001277
0.003158
0.003426
0.003091
0.000806
0.007659
0.001814
0.002553
0.003494
0.009205
0.001545
0.003091
0.001075
0.005509
0.004770
0.004233
0.001075
0.004501
0.007256
0.001948
0.001209
0.006719
0.003628
0.003292
0.001344
