0.060468
0.002956
0.003695
0.002553
0.003762
0.002687
0.006450
0.001814
0.003494
0.004367
0.003695
0.001881
0.004098
0.003091
0.002687
0.005711
0.005509
0.001142
0.003158
0.003494
0.003964
0.002083
0.004501
0.002016
0.002486
0.003225
0.006047
0.001142
0.003695
0.003225
0.003359
0.002553
0.008936
0.003091
0.006450
0.003964
0.004569
0.002083
0.004501
0.001478
0.005912
0.005980
0.006316
0.002486
0.004434
0.003023
0.003628
0.001344
0.004837
0.002755
0.003762
0.001881
0.005980
0.004837
0.007055
0.003091
0.002755
0.003628
0.002956
0.001075
0.009070
0.005644
0.004905
0.002755
0.007659
0.003426
0.002284
0.005039
0.003897
0.004367
0.001680
0.001142
0.003964
0.007055
0.004367
0.003292
0.003292
0.002553
0.003158
0.002755
0.003359
0.002150
0.003225
0.001948
0.006114
0.008533
0.003964
0.002956
0.002419
0.003494
0.002956
0.001478
0.005509
0.004972
0.003897
0.004703
0.005509
0.002755
0.002822
0.001881
0.004098
0.007794
0.003023
0.001948
0.004166
0.005644
0.003897
0.002352
0.006316
0.002889
0.003695
0.001948
0.006114
0.002284
0.002419
0.003359
0.004300
0.006316
0.002956
0.001747
0.002822
0.005576
0.003494
0.001209
0.005845
0.004501
0.003830
0.001612
0.003561
0.002486
0.003292
0.003225
0.003225
0.004501
0.003225
0.001411
0.003561
0.002822
0.004300
0.001277
0.006651
0.002016
0.003426
0.002486
0.002083
0.001142
0.002486
0.006383
0.002956
0.004300
0.003695
0.002352
0.002016
0.001881
0.008130
0.000672
0.004367
0.002016
0.003762
0.002486
0.010347
0.002755
0.004569
0.001814
0.004501
0.003426
0.003695
0.001142
0.004770
0.002956
0.009406
0.001612
0.004905
0.002217
0.004367
0.001277
0.004434
0.002755
0.002553
0.000941
0.006316
0.007928
0.005039
0.003426
0.003023
0.001814
0.003830
0.001411
0.007995
0.003897
0.005106
0.003561
0.004098
0.004434
0.001612
0.008062
0.003158
0.003494
0.003225
0.002755
0.003023
0.008801
0.003292
0.002284
0.003225
0.002620
0.002822
0.002083
0.003091
0.002284
0.002755
0.001814
0.005241
0.006517
0.005039
0.003762
0.002956
0.002620
0.002553
0.000941
0.007659
0.002620
0.004166
0.002150
0.005912
0.003561
0.003695
0.001747
0.003426
0.003561
0.004501
0.001478
0.004166
0.003695
0.002486
0.001411
0.004300
0.002687
0.003292
0.003628
0.007726
0.002553
0.002352
0.001478
0.005039
0.006517
0.003628
0.002486
0.004434
0.005576
0.001747
0.000873
0.007122
0.003426
0.004166
0.001277
