0.084386
0.001277
0.003897
0.006047
0.004703
0.001814
0.012429
0.002755
0.001344
0.001478
0.007995
0.004367
0.003426
0.001142
0.004905
0.010145
0.003023
0.000873
0.002553
0.005644
0.002217
0.001075
0.013840
0.006987
0.001545
0.005039
0.006920
0.001881
0.001814
0.000739
0.009003
0.011690
0.004837
0.001075
0.004367
0.006047
0.004434
0.001008
0.011758
0.001881
0.001612
0.002016
0.011019
0.003158
0.009675
0.001277
0.007861
0.002217
0.003964
0.000941
0.003494
0.001747
0.003359
0.001411
0.014983
0.002889
0.003091
0.001344
0.005912
0.001545
0.012631
0.001142
0.007122
0.004569
0.004031
0.000941
0.002419
0.008533
0.002083
0.005778
0.002284
0.004031
0.001411
0.002822
0.008130
0.003359
0.001478
0.001344
0.002083
0.004434
0.002083
0.001008
0.001948
0.003897
0.002553
0.005778
0.005778
0.003762
0.001142
0.002687
0.002889
0.002150
0.002486
0.001411
0.004098
0.009339
0.002822
0.000806
0.001612
0.002419
0.003561
0.010615
0.003091
0.003225
0.001344
0.000806
0.003359
0.001209
0.008331
0.001344
0.003762
0.002016
0.006383
0.000672
0.001814
0.003628
0.003359
0.004098
0.003561
0.001948
0.001478
0.005576
0.004434
0.000873
0.006316
0.001948
0.002620
0.001948
0.001008
0.001277
0.004166
0.006181
0.002284
0.005576
0.007592
0.002419
0.001142
0.000537
0.005644
0.003292
0.005173
0.001142
0.004367
0.006987
0.001545
0.000605
0.002822
0.006450
0.001209
0.002284
0.011959
0.003225
0.001545
0.000873
0.008264
0.002553
0.002083
0.001411
0.003964
0.010750
0.006786
0.001008
0.006383
0.002956
0.003292
0.002016
0.010078
0.002016
0.001344
0.000806
0.012228
0.002352
0.006920
0.000941
0.006316
0.002620
0.002687
0.000739
0.004770
0.001277
0.001478
0.002486
0.012362
0.002352
0.003695
0.000739
0.004300
0.001277
0.006047
0.000806
0.004031
0.006450
0.001344
0.000403
0.003359
0.007390
0.001075
0.004098
0.003897
0.001814
0.001814
0.005039
0.004367
0.002822
0.001814
0.001344
0.002083
0.005576
0.001277
0.000605
0.002419
0.001545
0.001008
0.003158
0.007726
0.002419
0.001948
0.001545
0.001948
0.001680
0.004770
0.000806
0.002620
0.006651
0.002352
0.000537
0.002150
0.001277
0.002217
0.005845
0.004972
0.001411
0.001747
0.001142
0.001948
0.001344
0.007122
0.001142
0.003359
0.004703
0.005778
0.000672
0.002217
0.001277
0.001948
0.001680
0.003561
0.001344
0.003359
0.007256
0.002083
0.001142
0.004098
0.000739
0.002217
0.002620
