0.069403
0.001478
0.005509
0.004770
0.003964
0.001948
0.012362
0.004031
0.001545
0.001881
0.005711
0.002016
0.004501
0.001277
0.005375
0.009540
0.004972
0.001142
0.004905
0.006047
0.002889
0.001680
0.010884
0.004770
0.003158
0.003225
0.009137
0.002486
0.003494
0.002016
0.007861
0.006584
0.005442
0.001344
0.004166
0.004367
0.004972
0.001948
0.008533
0.002553
0.002150
0.003426
0.007659
0.002083
0.007055
0.001747
0.005912
0.002687
0.005173
0.001478
0.004972
0.002889
0.005375
0.002083
0.011287
0.002687
0.001948
0.001008
0.006114
0.002150
0.006786
0.001747
0.006316
0.002620
0.003494
0.001612
0.004703
0.004501
0.002755
0.005711
0.002352
0.003158
0.001545
0.003695
0.003695
0.002083
0.002822
0.002016
0.002620
0.005241
0.004434
0.000941
0.003091
0.003695
0.003091
0.007726
0.003695
0.003494
0.001747
0.002352
0.003695
0.001814
0.002016
0.002083
0.003561
0.007458
0.004434
0.001478
0.002822
0.002284
0.004031
0.008667
0.003091
0.002687
0.002419
0.001881
0.003494
0.002150
0.008465
0.002419
0.002486
0.002620
0.007794
0.001881
0.002016
0.003494
0.004031
0.003964
0.003158
0.002553
0.002083
0.003964
0.004098
0.001747
0.004905
0.002486
0.002150
0.001881
0.001948
0.000739
0.004703
0.003158
0.003359
0.004233
0.009003
0.002486
0.003426
0.001142
0.005308
0.002352
0.006584
0.001881
0.005980
0.006517
0.002486
0.000336
0.004031
0.006920
0.002486
0.001478
0.009675
0.003494
0.002755
0.001344
0.009809
0.002083
0.004367
0.001277
0.006114
0.006450
0.005980
0.001277
0.004098
0.002083
0.003158
0.001277
0.007995
0.002217
0.002822
0.001277
0.010145
0.002822
0.007726
0.001881
0.005509
0.003628
0.004837
0.000806
0.004166
0.001747
0.002687
0.004233
0.008734
0.002150
0.002956
0.000537
0.005173
0.001680
0.007390
0.001411
0.005442
0.004300
0.001948
0.001612
0.002822
0.005845
0.002352
0.004233
0.003628
0.002352
0.002083
0.006450
0.003292
0.001881
0.004300
0.001344
0.003023
0.004300
0.001881
0.000739
0.002352
0.002687
0.002016
0.003023
0.005308
0.002217
0.001814
0.001612
0.003023
0.002083
0.004098
0.001209
0.003628
0.004972
0.003762
0.001411
0.001612
0.001814
0.002822
0.003494
0.004434
0.002217
0.003225
0.001680
0.001881
0.001747
0.008667
0.001478
0.003494
0.004501
0.008667
0.001209
0.001948
0.001680
0.003158
0.003762
0.003158
0.001680
0.002822
0.006450
0.001747
0.001948
0.005173
0.001612
0.003023
0.003762
