0.070747
0.000672
0.004300
0.006786
0.003158
0.001344
0.009339
0.003225
0.002687
0.002284
0.007458
0.002889
0.003561
0.001545
0.004098
0.008533
0.005241
0.001545
0.002620
0.006786
0.003225
0.001612
0.007458
0.004972
0.002284
0.003561
0.006383
0.001881
0.002687
0.001277
0.005845
0.005778
0.005912
0.001545
0.003762
0.006584
0.006114
0.000537
0.008533
0.002620
0.002889
0.003762
0.009473
0.002083
0.005711
0.001411
0.005106
0.002150
0.006047
0.001747
0.003158
0.003292
0.004770
0.001209
0.009608
0.003695
0.003359
0.002150
0.004569
0.003158
0.007256
0.002217
0.006383
0.004636
0.003225
0.001411
0.004501
0.007055
0.002620
0.002352
0.002822
0.004770
0.002016
0.003830
0.007122
0.002755
0.001075
0.001881
0.002755
0.005845
0.002217
0.000941
0.002553
0.003897
0.003426
0.007055
0.004837
0.003830
0.001612
0.001277
0.003762
0.001277
0.002553
0.002419
0.004770
0.008600
0.004233
0.001881
0.003225
0.002822
0.004703
0.006383
0.003359
0.002687
0.001881
0.001814
0.004098
0.001881
0.007256
0.001142
0.003158
0.002217
0.005308
0.001478
0.002755
0.004300
0.006786
0.004166
0.004098
0.002822
0.003225
0.003964
0.005778
0.002553
0.005442
0.002553
0.002889
0.002553
0.001411
0.000403
0.004098
0.004972
0.002889
0.004300
0.007055
0.002150
0.001545
0.000605
0.006719
0.003225
0.005241
0.002217
0.003695
0.006114
0.002486
0.001344
0.003225
0.007928
0.002217
0.001344
0.007592
0.003561
0.002083
0.001008
0.007726
0.001948
0.003292
0.001545
0.005241
0.007458
0.006987
0.001478
0.004233
0.002620
0.003830
0.001814
0.007122
0.002083
0.003426
0.001008
0.013773
0.002687
0.006114
0.001277
0.003695
0.004233
0.002755
0.000739
0.002822
0.002217
0.003359
0.004837
0.008869
0.002956
0.003292
0.000739
0.003091
0.001277
0.005576
0.001747
0.004636
0.007458
0.002486
0.000873
0.002822
0.009070
0.001948
0.002352
0.003762
0.002620
0.002419
0.006853
0.004703
0.003830
0.003225
0.001209
0.002486
0.005241
0.001948
0.001008
0.002217
0.002620
0.002150
0.002553
0.008331
0.002284
0.001814
0.001411
0.001814
0.001948
0.005173
0.001411
0.004098
0.006181
0.003091
0.001209
0.003091
0.001545
0.002822
0.002284
0.005912
0.001814
0.002620
0.003359
0.003897
0.001075
0.005442
0.001545
0.003695
0.004501
0.006920
0.000873
0.002486
0.002150
0.003628
0.002956
0.003292
0.001478
0.004233
0.005912
0.002956
0.002486
0.006786
0.001948
0.003023
0.003023
