0.091440
0.000806
0.002956
0.005576
0.002419
0.001478
0.012833
0.006651
0.000941
0.001478
0.006248
0.003897
0.002687
0.001142
0.004770
0.012497
0.003964
0.000537
0.003561
0.006719
0.001680
0.000537
0.013773
0.006517
0.001411
0.002822
0.005711
0.002217
0.001344
0.001545
0.006920
0.012564
0.004367
0.000873
0.002486
0.004233
0.003225
0.001142
0.010145
0.001881
0.001209
0.003830
0.007122
0.001680
0.009272
0.001680
0.007323
0.002284
0.004434
0.000873
0.004233
0.002150
0.004233
0.001612
0.011489
0.002083
0.001747
0.001747
0.006853
0.001008
0.009272
0.002822
0.004905
0.002553
0.003628
0.000739
0.001008
0.004972
0.000806
0.009137
0.001277
0.008264
0.001209
0.003964
0.004367
0.002755
0.001277
0.002889
0.001747
0.013437
0.001478
0.001612
0.001545
0.004569
0.003225
0.010481
0.003426
0.003830
0.001277
0.002755
0.001411
0.002486
0.002419
0.003762
0.003359
0.012161
0.003762
0.002150
0.001680
0.001344
0.003292
0.010011
0.003023
0.002016
0.003023
0.003158
0.002016
0.000806
0.009742
0.002755
0.003762
0.001881
0.004300
0.001344
0.002352
0.003292
0.005576
0.008331
0.001680
0.002284
0.002150
0.004166
0.003964
0.001209
0.006181
0.003494
0.001881
0.001008
0.000605
0.000739
0.005039
0.007726
0.001747
0.003762
0.006987
0.003225
0.001008
0.000806
0.005778
0.003091
0.003830
0.000672
0.004031
0.008264
0.001612
0.001948
0.004233
0.007055
0.001008
0.001948
0.008465
0.003225
0.001344
0.001277
0.007592
0.003830
0.001747
0.001277
0.003561
0.008936
0.005509
0.000873
0.002956
0.003158
0.001612
0.002217
0.009205
0.000941
0.001814
0.001008
0.009809
0.002150
0.005509
0.000739
0.005241
0.002217
0.002620
0.000873
0.005241
0.001277
0.002553
0.004367
0.006920
0.001008
0.003762
0.000739
0.006651
0.000941
0.006316
0.001814
0.002889
0.004434
0.001881
0.001612
0.002687
0.006719
0.001411
0.005644
0.002150
0.002956
0.002822
0.008331
0.002083
0.002755
0.002150
0.001545
0.002150
0.009608
0.000537
0.001612
0.001142
0.004367
0.002284
0.006316
0.004367
0.001814
0.000941
0.002419
0.001008
0.004233
0.004837
0.001948
0.001277
0.007995
0.005173
0.001344
0.001277
0.000941
0.001545
0.004166
0.004972
0.001344
0.003426
0.003426
0.001075
0.001075
0.005576
0.001209
0.001478
0.004636
0.006114
0.000537
0.001344
0.002687
0.002217
0.006047
0.002217
0.001277
0.002016
0.006181
0.001948
0.002083
0.004837
0.003158
0.001209
0.002822
