0.104139
0.000537
0.001612
0.005509
0.002217
0.002687
0.009608
0.005173
0.000873
0.001209
0.003561
0.003023
0.001209
0.003359
0.003091
0.013437
0.002755
0.001277
0.001142
0.006047
0.001277
0.002083
0.007390
0.006584
0.001411
0.005509
0.005442
0.002889
0.001142
0.002755
0.004166
0.012295
0.004636
0.001008
0.001075
0.004031
0.004703
0.001344
0.006584
0.002016
0.002687
0.003830
0.004098
0.001344
0.007928
0.001612
0.005106
0.001344
0.002620
0.001277
0.001075
0.001881
0.004031
0.003762
0.009339
0.003897
0.001881
0.001545
0.004636
0.001277
0.008197
0.003225
0.002687
0.003494
0.004636
0.001747
0.001008
0.006719
0.001344
0.007794
0.001344
0.006584
0.000806
0.004031
0.004300
0.003628
0.000470
0.005778
0.001411
0.013908
0.001545
0.003561
0.001344
0.005912
0.003359
0.011489
0.003091
0.005106
0.001277
0.005845
0.002083
0.003359
0.002755
0.005241
0.002352
0.014311
0.004636
0.001881
0.000806
0.001881
0.003762
0.011959
0.000941
0.002956
0.002016
0.002889
0.002620
0.001411
0.009876
0.003830
0.003158
0.003762
0.003494
0.001881
0.001612
0.005106
0.005039
0.011153
0.002150
0.001881
0.002217
0.005912
0.003897
0.002083
0.006651
0.008734
0.001612
0.001747
0.000470
0.001545
0.001277
0.005241
0.001680
0.004770
0.006584
0.002889
0.001344
0.001075
0.002822
0.003359
0.002889
0.002016
0.001612
0.007861
0.001008
0.003158
0.001344
0.008062
0.001142
0.002687
0.005778
0.004770
0.001344
0.001948
0.006517
0.002419
0.001948
0.001478
0.002553
0.007726
0.006987
0.002419
0.001747
0.001948
0.002956
0.001545
0.005778
0.001612
0.002486
0.003762
0.008264
0.001277
0.004837
0.001142
0.001478
0.002083
0.002284
0.001411
0.001277
0.000739
0.002486
0.004501
0.005241
0.001948
0.002284
0.000806
0.002486
0.000873
0.004636
0.002083
0.001142
0.004367
0.001209
0.002755
0.002553
0.007995
0.001411
0.006786
0.002822
0.004905
0.001545
0.008398
0.002352
0.003897
0.001948
0.002889
0.001344
0.009339
0.001008
0.003426
0.001612
0.004770
0.001545
0.006651
0.004569
0.003695
0.001277
0.004770
0.000873
0.003292
0.004636
0.003023
0.001747
0.008062
0.003897
0.001478
0.001478
0.001747
0.002150
0.005241
0.004636
0.002620
0.001680
0.004098
0.001075
0.001545
0.005711
0.002553
0.001680
0.005375
0.004703
0.002755
0.001478
0.002352
0.002687
0.006786
0.002620
0.001612
0.001881
0.006248
0.000873
0.002486
0.005980
0.004837
0.000739
0.002419
