0.091709
0.000605
0.004031
0.004434
0.001277
0.001612
0.012429
0.004837
0.000672
0.001478
0.006383
0.002419
0.001747
0.001814
0.004905
0.014378
0.002889
0.001277
0.001948
0.006383
0.001478
0.002016
0.017536
0.006584
0.000739
0.003561
0.006987
0.001814
0.001411
0.002083
0.006114
0.010951
0.003695
0.000941
0.002687
0.004031
0.004770
0.001545
0.014445
0.002419
0.001747
0.003897
0.006920
0.001747
0.009003
0.001411
0.009070
0.001142
0.002217
0.001008
0.002352
0.002486
0.002217
0.001747
0.013706
0.003158
0.001814
0.002150
0.005644
0.001680
0.011354
0.002284
0.003964
0.002016
0.003762
0.001680
0.001478
0.007323
0.001612
0.010347
0.002016
0.006920
0.001209
0.005576
0.005308
0.002755
0.001344
0.005308
0.001545
0.007659
0.001209
0.001478
0.000941
0.004434
0.002419
0.013101
0.001881
0.004569
0.000806
0.003359
0.001881
0.001948
0.002150
0.003225
0.001747
0.013840
0.002217
0.002822
0.001008
0.002284
0.002889
0.011758
0.002016
0.002419
0.001881
0.002755
0.002016
0.000873
0.009070
0.002217
0.002419
0.001948
0.002956
0.000941
0.001478
0.003830
0.005173
0.007525
0.002083
0.001612
0.001075
0.004501
0.003762
0.002217
0.009339
0.005711
0.001948
0.001612
0.000941
0.001478
0.004636
0.006920
0.001612
0.003964
0.009137
0.003561
0.001075
0.000873
0.004905
0.003359
0.003561
0.001008
0.003023
0.008936
0.000941
0.002284
0.002553
0.007861
0.000672
0.002016
0.010615
0.003897
0.001411
0.001478
0.006987
0.002352
0.001680
0.000941
0.004098
0.008264
0.005375
0.001747
0.003091
0.001948
0.002083
0.002083
0.008600
0.001545
0.001814
0.002217
0.010615
0.001948
0.006248
0.001277
0.004501
0.002956
0.002016
0.000605
0.003830
0.000605
0.001545
0.004501
0.008936
0.002352
0.002822
0.000806
0.004434
0.000941
0.006450
0.001612
0.002956
0.004905
0.001142
0.001881
0.001948
0.007525
0.001075
0.005039
0.002486
0.003292
0.001948
0.009876
0.001478
0.002620
0.001680
0.003292
0.001747
0.005106
0.000403
0.002687
0.000941
0.001612
0.001142
0.007928
0.005375
0.002956
0.000537
0.002822
0.001075
0.002620
0.004233
0.002889
0.001411
0.008600
0.002822
0.001478
0.000873
0.000941
0.001545
0.006047
0.004569
0.001545
0.001277
0.003225
0.001142
0.000873
0.005845
0.001814
0.001680
0.004569
0.004837
0.001478
0.002016
0.001411
0.002620
0.004501
0.002620
0.001814
0.001612
0.006853
0.001277
0.002352
0.006316
0.003091
0.001142
0.003091
