0.085864
0.000605
0.003292
0.004233
0.002553
0.001747
0.009070
0.003426
0.000941
0.001209
0.002016
0.001209
0.002755
0.001478
0.002687
0.013437
0.004233
0.001008
0.000739
0.007055
0.001612
0.001277
0.007794
0.006383
0.001142
0.003830
0.003830
0.001680
0.001545
0.001680
0.004905
0.008331
0.007592
0.000605
0.002150
0.003964
0.009339
0.000739
0.011019
0.001747
0.003225
0.003897
0.004367
0.000537
0.011556
0.001277
0.008936
0.001008
0.005845
0.000605
0.001142
0.001411
0.006719
0.002083
0.012833
0.001881
0.003023
0.001209
0.004300
0.000269
0.014512
0.002016
0.004233
0.000806
0.004434
0.001747
0.001075
0.005308
0.000873
0.011556
0.000403
0.004703
0.001478
0.007592
0.002419
0.001612
0.001142
0.008130
0.000605
0.011825
0.001411
0.003897
0.000000
0.007390
0.002486
0.010615
0.000739
0.003762
0.000470
0.007189
0.000739
0.001478
0.002352
0.005308
0.001478
0.011758
0.005576
0.003426
0.000605
0.000806
0.004166
0.009070
0.001411
0.001948
0.002956
0.007189
0.000806
0.000336
0.010212
0.004972
0.001814
0.002620
0.007055
0.002486
0.000336
0.004501
0.010011
0.011623
0.000605
0.001545
0.003091
0.006651
0.002419
0.000672
0.016931
0.009540
0.001209
0.000806
0.001747
0.000605
0.002083
0.004501
0.001545
0.004434
0.004300
0.002687
0.001545
0.000537
0.001008
0.002553
0.004233
0.000941
0.001478
0.008936
0.001948
0.000605
0.001881
0.008600
0.001209
0.001209
0.005308
0.003561
0.001478
0.001075
0.003628
0.002083
0.001142
0.000739
0.003292
0.005845
0.010011
0.001075
0.001209
0.000873
0.005576
0.002016
0.008130
0.000806
0.003426
0.001075
0.007726
0.000537
0.010951
0.000806
0.003561
0.001478
0.005039
0.000470
0.002687
0.000403
0.002889
0.004166
0.006181
0.001142
0.003964
0.000941
0.001948
0.000537
0.006987
0.000806
0.001478
0.004770
0.002352
0.004098
0.000739
0.006853
0.001075
0.009944
0.000739
0.002889
0.001411
0.008398
0.000806
0.002687
0.001545
0.004098
0.000605
0.008130
0.000403
0.005576
0.000067
0.005912
0.001209
0.007458
0.002822
0.002016
0.000672
0.007525
0.000134
0.002083
0.004367
0.002553
0.000806
0.006584
0.006047
0.004703
0.000470
0.000739
0.003225
0.008600
0.003023
0.000605
0.005039
0.004233
0.000403
0.000605
0.009137
0.002956
0.001277
0.005778
0.006719
0.003494
0.000941
0.001411
0.004031
0.010011
0.000873
0.001142
0.001411
0.006383
0.001075
0.000873
0.009944
0.003695
0.000605
0.001814
