0.080019
0.000336
0.003426
0.006853
0.001075
0.002083
0.015184
0.008667
0.000672
0.001612
0.006316
0.003897
0.000941
0.002150
0.004972
0.014042
0.002419
0.001478
0.002486
0.005509
0.000873
0.001545
0.011959
0.008936
0.001008
0.004300
0.008600
0.002822
0.001680
0.001344
0.008533
0.011086
0.004233
0.000672
0.003225
0.003695
0.006383
0.000941
0.013034
0.002553
0.001545
0.002284
0.005241
0.002553
0.008801
0.001747
0.007122
0.001814
0.004501
0.000202
0.002150
0.002284
0.004434
0.001747
0.009339
0.002486
0.002889
0.002016
0.005711
0.001209
0.010481
0.001344
0.003426
0.002016
0.003695
0.002217
0.001545
0.007055
0.001075
0.008936
0.000873
0.008869
0.000739
0.004367
0.003762
0.002486
0.001277
0.004770
0.002083
0.012429
0.000537
0.002419
0.001075
0.005509
0.001142
0.010011
0.002150
0.004636
0.000269
0.005711
0.002016
0.003897
0.001747
0.004367
0.002217
0.010817
0.003426
0.002217
0.001008
0.002217
0.003762
0.011892
0.001680
0.002620
0.001747
0.004501
0.000739
0.000605
0.008130
0.004098
0.001478
0.002016
0.003897
0.001814
0.001142
0.003897
0.005509
0.006786
0.000873
0.001008
0.001948
0.006047
0.004233
0.001344
0.010078
0.003091
0.001545
0.001008
0.000739
0.000941
0.004636
0.007659
0.000537
0.005039
0.007861
0.004098
0.000403
0.000806
0.005173
0.006316
0.002956
0.001411
0.003628
0.009876
0.000739
0.002687
0.002217
0.008801
0.000672
0.001411
0.008197
0.004031
0.001008
0.001478
0.011489
0.005106
0.001948
0.001277
0.006450
0.007995
0.006383
0.001008
0.002284
0.001814
0.001814
0.001747
0.009742
0.001612
0.001545
0.000941
0.007592
0.002352
0.006517
0.001344
0.004031
0.001881
0.002956
0.000605
0.003023
0.001545
0.002150
0.003158
0.006584
0.002150
0.004233
0.001008
0.006248
0.001680
0.007458
0.001142
0.003158
0.004031
0.000941
0.002150
0.003091
0.006719
0.000605
0.007323
0.002284
0.004770
0.000873
0.006987
0.002016
0.002956
0.001008
0.002687
0.001344
0.009339
0.000470
0.002217
0.000739
0.004905
0.000672
0.006651
0.003225
0.002553
0.000403
0.004905
0.001075
0.005039
0.003628
0.002889
0.001545
0.007794
0.003762
0.002419
0.000605
0.000672
0.001478
0.006316
0.004837
0.001209
0.002284
0.003091
0.000202
0.000941
0.005509
0.001747
0.001008
0.004703
0.004636
0.001209
0.001411
0.001545
0.002083
0.005576
0.001881
0.001478
0.002083
0.007189
0.001411
0.001545
0.005980
0.003091
0.001411
0.001612
