0.076256
0.001008
0.003695
0.006248
0.003158
0.001277
0.009675
0.005106
0.002889
0.001209
0.006517
0.003964
0.002620
0.001478
0.004434
0.011354
0.003964
0.000806
0.003830
0.006181
0.002755
0.000806
0.007995
0.007928
0.002217
0.002755
0.005980
0.003628
0.002889
0.001142
0.007189
0.007323
0.005509
0.001142
0.005241
0.004905
0.005509
0.000941
0.007323
0.003091
0.003292
0.003695
0.009473
0.003561
0.006786
0.000739
0.005106
0.002217
0.003897
0.001075
0.003494
0.002889
0.004569
0.002016
0.012698
0.004703
0.002217
0.000806
0.005442
0.002822
0.010750
0.002352
0.006316
0.005442
0.003695
0.000873
0.002620
0.007726
0.002016
0.003628
0.002150
0.003359
0.002553
0.003292
0.006047
0.003897
0.001747
0.001277
0.002687
0.006450
0.003158
0.000873
0.002620
0.004031
0.003494
0.007256
0.005644
0.004837
0.001747
0.001344
0.003158
0.003762
0.003225
0.002083
0.004233
0.008869
0.002956
0.001209
0.002083
0.004233
0.002822
0.006987
0.003158
0.002889
0.002352
0.001612
0.004972
0.002083
0.007189
0.001142
0.003561
0.002620
0.005442
0.002150
0.002486
0.004031
0.003628
0.003964
0.003494
0.001948
0.001142
0.002889
0.003091
0.001277
0.004972
0.002486
0.003091
0.002419
0.001545
0.001277
0.004837
0.006719
0.002486
0.002889
0.006383
0.004233
0.002150
0.000470
0.004703
0.004972
0.004972
0.001680
0.003964
0.005711
0.002083
0.001478
0.003628
0.008600
0.001747
0.001142
0.008533
0.005039
0.001680
0.000941
0.008130
0.002419
0.003091
0.001075
0.005711
0.007592
0.010615
0.001209
0.006248
0.002217
0.002553
0.001277
0.006987
0.001747
0.002755
0.000739
0.011489
0.003091
0.006853
0.001478
0.004905
0.002755
0.004233
0.000941
0.002553
0.002016
0.003023
0.003695
0.008465
0.003628
0.002687
0.000672
0.004031
0.001545
0.006114
0.002016
0.005375
0.006987
0.001478
0.001142
0.003292
0.010548
0.001612
0.002620
0.003830
0.003762
0.001948
0.007122
0.004166
0.003830
0.003158
0.001545
0.002755
0.005106
0.001612
0.000739
0.001478
0.003964
0.001948
0.003292
0.006383
0.002889
0.001142
0.000470
0.001209
0.001478
0.004837
0.001277
0.003158
0.007390
0.003964
0.001680
0.002217
0.001948
0.001612
0.002419
0.005375
0.002150
0.001344
0.001948
0.003023
0.002620
0.004233
0.001209
0.003158
0.004569
0.005980
0.002016
0.001814
0.001948
0.003359
0.002956
0.003561
0.002083
0.002016
0.004434
0.001209
0.001680
0.004501
0.001545
0.003091
0.003359
