0.092448
0.001545
0.002755
0.006719
0.003359
0.002486
0.011825
0.004367
0.001277
0.001612
0.003158
0.004703
0.002217
0.003158
0.004434
0.012765
0.004098
0.001881
0.003426
0.006047
0.001478
0.002352
0.010615
0.008197
0.001142
0.003695
0.004569
0.003292
0.001478
0.002284
0.004166
0.014042
0.003628
0.001680
0.003158
0.004837
0.003830
0.001411
0.009339
0.002016
0.000739
0.003426
0.004569
0.002620
0.008331
0.001142
0.007122
0.001209
0.003158
0.001209
0.002889
0.001814
0.004770
0.002620
0.013370
0.003561
0.002217
0.001948
0.002956
0.001814
0.011354
0.001747
0.004367
0.002889
0.003561
0.001545
0.002083
0.006719
0.001344
0.005576
0.001545
0.006047
0.001142
0.004098
0.004367
0.003091
0.001142
0.004098
0.002352
0.007861
0.001881
0.002284
0.001680
0.004367
0.003023
0.010683
0.002284
0.003830
0.000739
0.003023
0.002486
0.002956
0.002016
0.003158
0.002956
0.013034
0.002419
0.002016
0.001680
0.002352
0.003695
0.010951
0.002352
0.003359
0.001411
0.002486
0.002150
0.001747
0.010078
0.004300
0.002620
0.003091
0.004501
0.002419
0.001747
0.004233
0.004166
0.007794
0.002217
0.001545
0.001747
0.004501
0.003897
0.001612
0.005576
0.003695
0.002486
0.001344
0.001142
0.002083
0.002553
0.005778
0.002016
0.003359
0.007928
0.005106
0.000941
0.001142
0.003158
0.003628
0.004367
0.001814
0.003695
0.008398
0.001680
0.002016
0.002352
0.007390
0.001344
0.002687
0.007726
0.005375
0.002822
0.001814
0.006517
0.002284
0.002553
0.002150
0.002419
0.008801
0.004770
0.002486
0.002687
0.002016
0.002956
0.001948
0.006920
0.002687
0.001747
0.001814
0.009205
0.003023
0.005106
0.001545
0.004703
0.002822
0.002620
0.000806
0.003561
0.001075
0.002486
0.003695
0.007189
0.002553
0.002352
0.000806
0.002553
0.001142
0.008264
0.002016
0.002016
0.005308
0.001142
0.002419
0.001948
0.006987
0.000873
0.004233
0.002822
0.004837
0.002284
0.007592
0.002016
0.003225
0.002083
0.003091
0.002620
0.006114
0.000672
0.002553
0.000941
0.003091
0.001478
0.005845
0.004501
0.004569
0.000806
0.002956
0.000672
0.002553
0.004569
0.001881
0.001680
0.007122
0.004166
0.003091
0.001344
0.001142
0.002419
0.006383
0.004098
0.002553
0.001747
0.002419
0.000605
0.001948
0.007055
0.003292
0.002553
0.004300
0.005576
0.001411
0.002284
0.001881
0.003359
0.004367
0.002956
0.002150
0.001680
0.007256
0.001277
0.002553
0.004367
0.002352
0.001411
0.003426
