0.093523
0.001344
0.003494
0.005711
0.002755
0.003158
0.012497
0.004031
0.001277
0.001881
0.006853
0.002553
0.002486
0.002284
0.005912
0.013975
0.003897
0.000672
0.003158
0.006450
0.001814
0.001881
0.007928
0.007256
0.002217
0.004905
0.008197
0.002284
0.000873
0.001612
0.005375
0.011153
0.004031
0.001612
0.002956
0.004636
0.005173
0.001075
0.008667
0.001411
0.001478
0.003964
0.007995
0.000873
0.006987
0.002553
0.006181
0.001277
0.004166
0.001277
0.003561
0.001747
0.004031
0.002486
0.011556
0.002956
0.003762
0.002352
0.005308
0.001008
0.007861
0.001948
0.003292
0.002620
0.002889
0.001948
0.001411
0.005375
0.001209
0.009742
0.002083
0.005711
0.001075
0.005106
0.004434
0.001478
0.000873
0.006248
0.002889
0.008331
0.001814
0.002956
0.001680
0.004031
0.002486
0.009205
0.002083
0.003561
0.001008
0.004434
0.002553
0.001008
0.001277
0.003695
0.003225
0.010683
0.002755
0.000941
0.001478
0.001545
0.003695
0.011153
0.002755
0.001881
0.002083
0.003023
0.003292
0.001075
0.009809
0.003426
0.004098
0.002217
0.004434
0.002083
0.002016
0.004367
0.003628
0.006047
0.001948
0.002419
0.003158
0.005375
0.005442
0.001142
0.004770
0.003494
0.001142
0.000941
0.000605
0.001142
0.003359
0.006181
0.001680
0.006383
0.010212
0.002889
0.000941
0.001008
0.005980
0.003762
0.003762
0.001478
0.003561
0.008331
0.001478
0.001747
0.003494
0.007323
0.001209
0.002956
0.008398
0.003359
0.002284
0.002150
0.009473
0.002419
0.002150
0.001209
0.003561
0.008801
0.005711
0.001680
0.002620
0.001881
0.003023
0.002889
0.008667
0.001075
0.001747
0.001680
0.008667
0.001411
0.005442
0.001478
0.004501
0.002352
0.002620
0.001142
0.004300
0.000269
0.002553
0.003762
0.008936
0.001209
0.003897
0.001411
0.003964
0.000605
0.004031
0.001948
0.001680
0.004837
0.001478
0.001545
0.003292
0.007659
0.001747
0.008869
0.003359
0.003023
0.002150
0.008801
0.002083
0.001814
0.002553
0.001747
0.001612
0.007928
0.001142
0.002755
0.001478
0.003158
0.001008
0.006383
0.005711
0.002352
0.000672
0.002822
0.001142
0.001881
0.002889
0.002352
0.001814
0.006517
0.004098
0.001209
0.001612
0.000941
0.003023
0.007122
0.005778
0.001075
0.001680
0.003292
0.001478
0.000806
0.006920
0.001545
0.003023
0.003830
0.004636
0.001209
0.001747
0.001545
0.003225
0.005375
0.003225
0.001478
0.002284
0.005644
0.001344
0.001881
0.003426
0.003023
0.002217
0.002956
