0.072292
0.001612
0.003292
0.005106
0.004770
0.001478
0.007861
0.003292
0.002284
0.001881
0.005576
0.002822
0.003158
0.001478
0.003359
0.006114
0.004636
0.001344
0.003561
0.005442
0.004098
0.001478
0.005173
0.004770
0.001545
0.002687
0.005711
0.002150
0.003426
0.002217
0.004434
0.004300
0.009608
0.001478
0.006920
0.006517
0.005106
0.001411
0.004569
0.003225
0.002755
0.004300
0.007390
0.002419
0.004770
0.001478
0.003561
0.001411
0.005576
0.001747
0.004972
0.003830
0.005442
0.002217
0.007189
0.003964
0.002687
0.002016
0.003628
0.001680
0.009675
0.002150
0.006987
0.004300
0.008465
0.001411
0.003426
0.007390
0.003762
0.002822
0.003091
0.003359
0.002889
0.004233
0.004972
0.002889
0.002755
0.002352
0.002016
0.002956
0.004434
0.000672
0.003426
0.003964
0.004905
0.006651
0.004569
0.003359
0.001948
0.002016
0.003561
0.002083
0.004233
0.002486
0.004703
0.006181
0.006719
0.001344
0.003292
0.003225
0.004098
0.004770
0.003561
0.002419
0.003158
0.002352
0.004300
0.002352
0.006383
0.001747
0.002083
0.001478
0.005778
0.001075
0.002620
0.004703
0.004905
0.002486
0.003494
0.003023
0.001814
0.003762
0.003561
0.001814
0.005644
0.001545
0.003494
0.002419
0.002284
0.001814
0.003561
0.004770
0.002284
0.003359
0.005039
0.002755
0.002889
0.001680
0.004837
0.002083
0.005375
0.002016
0.004098
0.004166
0.002016
0.000605
0.002217
0.006786
0.002687
0.001411
0.005711
0.002822
0.002553
0.001075
0.008062
0.002352
0.006316
0.001881
0.006181
0.005039
0.010884
0.001478
0.005644
0.004434
0.003426
0.001881
0.005509
0.002217
0.003292
0.001545
0.011220
0.002419
0.006987
0.001612
0.004166
0.003426
0.003426
0.001209
0.002956
0.002083
0.003023
0.004300
0.005644
0.002889
0.003628
0.000806
0.004031
0.002284
0.008869
0.002486
0.005509
0.007189
0.004031
0.001948
0.002284
0.009137
0.002217
0.002822
0.002083
0.002419
0.003494
0.008197
0.003292
0.003762
0.005106
0.002486
0.003695
0.004837
0.002150
0.001209
0.002889
0.002352
0.003964
0.003023
0.004972
0.003158
0.002083
0.002217
0.002620
0.002620
0.008331
0.002150
0.004905
0.005644
0.003830
0.001680
0.003023
0.001881
0.002620
0.002352
0.003695
0.001612
0.003292
0.001680
0.002419
0.002016
0.005509
0.001478
0.004166
0.004636
0.007256
0.001209
0.002016
0.001680
0.003762
0.002553
0.003359
0.002284
0.003426
0.005173
0.002150
0.002016
0.007122
0.002150
0.004434
0.004501
