0.080623
0.001075
0.004837
0.005576
0.004837
0.000806
0.009137
0.004098
0.001545
0.001142
0.007928
0.004098
0.004905
0.001344
0.003023
0.009809
0.003695
0.001277
0.003023
0.006047
0.003359
0.001008
0.007726
0.004636
0.002419
0.003225
0.005912
0.002419
0.002687
0.000739
0.007323
0.007122
0.007256
0.001478
0.005576
0.003964
0.004837
0.001075
0.007256
0.001948
0.002486
0.002284
0.008667
0.003158
0.007592
0.001277
0.004837
0.002284
0.005106
0.001747
0.003292
0.003158
0.004905
0.002620
0.009540
0.003964
0.003023
0.001142
0.005778
0.001680
0.010347
0.002083
0.006181
0.004703
0.007256
0.001411
0.003494
0.005241
0.003023
0.002889
0.002486
0.003292
0.002083
0.002486
0.007055
0.001814
0.002889
0.002016
0.002352
0.005711
0.003494
0.001075
0.002755
0.003426
0.002620
0.005173
0.005711
0.002956
0.001545
0.001881
0.002956
0.001881
0.004905
0.001075
0.005576
0.007995
0.005241
0.001612
0.003426
0.003292
0.004703
0.007055
0.003426
0.003561
0.001881
0.001747
0.002822
0.001344
0.006651
0.001411
0.003628
0.002822
0.006114
0.002083
0.002687
0.004770
0.003964
0.002486
0.003158
0.002553
0.002889
0.004166
0.004166
0.001209
0.007525
0.002150
0.003091
0.002352
0.002822
0.001344
0.006181
0.005106
0.002755
0.003830
0.006853
0.002486
0.002016
0.001142
0.005576
0.003292
0.005576
0.002083
0.003158
0.007055
0.002352
0.000672
0.002755
0.006987
0.002486
0.001142
0.009406
0.004636
0.001747
0.000873
0.006248
0.002486
0.004098
0.000806
0.006584
0.006920
0.008197
0.001680
0.005509
0.002284
0.004098
0.001075
0.006853
0.002150
0.001478
0.001075
0.010011
0.002217
0.006316
0.002016
0.004837
0.003292
0.003964
0.000873
0.004098
0.001411
0.003830
0.002956
0.007525
0.002620
0.003023
0.000605
0.004703
0.001747
0.008130
0.001612
0.005980
0.005980
0.002284
0.000739
0.003091
0.006786
0.001747
0.001948
0.002822
0.001747
0.002284
0.006248
0.003762
0.002889
0.003494
0.001478
0.002553
0.006920
0.001478
0.000605
0.001814
0.001344
0.003091
0.002889
0.007189
0.002486
0.001948
0.001075
0.001344
0.001881
0.007928
0.001545
0.004636
0.005375
0.004837
0.001008
0.001680
0.001344
0.003023
0.002822
0.005308
0.001680
0.003158
0.001747
0.002553
0.002016
0.004972
0.002889
0.002553
0.005711
0.006181
0.001478
0.001680
0.002083
0.003091
0.002284
0.002419
0.001478
0.002755
0.006651
0.002486
0.001680
0.006316
0.002217
0.003091
0.002620
