0.085461
0.000672
0.003494
0.003695
0.001814
0.002016
0.011422
0.002486
0.000336
0.001881
0.006920
0.001612
0.002889
0.002284
0.004569
0.011354
0.004434
0.000941
0.002822
0.003830
0.001680
0.000873
0.012564
0.005845
0.001008
0.003494
0.008465
0.002352
0.001344
0.001545
0.007928
0.013706
0.005576
0.000873
0.001881
0.004434
0.004233
0.001209
0.009137
0.001008
0.002284
0.003158
0.007659
0.000739
0.009473
0.001008
0.009540
0.001142
0.005778
0.000941
0.002956
0.000672
0.004166
0.001075
0.013236
0.001478
0.002620
0.002687
0.007390
0.000470
0.009473
0.002419
0.005173
0.001612
0.003158
0.001209
0.001008
0.005576
0.001612
0.015117
0.001277
0.004703
0.001008
0.007189
0.004501
0.001277
0.001209
0.009272
0.001814
0.008533
0.001277
0.003158
0.000605
0.003964
0.002217
0.015050
0.003023
0.002889
0.000873
0.005442
0.002083
0.001680
0.001612
0.004972
0.002620
0.012228
0.003964
0.000873
0.000739
0.001277
0.003964
0.012026
0.002083
0.002486
0.002687
0.004972
0.001545
0.000873
0.012698
0.003359
0.003091
0.002217
0.006651
0.000605
0.001948
0.003897
0.006853
0.007189
0.001411
0.001612
0.002150
0.006517
0.004367
0.000873
0.009339
0.002553
0.001680
0.000739
0.000672
0.001075
0.005039
0.004031
0.001747
0.004031
0.008600
0.001411
0.000336
0.000873
0.004434
0.001075
0.005576
0.001209
0.002956
0.007055
0.001881
0.001612
0.003292
0.006047
0.001008
0.001881
0.009675
0.002419
0.001008
0.001344
0.006719
0.001478
0.002150
0.001142
0.003964
0.008264
0.006719
0.001209
0.004098
0.000941
0.002553
0.001277
0.008869
0.000605
0.002352
0.000806
0.009809
0.000873
0.008869
0.001008
0.003426
0.001680
0.003897
0.000672
0.003897
0.000605
0.001814
0.004501
0.009070
0.001277
0.003494
0.000537
0.004031
0.000269
0.005845
0.001411
0.003023
0.003830
0.000873
0.001881
0.002217
0.007458
0.001344
0.009406
0.002150
0.002553
0.001209
0.011556
0.001948
0.001612
0.002284
0.003426
0.001277
0.005644
0.000739
0.002620
0.001075
0.002956
0.001142
0.008331
0.005576
0.002150
0.000672
0.004837
0.001209
0.002284
0.003897
0.003494
0.001277
0.006853
0.005644
0.002687
0.001411
0.000269
0.002083
0.006853
0.004636
0.000941
0.003897
0.004501
0.000806
0.000605
0.007592
0.000873
0.001277
0.004501
0.005576
0.001881
0.002352
0.001209
0.003225
0.005644
0.002284
0.001209
0.002486
0.007122
0.002284
0.000873
0.007659
0.001948
0.000873
0.000941
