0.092851
0.001008
0.003359
0.003225
0.002822
0.002150
0.016931
0.005509
0.001747
0.002419
0.004837
0.002284
0.002486
0.001747
0.004905
0.011690
0.003023
0.001344
0.003023
0.004837
0.002755
0.001881
0.010750
0.005576
0.001277
0.003359
0.009675
0.002150
0.002553
0.001344
0.005845
0.007861
0.004166
0.001075
0.002486
0.003897
0.003359
0.001545
0.010951
0.002083
0.002016
0.003897
0.009473
0.002217
0.004367
0.001142
0.006114
0.002352
0.002620
0.001008
0.004166
0.003628
0.002352
0.002687
0.015453
0.002755
0.001545
0.002150
0.004703
0.002553
0.008801
0.001545
0.004098
0.003091
0.003023
0.000806
0.002956
0.004837
0.001478
0.003695
0.003561
0.004367
0.001612
0.004501
0.006383
0.002486
0.001075
0.002083
0.003695
0.006383
0.003023
0.000873
0.003091
0.002755
0.002150
0.009137
0.002755
0.004367
0.001344
0.002419
0.005241
0.003023
0.002016
0.002217
0.004300
0.009070
0.001948
0.001277
0.003091
0.003494
0.003561
0.006786
0.003695
0.003426
0.001948
0.001948
0.004703
0.001881
0.008062
0.000941
0.004636
0.002687
0.004770
0.000672
0.003830
0.004166
0.002016
0.003359
0.003292
0.002352
0.001747
0.003897
0.006248
0.002419
0.004569
0.001209
0.004031
0.001881
0.001612
0.000739
0.003762
0.006248
0.001881
0.004300
0.012765
0.003292
0.000941
0.000941
0.005509
0.003225
0.003964
0.001411
0.004233
0.006651
0.001814
0.001612
0.003830
0.008264
0.001008
0.002755
0.007122
0.003494
0.001948
0.001411
0.010750
0.002284
0.002284
0.001344
0.003830
0.004300
0.006383
0.000672
0.002150
0.002822
0.002889
0.002150
0.008062
0.001814
0.002016
0.001008
0.014176
0.002956
0.003091
0.000806
0.004837
0.002352
0.003695
0.001008
0.003561
0.001881
0.002016
0.004434
0.010481
0.002352
0.002150
0.001008
0.005509
0.002486
0.004569
0.000873
0.003830
0.004703
0.001411
0.001612
0.003426
0.007659
0.001008
0.002486
0.005711
0.002956
0.002486
0.008062
0.002956
0.002486
0.002217
0.001142
0.003292
0.004501
0.002553
0.000672
0.003494
0.002486
0.002083
0.004367
0.006517
0.002620
0.002083
0.003225
0.002486
0.002553
0.004098
0.001209
0.003561
0.006517
0.003426
0.000806
0.002889
0.002486
0.001545
0.003762
0.007390
0.002217
0.000941
0.001747
0.002822
0.001545
0.004905
0.001075
0.003225
0.004501
0.006853
0.000470
0.003830
0.001881
0.001814
0.002956
0.005845
0.001612
0.001948
0.005912
0.003628
0.002755
0.002687
0.001747
0.003292
0.004501
