0.076122
0.001948
0.002822
0.001008
0.003762
0.002956
0.007525
0.000605
0.002016
0.003628
0.003695
0.000941
0.003359
0.003628
0.005173
0.006584
0.006181
0.001344
0.004031
0.002486
0.002553
0.002553
0.004703
0.001814
0.002352
0.003762
0.005509
0.000873
0.002352
0.002486
0.003964
0.002956
0.008533
0.002822
0.004636
0.002687
0.005509
0.003023
0.005509
0.000605
0.004501
0.005442
0.005980
0.000941
0.006248
0.002755
0.006047
0.000873
0.006248
0.003359
0.005375
0.001277
0.005375
0.004098
0.008869
0.001209
0.003359
0.003964
0.004703
0.000403
0.006651
0.004972
0.005039
0.001814
0.005711
0.003292
0.002352
0.002217
0.003292
0.006047
0.002486
0.001411
0.002553
0.009205
0.004367
0.000941
0.002889
0.003023
0.002755
0.002687
0.004434
0.002486
0.003494
0.001344
0.006114
0.007256
0.002687
0.000941
0.002822
0.005173
0.002956
0.000739
0.005039
0.004703
0.002822
0.005375
0.006248
0.003964
0.002352
0.001344
0.004300
0.009406
0.004837
0.001209
0.003964
0.006047
0.003158
0.000873
0.009272
0.004233
0.003762
0.001344
0.009003
0.003494
0.002956
0.002956
0.005106
0.006719
0.003023
0.000806
0.003158
0.005912
0.003695
0.000806
0.005778
0.006248
0.002822
0.001209
0.003628
0.002150
0.002284
0.001612
0.003426
0.005039
0.004972
0.001008
0.002822
0.001478
0.002755
0.000403
0.007122
0.002083
0.003628
0.002687
0.002822
0.001411
0.004166
0.004636
0.002687
0.004367
0.005711
0.001680
0.002755
0.001142
0.007592
0.000605
0.004233
0.002419
0.003091
0.002352
0.007794
0.002419
0.002217
0.001344
0.004031
0.004233
0.006316
0.000537
0.004233
0.002150
0.009473
0.000739
0.007995
0.002284
0.005308
0.001075
0.004770
0.002822
0.004770
0.000537
0.003426
0.007323
0.006181
0.001747
0.004098
0.001680
0.005039
0.000941
0.008465
0.003494
0.003964
0.003695
0.003830
0.003830
0.001545
0.005375
0.002352
0.004837
0.002889
0.001344
0.003494
0.009809
0.001612
0.001075
0.003762
0.002889
0.002217
0.002016
0.002687
0.002150
0.003023
0.000806
0.003964
0.008734
0.005106
0.001478
0.002016
0.003494
0.002419
0.000470
0.007122
0.003628
0.002284
0.002553
0.005442
0.002822
0.001612
0.001008
0.003494
0.006651
0.005308
0.001344
0.004434
0.004434
0.001680
0.000873
0.007726
0.002352
0.003762
0.003426
0.008533
0.003830
0.002150
0.000806
0.004569
0.008062
0.003359
0.000739
0.003897
0.008264
0.002822
0.000537
0.006987
0.004770
0.002553
0.000941
