0.086469
0.000941
0.002889
0.005576
0.002419
0.001344
0.011825
0.005644
0.001142
0.001008
0.006316
0.002889
0.002620
0.001142
0.005375
0.014042
0.003628
0.000336
0.003628
0.006114
0.001814
0.001411
0.013975
0.007055
0.001008
0.002486
0.005778
0.003292
0.001075
0.001478
0.007390
0.016192
0.003762
0.001008
0.002822
0.003494
0.003561
0.001008
0.010481
0.002016
0.001814
0.003628
0.007726
0.001545
0.009003
0.001209
0.007323
0.001142
0.005241
0.000605
0.004569
0.001277
0.003964
0.001747
0.012900
0.001478
0.002755
0.001344
0.006920
0.000605
0.010279
0.002822
0.005509
0.002486
0.003561
0.001277
0.001612
0.004837
0.001948
0.009272
0.001142
0.009205
0.001277
0.004166
0.005173
0.002217
0.001545
0.002889
0.001142
0.012900
0.001008
0.001344
0.001612
0.005039
0.002755
0.011287
0.002687
0.004031
0.001075
0.003426
0.001747
0.003964
0.002486
0.002956
0.002687
0.012228
0.004501
0.001680
0.001680
0.000941
0.003225
0.010683
0.003158
0.002889
0.002486
0.003426
0.001680
0.001209
0.010145
0.003628
0.003359
0.002419
0.004367
0.001008
0.001478
0.003225
0.005375
0.009272
0.001142
0.001747
0.002217
0.004837
0.002822
0.001209
0.006786
0.003897
0.001075
0.001209
0.000873
0.000605
0.005241
0.009809
0.001814
0.003158
0.006987
0.002889
0.001075
0.000873
0.006114
0.003359
0.004166
0.000202
0.003695
0.008667
0.001344
0.000941
0.003426
0.007659
0.001545
0.001478
0.009540
0.003359
0.001344
0.001209
0.008533
0.003762
0.001612
0.001142
0.004233
0.008130
0.006920
0.000672
0.003426
0.002150
0.001814
0.001209
0.008398
0.001277
0.001545
0.001008
0.008936
0.001881
0.006719
0.000873
0.004300
0.002150
0.002755
0.000470
0.005375
0.001075
0.001881
0.004031
0.007794
0.001075
0.003158
0.000806
0.007525
0.001209
0.006719
0.001612
0.002822
0.003897
0.001545
0.000806
0.002620
0.008062
0.001142
0.005845
0.002150
0.004031
0.002419
0.007659
0.002016
0.002822
0.001680
0.002352
0.001881
0.008533
0.000672
0.002284
0.000806
0.003561
0.002016
0.006248
0.005241
0.002553
0.000806
0.003091
0.000739
0.004501
0.003830
0.001680
0.001344
0.006517
0.005442
0.000873
0.001008
0.000806
0.001680
0.004905
0.005039
0.000873
0.003158
0.003158
0.000873
0.000873
0.005778
0.001277
0.001881
0.003292
0.007189
0.000941
0.001209
0.001948
0.003762
0.006786
0.001478
0.001142
0.002217
0.006248
0.000806
0.001411
0.005173
0.002352
0.001209
0.001881
