0.077802
0.001478
0.002889
0.004031
0.002822
0.001277
0.009473
0.002889
0.002217
0.001075
0.004837
0.003897
0.002755
0.002016
0.003830
0.008130
0.006316
0.001277
0.004367
0.004636
0.002889
0.001075
0.009608
0.005106
0.002217
0.003158
0.007390
0.002620
0.003628
0.001142
0.006383
0.007122
0.005509
0.002083
0.003426
0.005711
0.004636
0.000605
0.005509
0.002687
0.002553
0.003023
0.006920
0.003158
0.006987
0.001747
0.004972
0.002755
0.004837
0.001612
0.004233
0.003023
0.004166
0.001075
0.010145
0.004501
0.002822
0.001075
0.005375
0.001747
0.007122
0.003091
0.005039
0.004300
0.004233
0.001747
0.003561
0.006651
0.002419
0.002150
0.002687
0.003897
0.002150
0.003561
0.005173
0.004031
0.002822
0.002083
0.002486
0.005039
0.003762
0.001209
0.002687
0.003091
0.003830
0.004501
0.005241
0.004569
0.002553
0.001747
0.002889
0.002352
0.003494
0.001680
0.004569
0.007726
0.003426
0.001612
0.003091
0.002150
0.003830
0.005711
0.003830
0.003225
0.002083
0.001411
0.003494
0.002016
0.007861
0.001545
0.004166
0.003561
0.007122
0.001411
0.004166
0.004703
0.004233
0.002889
0.003830
0.003359
0.002687
0.003225
0.006450
0.002620
0.004837
0.001747
0.003695
0.002822
0.001948
0.001008
0.004300
0.005375
0.003359
0.003494
0.007458
0.002486
0.001814
0.000605
0.005576
0.002822
0.006450
0.001680
0.005509
0.007256
0.002687
0.001277
0.004098
0.006920
0.002553
0.001612
0.006114
0.003359
0.003023
0.001209
0.009406
0.002284
0.004233
0.001612
0.004837
0.005980
0.006517
0.001478
0.005106
0.003762
0.003897
0.001277
0.006316
0.002083
0.002956
0.001142
0.010145
0.002755
0.006987
0.001948
0.004569
0.004233
0.003628
0.001344
0.004098
0.002620
0.003494
0.003830
0.006517
0.002822
0.002889
0.000672
0.004233
0.002486
0.005980
0.001612
0.004434
0.005509
0.002083
0.001344
0.003897
0.007726
0.002083
0.002217
0.003292
0.002150
0.002620
0.005711
0.003023
0.004905
0.003762
0.001612
0.002553
0.006316
0.002016
0.001209
0.002822
0.002284
0.002889
0.002822
0.005375
0.002284
0.003225
0.001545
0.002822
0.002687
0.006181
0.001209
0.004233
0.005644
0.004569
0.000941
0.003158
0.001545
0.003292
0.002083
0.005778
0.003359
0.002553
0.001075
0.002016
0.001948
0.006047
0.001209
0.002822
0.005173
0.006987
0.001209
0.002217
0.001948
0.002822
0.002217
0.004837
0.002284
0.003158
0.005308
0.002620
0.002217
0.006248
0.001814
0.003628
0.004501
