0.089694
0.001277
0.004166
0.006987
0.001948
0.002822
0.012161
0.005845
0.000806
0.001142
0.004367
0.004233
0.001747
0.002486
0.004098
0.013504
0.004166
0.001948
0.002889
0.005845
0.001680
0.001478
0.014109
0.008062
0.001344
0.003695
0.005241
0.002755
0.001411
0.001881
0.004972
0.013169
0.003158
0.001478
0.001545
0.005241
0.004837
0.001209
0.013840
0.002150
0.001411
0.003359
0.005308
0.002553
0.009608
0.001881
0.007055
0.001680
0.004501
0.000739
0.003158
0.002150
0.004233
0.001747
0.014445
0.002352
0.002620
0.001881
0.004233
0.001008
0.010951
0.002889
0.003762
0.002553
0.003695
0.001344
0.001612
0.006719
0.000941
0.007861
0.001209
0.007390
0.001008
0.003964
0.004770
0.003292
0.000739
0.004233
0.001478
0.008062
0.001008
0.001680
0.001411
0.003830
0.002150
0.010817
0.002553
0.005375
0.001075
0.003494
0.001478
0.002620
0.002083
0.003292
0.002889
0.013437
0.001680
0.002217
0.001142
0.001814
0.004300
0.012833
0.001814
0.004434
0.001344
0.002150
0.001747
0.001545
0.012228
0.002956
0.003225
0.001948
0.005241
0.001612
0.001277
0.003292
0.004703
0.009406
0.001948
0.001545
0.001277
0.004703
0.003091
0.001075
0.006651
0.004300
0.001747
0.000873
0.000537
0.001008
0.003292
0.006920
0.001478
0.004501
0.008264
0.004166
0.000941
0.000605
0.004031
0.004031
0.004972
0.002284
0.002687
0.008667
0.001545
0.002486
0.002419
0.006719
0.001814
0.001411
0.008667
0.004972
0.002419
0.002687
0.005509
0.002687
0.002755
0.001209
0.003964
0.009406
0.005039
0.002352
0.002150
0.001881
0.003359
0.001814
0.007458
0.002687
0.001008
0.001209
0.008398
0.003158
0.006316
0.001008
0.002956
0.002687
0.002419
0.001008
0.003158
0.001411
0.001747
0.003494
0.006316
0.003359
0.001814
0.000672
0.002755
0.001478
0.007861
0.001142
0.003225
0.005576
0.000672
0.001545
0.001881
0.008331
0.001478
0.005845
0.002553
0.003762
0.001747
0.007592
0.002150
0.002755
0.002016
0.002016
0.002284
0.006316
0.000806
0.002217
0.000941
0.002150
0.001209
0.005845
0.004501
0.003762
0.000873
0.002956
0.001008
0.003359
0.004300
0.002150
0.002016
0.008869
0.003091
0.002083
0.001008
0.001008
0.003292
0.005241
0.004233
0.002217
0.001209
0.002553
0.001075
0.001411
0.006987
0.001948
0.002016
0.003091
0.005375
0.001612
0.001881
0.001747
0.002150
0.005778
0.002419
0.002150
0.002083
0.008062
0.001277
0.003359
0.004501
0.002486
0.001411
0.002284
