0.078272
0.000941
0.002755
0.006114
0.002687
0.002419
0.014512
0.004905
0.000470
0.001948
0.006114
0.002822
0.001545
0.002822
0.004905
0.014445
0.003225
0.001075
0.001814
0.005912
0.001478
0.001948
0.013840
0.008264
0.001680
0.004434
0.007122
0.002553
0.001344
0.001142
0.004367
0.010951
0.003964
0.001142
0.002419
0.003292
0.006114
0.001680
0.014042
0.002150
0.001478
0.003561
0.007390
0.001478
0.008533
0.001478
0.008734
0.000739
0.004367
0.000941
0.001814
0.001612
0.003830
0.003426
0.015386
0.002687
0.002687
0.001612
0.004905
0.001680
0.012295
0.002352
0.004905
0.002016
0.003225
0.001142
0.002150
0.004569
0.001612
0.009003
0.001747
0.006450
0.001545
0.004770
0.004367
0.002284
0.000873
0.004703
0.001545
0.008869
0.001209
0.002486
0.000873
0.004233
0.001344
0.010548
0.003158
0.004905
0.001142
0.003762
0.002755
0.002956
0.001344
0.002486
0.003695
0.011489
0.003158
0.002217
0.001747
0.000873
0.003561
0.011959
0.002687
0.003561
0.002217
0.003830
0.002553
0.000605
0.009876
0.004703
0.002083
0.002016
0.004367
0.001545
0.001411
0.004098
0.006584
0.006584
0.001612
0.001411
0.002486
0.004972
0.004300
0.002284
0.006651
0.003292
0.002083
0.001008
0.000806
0.001411
0.003158
0.004837
0.001814
0.004367
0.009205
0.004098
0.000873
0.001344
0.004098
0.003561
0.003830
0.003023
0.003561
0.009675
0.000873
0.002150
0.002486
0.007189
0.001814
0.001948
0.008465
0.003628
0.002889
0.002083
0.008331
0.002284
0.001948
0.001545
0.003426
0.008398
0.006584
0.002352
0.002687
0.001948
0.002822
0.002486
0.007256
0.002217
0.002016
0.001478
0.009675
0.002284
0.007390
0.001142
0.004703
0.001142
0.002755
0.000873
0.001881
0.000537
0.001814
0.004837
0.008398
0.001680
0.004636
0.000537
0.004837
0.001545
0.006047
0.001344
0.003359
0.004501
0.001142
0.001411
0.002553
0.005442
0.001545
0.005241
0.003830
0.002687
0.002284
0.008130
0.001680
0.002083
0.001747
0.002956
0.001948
0.006248
0.000336
0.002016
0.001008
0.003494
0.001277
0.006383
0.004367
0.004166
0.000941
0.003023
0.000873
0.003023
0.003897
0.001612
0.002083
0.006181
0.003426
0.001814
0.001142
0.000605
0.002822
0.006719
0.004569
0.001747
0.002755
0.001814
0.001411
0.000873
0.006517
0.002620
0.001612
0.004770
0.005509
0.001209
0.002755
0.001948
0.003762
0.005845
0.002956
0.001411
0.001747
0.006316
0.002352
0.003359
0.005039
0.001881
0.001209
0.001881
