0.086402
0.001142
0.004166
0.008264
0.002687
0.001948
0.012026
0.004837
0.000739
0.001344
0.006719
0.004098
0.002553
0.001612
0.004569
0.013101
0.004770
0.001142
0.001545
0.005442
0.001747
0.001209
0.012362
0.010683
0.001411
0.004569
0.005778
0.002553
0.001075
0.001814
0.007390
0.015789
0.005576
0.000941
0.001814
0.003561
0.005308
0.000739
0.010212
0.001277
0.001411
0.003494
0.007055
0.001344
0.009876
0.001478
0.005173
0.000806
0.004434
0.000806
0.001142
0.001008
0.004031
0.001075
0.011086
0.002822
0.001881
0.002284
0.005375
0.000537
0.011422
0.001411
0.003762
0.002956
0.004098
0.001478
0.002083
0.006987
0.002620
0.010414
0.000806
0.007928
0.001344
0.004098
0.004166
0.002620
0.001008
0.006114
0.001277
0.013236
0.002419
0.002016
0.000605
0.004770
0.002284
0.007525
0.001612
0.004098
0.001008
0.004837
0.001814
0.002150
0.001545
0.004031
0.003225
0.011086
0.003897
0.001948
0.000873
0.001008
0.004166
0.011086
0.002486
0.001478
0.002083
0.002822
0.002150
0.000470
0.011220
0.003091
0.002486
0.001277
0.005241
0.001142
0.001478
0.003426
0.005778
0.004837
0.000873
0.000806
0.002419
0.006114
0.004501
0.000941
0.008533
0.002822
0.001545
0.001008
0.000537
0.000873
0.002284
0.009205
0.001545
0.005241
0.008533
0.003091
0.001142
0.000739
0.003494
0.004031
0.004300
0.001612
0.003091
0.007861
0.001680
0.001545
0.001948
0.007390
0.001411
0.001277
0.010548
0.006786
0.001680
0.002284
0.007323
0.002687
0.003158
0.001075
0.004905
0.010481
0.006047
0.001747
0.002150
0.001747
0.002755
0.002083
0.008734
0.001612
0.001545
0.002419
0.008667
0.002150
0.007189
0.001142
0.002620
0.001411
0.002956
0.001075
0.002687
0.000672
0.001612
0.004434
0.007928
0.001008
0.003426
0.000873
0.003695
0.000672
0.009003
0.000470
0.002284
0.004031
0.001142
0.001344
0.001948
0.008130
0.002553
0.009205
0.002016
0.002956
0.001075
0.006651
0.000941
0.002553
0.003158
0.002284
0.001277
0.007525
0.000739
0.002755
0.000739
0.003628
0.001814
0.005241
0.004905
0.004300
0.000873
0.003091
0.000941
0.002755
0.005644
0.001277
0.001411
0.007055
0.005375
0.002889
0.001142
0.000672
0.002486
0.006181
0.006181
0.000941
0.002083
0.002889
0.000672
0.000873
0.008667
0.001478
0.001411
0.003158
0.007055
0.001747
0.001209
0.001344
0.003830
0.004770
0.001075
0.000672
0.001680
0.007726
0.001881
0.001612
0.006719
0.001612
0.000873
0.001680
