0.103400
0.001209
0.001545
0.004367
0.001881
0.002419
0.008667
0.004166
0.000605
0.002284
0.004098
0.002217
0.001478
0.001612
0.003359
0.010548
0.003628
0.002553
0.001680
0.004703
0.001881
0.002217
0.007458
0.004770
0.001344
0.004300
0.004837
0.002284
0.001680
0.002083
0.005308
0.007323
0.003897
0.002217
0.001612
0.005576
0.002553
0.002083
0.007525
0.002822
0.001680
0.003561
0.005980
0.001277
0.008331
0.002217
0.005845
0.001881
0.004166
0.001209
0.002419
0.002956
0.004501
0.002822
0.011153
0.003091
0.003762
0.003091
0.002083
0.001075
0.009876
0.003091
0.003494
0.003158
0.003225
0.002419
0.001747
0.006853
0.001814
0.012362
0.001612
0.004837
0.001814
0.004233
0.005173
0.002083
0.001881
0.006181
0.001478
0.009876
0.001478
0.002083
0.001411
0.004770
0.002352
0.012429
0.002352
0.004636
0.000941
0.004905
0.002352
0.002687
0.002486
0.005106
0.003158
0.012228
0.003225
0.002553
0.000941
0.002217
0.004569
0.012497
0.002755
0.002956
0.002620
0.005241
0.002620
0.001277
0.012228
0.003762
0.003897
0.002352
0.004031
0.002150
0.001344
0.003225
0.005375
0.006719
0.001411
0.002016
0.002217
0.006248
0.003091
0.001277
0.008667
0.005845
0.001881
0.002016
0.000941
0.001209
0.002016
0.004972
0.001277
0.004166
0.006383
0.002486
0.001075
0.001881
0.002284
0.002284
0.003225
0.000941
0.001344
0.007323
0.001612
0.002620
0.001545
0.006181
0.001680
0.002419
0.007928
0.003426
0.001948
0.002755
0.004837
0.001612
0.003023
0.002083
0.002150
0.007189
0.004569
0.002284
0.002486
0.003158
0.002822
0.003695
0.006047
0.001344
0.001881
0.001747
0.008197
0.002755
0.005039
0.000739
0.001814
0.003091
0.002083
0.001008
0.003292
0.000941
0.002486
0.004434
0.008197
0.001142
0.002755
0.001545
0.002150
0.001680
0.007525
0.002217
0.001411
0.006853
0.001411
0.001814
0.002419
0.009205
0.001545
0.009137
0.002755
0.002822
0.002217
0.007861
0.002284
0.003023
0.003091
0.002822
0.001948
0.006719
0.001344
0.002150
0.001411
0.002352
0.001545
0.007794
0.006047
0.002486
0.001008
0.002284
0.001075
0.001814
0.004233
0.002486
0.001209
0.008869
0.004300
0.002486
0.000537
0.001209
0.003225
0.009137
0.003225
0.001478
0.002687
0.002889
0.001344
0.001411
0.006450
0.002889
0.002083
0.003897
0.006181
0.002486
0.003091
0.001545
0.002352
0.006114
0.003695
0.002553
0.001545
0.004905
0.001747
0.002553
0.007861
0.002553
0.001545
0.003561
