0.106826
0.000739
0.002755
0.004837
0.002486
0.002486
0.010683
0.005778
0.001478
0.001277
0.004367
0.002687
0.002150
0.003897
0.005576
0.013034
0.004905
0.000739
0.003359
0.007995
0.002016
0.001545
0.009944
0.005644
0.001209
0.003359
0.004166
0.004098
0.001814
0.002150
0.006584
0.010548
0.004569
0.001209
0.001747
0.004300
0.003494
0.000806
0.008465
0.003158
0.001814
0.002217
0.005912
0.001277
0.010279
0.001948
0.008533
0.001948
0.005778
0.001075
0.002083
0.001948
0.002419
0.001478
0.013303
0.002755
0.002217
0.001209
0.003225
0.001747
0.010683
0.003225
0.004569
0.003494
0.002419
0.002150
0.001008
0.006114
0.001411
0.007794
0.001680
0.006786
0.001075
0.004367
0.004501
0.001881
0.001814
0.005644
0.001814
0.007928
0.001612
0.002083
0.001680
0.006114
0.001881
0.012228
0.001948
0.005375
0.000672
0.002486
0.002083
0.003091
0.001680
0.002553
0.002419
0.010279
0.004300
0.002755
0.001142
0.003292
0.002486
0.008062
0.002083
0.004837
0.001747
0.002553
0.001411
0.001545
0.012833
0.003494
0.002284
0.004367
0.005442
0.002150
0.000470
0.004905
0.002284
0.006719
0.001411
0.002822
0.001948
0.004367
0.002352
0.002687
0.008130
0.005308
0.001881
0.001814
0.001411
0.001814
0.006047
0.007256
0.001545
0.003897
0.006316
0.003023
0.000941
0.001344
0.004501
0.003359
0.005241
0.001612
0.001814
0.008465
0.001680
0.002419
0.003225
0.010279
0.001344
0.001612
0.006987
0.002083
0.001814
0.001075
0.006114
0.005106
0.001478
0.001277
0.003023
0.005509
0.007458
0.001075
0.002620
0.001948
0.002822
0.001411
0.004905
0.001545
0.001344
0.000941
0.008600
0.001747
0.007458
0.001209
0.003628
0.002016
0.004501
0.001008
0.003426
0.001747
0.001344
0.003561
0.006047
0.001411
0.003494
0.001075
0.003158
0.001680
0.004434
0.002150
0.002217
0.004031
0.000739
0.002083
0.002284
0.008734
0.001411
0.006047
0.002016
0.004166
0.001344
0.008600
0.003158
0.002956
0.001747
0.002486
0.001612
0.007055
0.000470
0.002620
0.001680
0.005442
0.001075
0.006047
0.004233
0.002553
0.001008
0.002687
0.001075
0.006047
0.003359
0.001680
0.001478
0.005845
0.005778
0.001881
0.001747
0.001478
0.001612
0.003628
0.002687
0.001881
0.002150
0.002419
0.000806
0.000873
0.006651
0.001277
0.001344
0.005442
0.011287
0.001411
0.002284
0.002822
0.001209
0.005912
0.001478
0.001747
0.001814
0.006383
0.001344
0.001948
0.004905
0.002553
0.000941
0.002486
