0.076122
0.001075
0.005039
0.004300
0.006316
0.002486
0.007659
0.004300
0.001814
0.001008
0.003225
0.002956
0.003964
0.001277
0.006853
0.007726
0.005576
0.001478
0.005442
0.006719
0.003762
0.001209
0.005711
0.003091
0.003628
0.002419
0.007995
0.001948
0.002889
0.001277
0.006651
0.006316
0.006517
0.001277
0.003494
0.004770
0.005912
0.001612
0.006450
0.003023
0.001411
0.003158
0.004905
0.001814
0.005308
0.001478
0.006450
0.002352
0.007323
0.001344
0.004703
0.003292
0.004031
0.001008
0.008264
0.002486
0.003091
0.001142
0.006316
0.002083
0.008130
0.001209
0.003426
0.002150
0.004972
0.001411
0.003426
0.004703
0.003897
0.002822
0.003359
0.002083
0.001344
0.002889
0.003628
0.001814
0.003762
0.001209
0.003830
0.004569
0.005241
0.001008
0.003561
0.003561
0.002553
0.005912
0.003494
0.002755
0.002822
0.002083
0.005106
0.001344
0.002150
0.001478
0.003628
0.006987
0.004703
0.001478
0.003225
0.003091
0.005106
0.007055
0.005375
0.003628
0.002217
0.001612
0.003964
0.002016
0.007794
0.002352
0.006450
0.003494
0.009608
0.001881
0.004098
0.004703
0.003897
0.003158
0.002822
0.001881
0.003830
0.003158
0.004837
0.002217
0.004569
0.001277
0.003897
0.002150
0.002016
0.000739
0.004300
0.003830
0.003561
0.003628
0.008130
0.003091
0.003426
0.000605
0.004434
0.002284
0.008062
0.001612
0.006316
0.006853
0.003695
0.000806
0.005442
0.006181
0.002217
0.001881
0.005845
0.003023
0.003897
0.002016
0.010884
0.002284
0.004569
0.001075
0.004300
0.005106
0.006651
0.001209
0.003628
0.002217
0.004501
0.001075
0.006316
0.002352
0.001881
0.000873
0.009675
0.002083
0.006651
0.002419
0.006248
0.003628
0.004636
0.001209
0.005576
0.001814
0.002553
0.003359
0.006450
0.001881
0.004636
0.001411
0.005375
0.002822
0.006719
0.001277
0.003158
0.005845
0.002889
0.000941
0.002889
0.006181
0.003091
0.002083
0.004770
0.001948
0.002889
0.005576
0.002352
0.001277
0.005912
0.001747
0.003091
0.003964
0.002755
0.001612
0.003023
0.002956
0.002352
0.003158
0.005039
0.001277
0.004098
0.001814
0.002687
0.002083
0.005106
0.001075
0.003225
0.004434
0.004233
0.001075
0.002620
0.001277
0.003897
0.002956
0.006517
0.002016
0.002553
0.001344
0.002889
0.001344
0.008331
0.001747
0.005576
0.005173
0.008331
0.001209
0.004031
0.002553
0.003225
0.002284
0.003897
0.001612
0.004434
0.004233
0.003426
0.002352
0.005106
0.001948
0.003561
0.002620
