0.076189
0.001478
0.002150
0.003897
0.003494
0.001814
0.011556
0.003897
0.002419
0.002217
0.006181
0.003091
0.002822
0.002150
0.004434
0.009742
0.003494
0.002822
0.002419
0.005442
0.002620
0.001814
0.008533
0.003225
0.003426
0.003628
0.006853
0.002822
0.003091
0.001478
0.006047
0.010750
0.006047
0.002083
0.002083
0.004569
0.003225
0.001948
0.009070
0.002352
0.002486
0.002486
0.008331
0.001747
0.005241
0.002620
0.004837
0.003023
0.004031
0.002822
0.003494
0.002016
0.002822
0.002150
0.010615
0.002620
0.003561
0.003426
0.004166
0.002419
0.008197
0.002284
0.004770
0.003561
0.003494
0.002083
0.002284
0.004636
0.002889
0.004905
0.003426
0.004098
0.001881
0.003695
0.005980
0.002352
0.002755
0.001814
0.002889
0.005711
0.003426
0.002217
0.001948
0.003359
0.003359
0.005711
0.003964
0.002755
0.002687
0.002755
0.003023
0.002284
0.002755
0.002150
0.004770
0.010548
0.003494
0.002284
0.001612
0.002687
0.004905
0.008600
0.003359
0.002620
0.003225
0.002016
0.003628
0.001277
0.009003
0.001881
0.004233
0.002889
0.005442
0.002553
0.001680
0.003964
0.003359
0.004434
0.002687
0.002016
0.003023
0.005039
0.005241
0.002553
0.005778
0.002620
0.002889
0.003225
0.001545
0.001948
0.004031
0.004031
0.002486
0.003897
0.007055
0.003426
0.003091
0.001411
0.003561
0.003561
0.005173
0.002352
0.002956
0.005308
0.002755
0.002687
0.002889
0.008130
0.002150
0.002486
0.006920
0.003158
0.003561
0.001478
0.008197
0.002687
0.003628
0.001948
0.003426
0.004837
0.007458
0.002284
0.003830
0.002755
0.002956
0.003628
0.007055
0.002419
0.002083
0.001344
0.009406
0.002889
0.005039
0.002755
0.003158
0.003897
0.002486
0.001545
0.003695
0.001747
0.001948
0.003292
0.009070
0.001948
0.003158
0.001612
0.003561
0.001411
0.006987
0.002150
0.003225
0.004233
0.002687
0.001545
0.003158
0.006853
0.001881
0.003091
0.004233
0.002486
0.002553
0.007928
0.002956
0.001948
0.002553
0.003023
0.002150
0.004770
0.001411
0.001277
0.002620
0.002822
0.002687
0.004770
0.005241
0.002419
0.002822
0.001948
0.002284
0.001344
0.003359
0.002620
0.003225
0.007055
0.005106
0.001344
0.002486
0.001545
0.003830
0.005039
0.005576
0.002553
0.002687
0.003023
0.002150
0.001948
0.006181
0.002419
0.003225
0.003964
0.007726
0.001948
0.003023
0.002217
0.002352
0.003023
0.004569
0.003023
0.002352
0.007458
0.003158
0.001881
0.004837
0.002419
0.002352
0.003158
