0.084856
0.001209
0.002956
0.003225
0.004770
0.001277
0.010683
0.004434
0.001747
0.001075
0.004703
0.002150
0.005173
0.000672
0.005644
0.008130
0.008062
0.000873
0.004233
0.005576
0.003830
0.000941
0.005644
0.003158
0.003023
0.002284
0.010615
0.004031
0.002687
0.001142
0.004501
0.005106
0.006248
0.000873
0.002889
0.004434
0.005912
0.001344
0.008533
0.002755
0.002150
0.002284
0.006383
0.001747
0.008667
0.001277
0.005711
0.002620
0.007794
0.001545
0.003023
0.003762
0.002822
0.001075
0.008398
0.002352
0.003023
0.000739
0.007256
0.002553
0.008734
0.001612
0.004098
0.003426
0.004300
0.001478
0.002217
0.004367
0.003628
0.004770
0.003494
0.002956
0.001344
0.002150
0.004703
0.001814
0.002822
0.001612
0.003158
0.004434
0.005912
0.001612
0.003023
0.003426
0.002620
0.005711
0.003091
0.002755
0.001747
0.001344
0.004770
0.002284
0.002687
0.001142
0.003494
0.006047
0.005845
0.001277
0.002687
0.002956
0.005644
0.005912
0.005241
0.002150
0.001881
0.001814
0.003762
0.001277
0.009540
0.001612
0.004434
0.002284
0.010279
0.002419
0.003426
0.003628
0.004703
0.003225
0.002755
0.002016
0.003494
0.002150
0.006786
0.001814
0.005173
0.001411
0.002755
0.002150
0.002217
0.000739
0.003628
0.004098
0.002822
0.002352
0.008465
0.003897
0.003091
0.001008
0.004501
0.002755
0.008465
0.001075
0.004300
0.005980
0.004031
0.000605
0.004501
0.005039
0.002620
0.000873
0.007189
0.003628
0.003628
0.000672
0.010615
0.002822
0.005039
0.001344
0.003225
0.006383
0.007390
0.000605
0.003897
0.001344
0.003158
0.000806
0.007861
0.001948
0.003225
0.000941
0.010615
0.001881
0.009944
0.001680
0.004367
0.003225
0.004434
0.001277
0.004233
0.001881
0.001881
0.002083
0.006450
0.002486
0.005576
0.000941
0.005711
0.002217
0.007122
0.001478
0.002889
0.005912
0.001881
0.001008
0.002755
0.005241
0.002419
0.001612
0.004636
0.002284
0.002620
0.005576
0.002956
0.002083
0.005241
0.002687
0.002687
0.005173
0.002889
0.000873
0.002352
0.002620
0.001411
0.002822
0.004636
0.001948
0.002822
0.000806
0.003426
0.002553
0.006181
0.001612
0.002083
0.003897
0.004501
0.001142
0.002553
0.001411
0.003292
0.001881
0.006786
0.002083
0.004166
0.001680
0.002889
0.001411
0.011623
0.002755
0.003830
0.005241
0.009205
0.001277
0.003158
0.002217
0.002016
0.002687
0.004166
0.001881
0.005375
0.003897
0.004501
0.001881
0.007256
0.001881
0.002956
0.001680
