0.075383
0.000806
0.003292
0.004972
0.001814
0.001478
0.014109
0.006517
0.000605
0.002150
0.007390
0.004972
0.001344
0.001680
0.005241
0.011690
0.003158
0.001209
0.002620
0.006786
0.001344
0.001814
0.014311
0.009406
0.001008
0.003695
0.007458
0.002889
0.000941
0.001478
0.005442
0.013101
0.005980
0.000739
0.002217
0.002083
0.006114
0.001142
0.015386
0.001277
0.001545
0.003494
0.007122
0.001209
0.010951
0.001478
0.008667
0.000672
0.003695
0.000873
0.003426
0.001545
0.005173
0.001814
0.013437
0.001948
0.001612
0.001545
0.005912
0.000806
0.009339
0.002016
0.005173
0.001008
0.002217
0.001814
0.001209
0.006920
0.001344
0.009339
0.000873
0.006853
0.000941
0.006584
0.003359
0.002083
0.000941
0.003964
0.002083
0.009876
0.001277
0.001680
0.001008
0.005644
0.001814
0.011623
0.002352
0.005778
0.000403
0.006920
0.001277
0.002956
0.001747
0.004300
0.002016
0.010212
0.003830
0.002553
0.000403
0.001277
0.003695
0.010548
0.001545
0.002687
0.001680
0.004770
0.001612
0.000739
0.009339
0.004569
0.002150
0.001277
0.005173
0.001680
0.001142
0.003426
0.005912
0.013706
0.001344
0.001545
0.001411
0.005912
0.004300
0.000605
0.007189
0.007323
0.001411
0.000739
0.000470
0.000806
0.005039
0.005173
0.001142
0.004569
0.009070
0.005173
0.000336
0.001142
0.006248
0.005442
0.003561
0.001545
0.002284
0.006383
0.001142
0.001142
0.003091
0.008130
0.001142
0.002620
0.010414
0.005912
0.001142
0.001209
0.009272
0.002889
0.001478
0.001142
0.004434
0.006584
0.005576
0.001142
0.002956
0.001814
0.004300
0.002553
0.009742
0.001209
0.001612
0.001411
0.009406
0.001814
0.007659
0.001344
0.003830
0.001411
0.003494
0.000739
0.005576
0.000403
0.001612
0.002553
0.008062
0.001545
0.002755
0.000470
0.004300
0.000537
0.007390
0.001344
0.002620
0.002687
0.001209
0.001814
0.001277
0.004703
0.000739
0.008197
0.002755
0.004837
0.000605
0.008398
0.001411
0.002284
0.001680
0.002956
0.001411
0.007995
0.000269
0.002755
0.001008
0.004837
0.000873
0.008801
0.003830
0.002486
0.000806
0.003628
0.000672
0.003762
0.003426
0.002083
0.000672
0.006987
0.003897
0.002687
0.000941
0.000537
0.001814
0.007794
0.004233
0.001411
0.002217
0.003292
0.000739
0.000806
0.005912
0.002620
0.000873
0.003830
0.006517
0.001411
0.001277
0.001478
0.002822
0.006786
0.001344
0.001209
0.001142
0.007189
0.001344
0.001612
0.006651
0.003359
0.001411
0.001277
