0.089962
0.002284
0.002217
0.004367
0.002822
0.004233
0.008801
0.003695
0.002217
0.003158
0.002284
0.002553
0.002016
0.003023
0.002217
0.008130
0.004300
0.002419
0.001545
0.004636
0.002150
0.002150
0.004434
0.003561
0.002419
0.003628
0.003762
0.002486
0.002150
0.002150
0.003359
0.005106
0.006920
0.002352
0.002419
0.004300
0.004501
0.002889
0.005711
0.002755
0.003628
0.004636
0.003292
0.002284
0.006383
0.002419
0.002150
0.002016
0.003292
0.002083
0.001277
0.001881
0.004636
0.004098
0.007592
0.002822
0.001881
0.003359
0.001747
0.001209
0.010212
0.004367
0.002486
0.003897
0.005375
0.003762
0.001612
0.004972
0.002419
0.009540
0.001411
0.002620
0.002822
0.007122
0.004703
0.002150
0.001545
0.004031
0.001478
0.005241
0.002352
0.002822
0.001075
0.003628
0.004233
0.011623
0.002956
0.002956
0.002687
0.006047
0.001209
0.003158
0.004905
0.004434
0.003023
0.008600
0.005778
0.002822
0.001209
0.002889
0.004098
0.011086
0.001478
0.002687
0.004098
0.005778
0.001478
0.001344
0.011422
0.003964
0.001680
0.003091
0.005173
0.003158
0.000605
0.003426
0.006517
0.011086
0.001075
0.001680
0.002284
0.005912
0.002956
0.001680
0.011690
0.005778
0.001277
0.002553
0.001881
0.001881
0.002083
0.005039
0.002553
0.004972
0.004233
0.002419
0.001612
0.002822
0.001545
0.003158
0.004837
0.002083
0.001209
0.005241
0.001612
0.002956
0.002083
0.005912
0.002217
0.003426
0.003695
0.002419
0.002083
0.002352
0.005442
0.002352
0.003426
0.002956
0.003091
0.004703
0.009003
0.002352
0.002284
0.002150
0.003426
0.003561
0.002553
0.001881
0.003762
0.002755
0.007659
0.002016
0.006584
0.001612
0.002553
0.002284
0.001814
0.002217
0.003158
0.001478
0.002889
0.006786
0.004166
0.001881
0.001948
0.001948
0.002620
0.001008
0.009003
0.003158
0.002419
0.005576
0.002083
0.004367
0.001277
0.006987
0.002150
0.006651
0.001747
0.002150
0.002620
0.011019
0.001142
0.002352
0.003292
0.004031
0.001344
0.005241
0.001277
0.003158
0.001075
0.001612
0.003426
0.008130
0.004501
0.002083
0.001344
0.003897
0.000941
0.002687
0.007055
0.004569
0.002687
0.006248
0.006248
0.004031
0.001344
0.002150
0.002755
0.006450
0.003628
0.002486
0.003091
0.004770
0.000806
0.001881
0.006047
0.002083
0.001680
0.004569
0.006517
0.001680
0.001075
0.002352
0.003494
0.008667
0.001344
0.001881
0.002755
0.007122
0.000470
0.002419
0.009205
0.004703
0.001411
0.002956
