0.086402
0.002486
0.002755
0.002687
0.002889
0.002553
0.008398
0.004300
0.002284
0.002553
0.001948
0.002486
0.002755
0.003561
0.003762
0.007928
0.003964
0.004434
0.001680
0.003762
0.002217
0.002889
0.005845
0.003762
0.002553
0.006114
0.003628
0.001881
0.002150
0.002687
0.004098
0.009339
0.002822
0.003897
0.002486
0.005241
0.003359
0.002755
0.005980
0.002755
0.002150
0.005039
0.003225
0.002822
0.006786
0.002620
0.003494
0.002822
0.002620
0.001948
0.002217
0.002352
0.004569
0.002822
0.009272
0.002486
0.002889
0.003359
0.003158
0.002755
0.010615
0.003695
0.002620
0.003762
0.004569
0.003292
0.004300
0.003426
0.002016
0.006920
0.002889
0.002956
0.002889
0.003762
0.003561
0.001680
0.003023
0.003494
0.001612
0.005106
0.001814
0.003695
0.002822
0.002352
0.003225
0.009070
0.003023
0.003091
0.002016
0.003426
0.002352
0.002352
0.003158
0.006181
0.003628
0.010212
0.002284
0.003292
0.001612
0.003762
0.003494
0.010212
0.002822
0.003023
0.001948
0.003359
0.001948
0.002284
0.011489
0.004501
0.002687
0.002553
0.003225
0.002956
0.004434
0.005039
0.002217
0.005845
0.002553
0.003225
0.003023
0.006181
0.003762
0.003628
0.006584
0.004300
0.002217
0.003897
0.001881
0.002217
0.002755
0.003091
0.002016
0.004905
0.007726
0.001680
0.002217
0.001411
0.001612
0.003158
0.004098
0.002284
0.002687
0.006987
0.002217
0.004166
0.001747
0.004972
0.002822
0.005241
0.003830
0.002217
0.003762
0.003830
0.005039
0.001612
0.004569
0.002755
0.002486
0.006383
0.003494
0.005039
0.002822
0.003897
0.001814
0.003695
0.005912
0.002889
0.001612
0.002419
0.006047
0.005241
0.004636
0.003023
0.001814
0.004166
0.001209
0.002150
0.002284
0.001814
0.002687
0.005509
0.005442
0.003091
0.001478
0.001277
0.001881
0.002620
0.007726
0.002352
0.002016
0.004770
0.002217
0.002284
0.003897
0.004972
0.002687
0.006248
0.002956
0.002755
0.004770
0.007726
0.003023
0.001814
0.003561
0.003292
0.002284
0.004569
0.002553
0.002755
0.002083
0.001478
0.003091
0.006383
0.003426
0.002956
0.001948
0.002419
0.001344
0.001814
0.004166
0.003225
0.002016
0.008398
0.003292
0.003494
0.001612
0.002083
0.003023
0.008869
0.004166
0.002016
0.002217
0.001747
0.001680
0.002553
0.006316
0.004300
0.002284
0.004770
0.004434
0.002083
0.002956
0.002956
0.002150
0.004501
0.003695
0.004367
0.002016
0.006181
0.002284
0.004636
0.005509
0.003225
0.002822
0.005039
