0.087476
0.001612
0.002150
0.004972
0.003225
0.002755
0.013572
0.006987
0.000806
0.002486
0.003359
0.003964
0.001344
0.003897
0.005308
0.012094
0.003158
0.001478
0.002620
0.010279
0.001209
0.001680
0.010145
0.009205
0.001209
0.004098
0.006383
0.004703
0.000941
0.002889
0.004300
0.009272
0.003628
0.000806
0.002620
0.004703
0.002889
0.001075
0.012631
0.003225
0.001478
0.003628
0.004905
0.001209
0.006248
0.001209
0.008667
0.001680
0.003158
0.001411
0.002016
0.002486
0.002284
0.001478
0.007928
0.002956
0.001881
0.001814
0.005576
0.001814
0.007525
0.002083
0.002352
0.002553
0.002486
0.001545
0.001277
0.007189
0.001277
0.009070
0.001545
0.008331
0.001075
0.005442
0.003158
0.004031
0.000537
0.006047
0.001747
0.011153
0.000806
0.003494
0.000873
0.006584
0.001344
0.008465
0.001209
0.004703
0.000403
0.005308
0.001814
0.006450
0.001075
0.003359
0.001142
0.010817
0.002284
0.001411
0.000873
0.002755
0.002083
0.008331
0.002217
0.004367
0.001411
0.002687
0.002284
0.002150
0.006853
0.003023
0.002486
0.002956
0.003762
0.002889
0.001411
0.005308
0.003964
0.005980
0.001142
0.002486
0.001680
0.006517
0.003091
0.002687
0.008869
0.006114
0.002352
0.001948
0.000403
0.001209
0.002956
0.007189
0.001478
0.003897
0.005173
0.003292
0.001209
0.001344
0.004434
0.004098
0.004031
0.002755
0.002822
0.008465
0.001814
0.002352
0.003561
0.015990
0.000470
0.002016
0.004972
0.004569
0.001008
0.002755
0.010951
0.005711
0.001344
0.001411
0.002217
0.008197
0.004703
0.001277
0.001747
0.002016
0.002284
0.002419
0.006114
0.001814
0.001075
0.000941
0.009675
0.002486
0.003359
0.001209
0.004770
0.003158
0.002956
0.001344
0.005039
0.001344
0.001411
0.003426
0.004972
0.001075
0.003023
0.001277
0.009473
0.002553
0.003897
0.000470
0.002150
0.005039
0.000605
0.002553
0.001209
0.009944
0.000941
0.005912
0.002150
0.006383
0.000739
0.008801
0.000941
0.004098
0.001209
0.002956
0.000806
0.008801
0.000739
0.003225
0.000941
0.009137
0.000537
0.005845
0.003561
0.003225
0.000941
0.005039
0.000941
0.006719
0.003158
0.001747
0.001478
0.009205
0.002755
0.002687
0.001344
0.001008
0.001411
0.004636
0.004098
0.003091
0.001478
0.004636
0.000269
0.001948
0.003762
0.002284
0.001747
0.005039
0.006114
0.003426
0.001680
0.003292
0.001612
0.004098
0.002352
0.002217
0.001680
0.007659
0.001948
0.003158
0.003091
0.001881
0.001747
0.003158
