0.087342
0.000672
0.005039
0.005442
0.002687
0.001344
0.012833
0.004770
0.001411
0.001277
0.005308
0.004636
0.002889
0.000739
0.004434
0.012967
0.003830
0.000605
0.003830
0.006987
0.001478
0.000672
0.009070
0.007122
0.002755
0.002889
0.005778
0.002083
0.001008
0.001612
0.005980
0.009540
0.005509
0.001209
0.003494
0.004434
0.004166
0.001814
0.010414
0.002284
0.001545
0.003494
0.005509
0.002553
0.006584
0.001478
0.006584
0.001411
0.003762
0.000537
0.002687
0.002822
0.003561
0.002016
0.010078
0.003964
0.003830
0.002016
0.004569
0.001545
0.008465
0.002352
0.006584
0.002620
0.004031
0.001680
0.001478
0.006383
0.001612
0.007189
0.001680
0.007861
0.001814
0.003964
0.003897
0.003561
0.001545
0.003023
0.002352
0.013840
0.001277
0.001411
0.001478
0.005442
0.002822
0.008734
0.002419
0.005509
0.002217
0.003158
0.001075
0.002352
0.002083
0.003023
0.003158
0.011758
0.004837
0.001881
0.001747
0.002822
0.003426
0.007995
0.002486
0.002419
0.002956
0.002620
0.002083
0.001344
0.008869
0.002352
0.003494
0.002419
0.004434
0.000672
0.002016
0.004031
0.005576
0.003897
0.002150
0.001814
0.002217
0.003023
0.004166
0.001545
0.007525
0.003091
0.002687
0.001612
0.001612
0.000739
0.005509
0.007189
0.003023
0.003091
0.007055
0.003091
0.001411
0.000806
0.005778
0.005711
0.003830
0.000873
0.005173
0.008062
0.001612
0.001075
0.002419
0.007928
0.001142
0.001747
0.007189
0.004233
0.002553
0.000739
0.006248
0.002486
0.002083
0.001948
0.004031
0.007390
0.007122
0.001747
0.003225
0.002419
0.004367
0.001545
0.008801
0.001680
0.001612
0.001075
0.008533
0.003225
0.004636
0.001277
0.004300
0.002822
0.002419
0.000403
0.003494
0.001680
0.003426
0.004770
0.007055
0.002419
0.003158
0.000806
0.003426
0.002016
0.006450
0.001545
0.002889
0.004703
0.003292
0.002083
0.002687
0.007323
0.001680
0.004166
0.002352
0.002956
0.002083
0.007928
0.002419
0.003762
0.001344
0.001411
0.001747
0.010011
0.000873
0.001478
0.001948
0.006450
0.002217
0.006047
0.005039
0.004972
0.001478
0.002956
0.000873
0.004569
0.004905
0.001612
0.001814
0.008331
0.006786
0.002419
0.001075
0.001142
0.002755
0.003964
0.004501
0.001612
0.002486
0.002217
0.001075
0.001747
0.004501
0.000537
0.002083
0.004972
0.003762
0.001008
0.003628
0.002150
0.002956
0.004031
0.002016
0.002217
0.002217
0.005039
0.001612
0.001545
0.006181
0.001948
0.001747
0.003494
