0.114754
0.001075
0.002889
0.007323
0.001881
0.002083
0.008331
0.005308
0.000806
0.001814
0.003426
0.005912
0.001747
0.002217
0.004905
0.010683
0.003762
0.000941
0.003561
0.005845
0.001814
0.001277
0.006181
0.006920
0.001209
0.004905
0.007189
0.005241
0.001680
0.002486
0.003762
0.011959
0.003695
0.000873
0.002553
0.005039
0.003091
0.001075
0.006316
0.001478
0.001680
0.004098
0.006450
0.002553
0.005644
0.001142
0.005173
0.001612
0.003023
0.000672
0.003292
0.002284
0.002620
0.001612
0.009137
0.003225
0.001478
0.001344
0.005375
0.002150
0.007794
0.003023
0.004434
0.003359
0.003091
0.001411
0.002687
0.007055
0.001209
0.008062
0.002150
0.004703
0.001209
0.005308
0.003897
0.003359
0.000806
0.003359
0.002822
0.003897
0.001008
0.001277
0.001680
0.002755
0.002150
0.009608
0.001948
0.005308
0.000806
0.004300
0.003762
0.004300
0.001545
0.002687
0.003023
0.012161
0.002620
0.001075
0.002486
0.002419
0.002755
0.010548
0.002352
0.002284
0.002352
0.003023
0.004098
0.001277
0.008331
0.001680
0.002956
0.001747
0.003628
0.000806
0.001948
0.003292
0.003897
0.005644
0.002822
0.001948
0.001545
0.004636
0.005711
0.002419
0.004703
0.003158
0.002486
0.001948
0.001277
0.001008
0.003762
0.009876
0.001612
0.004166
0.007256
0.005442
0.001209
0.000605
0.003830
0.004703
0.004837
0.001747
0.003897
0.007726
0.001277
0.001680
0.003426
0.009406
0.001344
0.001881
0.004703
0.004636
0.000941
0.002419
0.007928
0.004367
0.001680
0.001142
0.003830
0.009406
0.005980
0.002083
0.002620
0.003225
0.002150
0.002083
0.006584
0.003628
0.002620
0.001747
0.007794
0.002822
0.002620
0.001142
0.004434
0.003292
0.002486
0.000672
0.003628
0.001277
0.001545
0.004233
0.006181
0.002284
0.001680
0.000739
0.003897
0.002486
0.003561
0.001612
0.003292
0.004703
0.001142
0.001478
0.003762
0.009003
0.001142
0.005845
0.003225
0.004098
0.002620
0.009003
0.003225
0.003359
0.001411
0.001142
0.002150
0.004972
0.000134
0.002217
0.001814
0.002755
0.000873
0.006114
0.004501
0.002822
0.000537
0.006383
0.002150
0.004972
0.004300
0.001545
0.002822
0.007323
0.004703
0.000806
0.002016
0.001344
0.001680
0.006114
0.006517
0.002553
0.004166
0.004031
0.002150
0.001411
0.004367
0.001478
0.002889
0.003695
0.007659
0.001612
0.002956
0.001881
0.002553
0.004031
0.003494
0.002016
0.001478
0.007928
0.003494
0.001948
0.003426
0.001612
0.002687
0.003225
