0.066313
0.001478
0.002687
0.004501
0.003359
0.003091
0.008130
0.005711
0.002352
0.002016
0.003897
0.003897
0.004166
0.002553
0.005039
0.010817
0.006316
0.002687
0.002956
0.007592
0.003426
0.001344
0.006719
0.004166
0.002419
0.003695
0.006383
0.004837
0.002083
0.002419
0.005039
0.007122
0.004703
0.001948
0.002016
0.005980
0.003426
0.001612
0.003762
0.003628
0.002217
0.003292
0.004636
0.002553
0.005442
0.002553
0.002620
0.003158
0.004636
0.002956
0.003359
0.004098
0.003494
0.001680
0.007458
0.003964
0.002687
0.002687
0.003964
0.002486
0.007323
0.002083
0.003023
0.004166
0.003292
0.002150
0.002352
0.007055
0.003359
0.004636
0.002217
0.005711
0.002016
0.003695
0.004031
0.003494
0.002419
0.002419
0.003023
0.005711
0.004233
0.002687
0.003023
0.005039
0.002620
0.006517
0.002620
0.004098
0.002620
0.002553
0.002956
0.002553
0.002150
0.002150
0.003023
0.008197
0.003762
0.002687
0.002755
0.003695
0.004166
0.008062
0.003023
0.004233
0.001948
0.002284
0.002620
0.002016
0.007055
0.003292
0.003561
0.004434
0.006786
0.002956
0.002284
0.006584
0.003292
0.003695
0.002217
0.002889
0.002822
0.004166
0.004501
0.003426
0.004770
0.002956
0.003158
0.002419
0.001545
0.002217
0.002419
0.004300
0.003158
0.004166
0.006719
0.003695
0.001948
0.001545
0.002956
0.003158
0.007122
0.001478
0.004166
0.007928
0.003359
0.001545
0.003292
0.008398
0.002620
0.002822
0.005711
0.004770
0.003964
0.001545
0.006316
0.004233
0.004636
0.003091
0.003494
0.006987
0.005912
0.001545
0.002620
0.002150
0.003695
0.002284
0.004569
0.003359
0.001680
0.001814
0.007323
0.002486
0.005912
0.002352
0.003897
0.005241
0.004837
0.001142
0.001948
0.002956
0.002150
0.003628
0.004972
0.003158
0.002956
0.001411
0.003426
0.003023
0.005241
0.001814
0.002486
0.006786
0.001545
0.001612
0.002016
0.008465
0.002822
0.004031
0.003830
0.003695
0.003158
0.007055
0.001545
0.003561
0.005241
0.003561
0.002284
0.006047
0.002083
0.002284
0.002419
0.003964
0.002620
0.003628
0.004501
0.002956
0.002352
0.003225
0.002352
0.003158
0.004166
0.002083
0.003359
0.006786
0.002956
0.001344
0.002150
0.001814
0.004300
0.003695
0.005308
0.002956
0.002083
0.002016
0.001814
0.002352
0.006651
0.002822
0.003426
0.006450
0.007323
0.001881
0.002889
0.003225
0.001814
0.002419
0.003359
0.002956
0.002687
0.007659
0.002352
0.003023
0.004300
0.003091
0.002083
0.004367
