0.079145
0.001008
0.002687
0.005576
0.002553
0.002083
0.013504
0.004837
0.000672
0.001277
0.005509
0.003762
0.001881
0.003359
0.004636
0.013975
0.003091
0.001680
0.002150
0.004905
0.001344
0.001411
0.014109
0.008331
0.002016
0.004031
0.007861
0.002889
0.001142
0.001612
0.005442
0.011153
0.004233
0.000739
0.002217
0.003292
0.006450
0.001612
0.014378
0.002083
0.001478
0.003964
0.007928
0.001344
0.007995
0.001747
0.008936
0.001075
0.004031
0.001142
0.002486
0.001478
0.003695
0.003561
0.014647
0.002687
0.003158
0.002016
0.004166
0.001142
0.012295
0.002352
0.005173
0.002352
0.003830
0.000672
0.002352
0.004569
0.001814
0.008936
0.002486
0.005442
0.001008
0.005173
0.004972
0.002083
0.001075
0.004972
0.002150
0.008667
0.000941
0.002486
0.001142
0.003964
0.001747
0.011287
0.003561
0.004837
0.001344
0.003426
0.002687
0.002687
0.001411
0.003091
0.003292
0.012026
0.003225
0.002150
0.001209
0.001277
0.004300
0.011825
0.001747
0.003695
0.002284
0.003426
0.002553
0.000672
0.009675
0.004434
0.002553
0.002486
0.004434
0.001008
0.001344
0.003762
0.005308
0.006383
0.001411
0.001545
0.002687
0.004770
0.004098
0.002083
0.007525
0.003091
0.002486
0.001075
0.000873
0.001277
0.003494
0.004972
0.001478
0.004569
0.009137
0.003762
0.000739
0.001344
0.004569
0.003695
0.003695
0.002284
0.003023
0.009137
0.001478
0.002217
0.002620
0.007122
0.001478
0.001881
0.008465
0.004636
0.002217
0.001948
0.007055
0.002956
0.001747
0.001411
0.004703
0.007726
0.006517
0.002016
0.002553
0.001680
0.002889
0.002486
0.006786
0.002083
0.001545
0.001545
0.009070
0.003023
0.007458
0.001680
0.005106
0.001411
0.002889
0.001075
0.002016
0.000537
0.001881
0.004569
0.007995
0.002083
0.004031
0.000739
0.004972
0.001545
0.006719
0.001209
0.003225
0.003964
0.001008
0.001411
0.003158
0.005912
0.001680
0.004501
0.003158
0.003561
0.001948
0.008600
0.001814
0.002553
0.002150
0.002755
0.002217
0.005845
0.000403
0.001948
0.000806
0.003561
0.001411
0.007122
0.004031
0.003695
0.001209
0.003695
0.000873
0.002687
0.003762
0.001478
0.001411
0.007122
0.003225
0.001948
0.001277
0.000873
0.002486
0.007256
0.004703
0.001478
0.002822
0.002016
0.000941
0.000605
0.005644
0.002150
0.001612
0.004905
0.004972
0.001881
0.002687
0.002016
0.003695
0.005442
0.002956
0.001277
0.002217
0.005509
0.002016
0.003091
0.004905
0.001814
0.001277
0.001680
