0.092717
0.001411
0.002352
0.007659
0.003426
0.003023
0.011153
0.006920
0.001814
0.001612
0.004367
0.005173
0.001948
0.002889
0.003426
0.011690
0.003225
0.000873
0.003158
0.005912
0.001881
0.001545
0.008062
0.006920
0.001948
0.003628
0.005576
0.003762
0.002217
0.002217
0.005711
0.010347
0.004166
0.001478
0.003023
0.004972
0.003695
0.001948
0.007995
0.003426
0.002284
0.003830
0.005576
0.003897
0.005106
0.001612
0.004166
0.002620
0.002620
0.000941
0.002620
0.003494
0.002687
0.001277
0.010481
0.004905
0.002083
0.001612
0.003964
0.001948
0.009876
0.002150
0.003292
0.002755
0.003628
0.001545
0.002284
0.007794
0.002217
0.006316
0.002486
0.005912
0.001545
0.003762
0.004972
0.004098
0.001545
0.002419
0.002889
0.006651
0.002016
0.002150
0.001814
0.003762
0.001747
0.009205
0.002419
0.007390
0.001612
0.003359
0.002486
0.003695
0.002553
0.003023
0.004300
0.011623
0.002217
0.002284
0.001881
0.003830
0.003897
0.008600
0.002352
0.003359
0.002419
0.002755
0.002486
0.002083
0.009339
0.002486
0.002150
0.002620
0.005106
0.001344
0.001411
0.003762
0.003225
0.004972
0.001478
0.002553
0.001948
0.004098
0.003964
0.002822
0.004703
0.002553
0.001747
0.002620
0.000672
0.001612
0.004166
0.007525
0.001612
0.004367
0.007726
0.004905
0.001142
0.000739
0.002956
0.005375
0.003897
0.001881
0.002822
0.007055
0.002083
0.002284
0.003091
0.009540
0.001747
0.002419
0.006316
0.006114
0.002150
0.002083
0.006987
0.004703
0.002150
0.001747
0.003695
0.008197
0.006786
0.001881
0.002687
0.003023
0.002620
0.002016
0.007189
0.002956
0.001881
0.001545
0.008533
0.004434
0.004166
0.001344
0.002553
0.003225
0.002553
0.000672
0.002419
0.002083
0.002083
0.004233
0.006987
0.003292
0.003225
0.001344
0.002889
0.001814
0.004569
0.001411
0.003225
0.005442
0.001612
0.002016
0.003225
0.007726
0.001881
0.005375
0.002284
0.004972
0.001142
0.006920
0.002150
0.005711
0.001545
0.001545
0.002217
0.005576
0.001612
0.001881
0.001680
0.003494
0.001209
0.005711
0.004501
0.005912
0.001075
0.003628
0.000739
0.003091
0.004166
0.002217
0.003628
0.008465
0.003897
0.001747
0.001881
0.002352
0.002956
0.004501
0.004569
0.002284
0.002016
0.001277
0.001008
0.002016
0.004166
0.001478
0.001747
0.004098
0.006181
0.001814
0.002352
0.002352
0.002217
0.004569
0.002352
0.001881
0.002486
0.007659
0.001814
0.002016
0.003426
0.002553
0.001948
0.003292
