0.079884
0.001209
0.003830
0.005509
0.002352
0.001612
0.013101
0.004770
0.001411
0.001612
0.003628
0.002755
0.002553
0.002419
0.004367
0.013639
0.003964
0.001814
0.002956
0.006047
0.001545
0.001612
0.008869
0.006316
0.002083
0.003964
0.005106
0.002956
0.002083
0.002217
0.007122
0.010347
0.003561
0.002083
0.003628
0.006584
0.001948
0.000941
0.011220
0.003023
0.002217
0.003964
0.006047
0.002620
0.006517
0.001612
0.005308
0.002217
0.002687
0.001075
0.002822
0.003023
0.002419
0.003158
0.011556
0.004166
0.002016
0.002083
0.002755
0.001747
0.010347
0.003695
0.004367
0.003091
0.004569
0.002486
0.003494
0.006248
0.001075
0.006450
0.002083
0.005912
0.002284
0.004703
0.003897
0.002352
0.001881
0.005173
0.003359
0.010548
0.002150
0.002553
0.002822
0.003695
0.003561
0.010481
0.002620
0.004837
0.001075
0.001478
0.001277
0.004300
0.002486
0.004166
0.004367
0.012900
0.002620
0.002352
0.001545
0.002352
0.002956
0.008734
0.002217
0.002755
0.002486
0.004166
0.002620
0.001747
0.011489
0.003359
0.003023
0.001747
0.003158
0.001545
0.003359
0.004501
0.003091
0.005912
0.001948
0.002419
0.001612
0.003628
0.004233
0.002889
0.006517
0.004300
0.001881
0.002620
0.001142
0.001612
0.003426
0.005845
0.001411
0.004501
0.006853
0.002016
0.000739
0.000873
0.002217
0.002956
0.004837
0.001814
0.003762
0.008869
0.002150
0.002822
0.002352
0.007122
0.002620
0.002352
0.006248
0.003964
0.002687
0.001881
0.006853
0.001747
0.002486
0.002150
0.004434
0.006517
0.005039
0.002486
0.002889
0.002687
0.002150
0.002217
0.006920
0.003023
0.001545
0.002150
0.008533
0.002755
0.003897
0.002083
0.004434
0.004569
0.002150
0.001142
0.002822
0.001948
0.002620
0.004367
0.006920
0.003359
0.000941
0.001008
0.003494
0.002016
0.005308
0.002150
0.004098
0.006047
0.002217
0.002217
0.003426
0.007659
0.002284
0.004703
0.003426
0.002956
0.003158
0.006450
0.003023
0.002620
0.002419
0.002083
0.002889
0.006047
0.000605
0.002352
0.001478
0.004233
0.001948
0.007659
0.004501
0.003762
0.000941
0.002016
0.001209
0.002755
0.004501
0.002889
0.002822
0.008600
0.003292
0.001612
0.001478
0.002620
0.002016
0.005576
0.004367
0.001948
0.002016
0.002150
0.001344
0.001344
0.005375
0.001881
0.002889
0.004770
0.005912
0.001478
0.002217
0.002486
0.002016
0.003426
0.002822
0.002217
0.001478
0.004636
0.001612
0.003359
0.003628
0.002822
0.002486
0.004636
