0.125325
0.001951
0.005268
0.004748
0.002862
0.003187
0.010341
0.002406
0.001821
0.001496
0.005398
0.003317
0.001561
0.002601
0.003317
0.006699
0.002341
0.001171
0.002797
0.005008
0.002146
0.001821
0.009040
0.004943
0.001626
0.003252
0.006374
0.001691
0.002211
0.001821
0.005593
0.006829
0.004227
0.002016
0.003837
0.005008
0.003057
0.001691
0.007089
0.002016
0.002016
0.003512
0.007804
0.002992
0.005008
0.001366
0.004553
0.001496
0.003057
0.000650
0.004097
0.004032
0.002992
0.002992
0.012682
0.005268
0.001366
0.001691
0.004032
0.002276
0.008390
0.002081
0.005463
0.005203
0.003642
0.002601
0.002797
0.008780
0.001756
0.005138
0.002016
0.004227
0.002732
0.002666
0.004878
0.003252
0.001626
0.004097
0.002471
0.005723
0.002797
0.001951
0.002732
0.003252
0.002276
0.007804
0.004162
0.005073
0.001236
0.002927
0.003057
0.002732
0.003057
0.002797
0.005398
0.008195
0.003707
0.002341
0.002927
0.003512
0.001561
0.005983
0.001886
0.002732
0.002406
0.002146
0.003902
0.003122
0.004683
0.001886
0.003057
0.002536
0.002797
0.000845
0.001366
0.003447
0.002992
0.004162
0.002992
0.002992
0.001236
0.003382
0.003707
0.001886
0.004813
0.002536
0.003967
0.002666
0.002146
0.002406
0.005918
0.006504
0.002081
0.002536
0.007869
0.002211
0.001756
0.002016
0.006439
0.004162
0.002992
0.001626
0.002211
0.005398
0.001496
0.001951
0.003382
0.005268
0.001496
0.002016
0.006699
0.002927
0.001886
0.001756
0.008325
0.002146
0.002211
0.001821
0.003902
0.005463
0.006764
0.001886
0.004488
0.003642
0.001561
0.001951
0.005658
0.002406
0.002341
0.002016
0.012617
0.004553
0.002666
0.001171
0.002732
0.002666
0.003577
0.001301
0.003512
0.001691
0.002471
0.003252
0.007739
0.004292
0.001236
0.001236
0.003837
0.002536
0.004488
0.002341
0.002992
0.005333
0.002471
0.002732
0.005268
0.006894
0.001951
0.003772
0.004227
0.003447
0.002471
0.005203
0.003837
0.004227
0.002211
0.003447
0.002406
0.004943
0.001041
0.002211
0.002536
0.003642
0.002797
0.003772
0.004878
0.002211
0.001106
0.003122
0.001756
0.002862
0.005268
0.003057
0.003837
0.007154
0.005073
0.001951
0.003382
0.002341
0.001561
0.004227
0.004292
0.002016
0.002601
0.002276
0.002992
0.002862
0.003837
0.001561
0.001561
0.003317
0.003317
0.001366
0.003122
0.001561
0.002081
0.002927
0.003772
0.002601
0.001041
0.004227
0.002536
0.002406
0.004097
0.002341
0.002471
0.004618
