0.147242
0.002341
0.003512
0.003122
0.002862
0.001691
0.010016
0.003382
0.001496
0.001951
0.004618
0.003187
0.002081
0.002081
0.004292
0.009040
0.003837
0.001886
0.002666
0.005918
0.001821
0.001366
0.008975
0.006113
0.001171
0.003057
0.006504
0.002146
0.001821
0.001496
0.005333
0.007219
0.004553
0.001756
0.002992
0.003902
0.002276
0.001431
0.007479
0.001756
0.001496
0.002927
0.006243
0.003187
0.004618
0.001431
0.005073
0.001756
0.003252
0.001691
0.001951
0.001886
0.002536
0.002081
0.009755
0.005073
0.001496
0.001821
0.004748
0.001821
0.006894
0.003252
0.003772
0.004618
0.003967
0.002406
0.002406
0.006504
0.001431
0.005398
0.002276
0.004097
0.001561
0.004748
0.003707
0.003057
0.001106
0.003122
0.001756
0.006959
0.002601
0.002732
0.001821
0.004032
0.002341
0.007674
0.003057
0.004488
0.001236
0.002862
0.002406
0.002406
0.002992
0.003122
0.002797
0.007804
0.003837
0.002341
0.001951
0.004032
0.002276
0.007154
0.003252
0.003772
0.001236
0.002862
0.002797
0.001691
0.007089
0.002666
0.002211
0.003122
0.004422
0.003122
0.001496
0.004357
0.002862
0.005138
0.001886
0.002536
0.001626
0.003837
0.003772
0.002406
0.005268
0.002927
0.002992
0.002927
0.002146
0.001431
0.003707
0.006048
0.001496
0.003122
0.008065
0.002341
0.001041
0.001236
0.003447
0.003252
0.004748
0.002601
0.002862
0.007739
0.001431
0.002732
0.003317
0.007739
0.001431
0.002601
0.005918
0.003122
0.002536
0.001301
0.008650
0.003122
0.002406
0.001691
0.003707
0.004357
0.005918
0.002732
0.003512
0.002732
0.001821
0.001821
0.006243
0.002081
0.001171
0.001366
0.009040
0.003772
0.003642
0.001821
0.003252
0.003772
0.002276
0.001496
0.004032
0.001626
0.000976
0.003512
0.007219
0.002211
0.001171
0.001496
0.005138
0.001821
0.005138
0.002536
0.002146
0.004618
0.002016
0.003187
0.003382
0.007479
0.001431
0.003707
0.003252
0.003187
0.002016
0.008910
0.002862
0.003252
0.001821
0.002862
0.002536
0.004097
0.000715
0.002732
0.001951
0.002536
0.002081
0.004488
0.003707
0.002471
0.001821
0.003187
0.001886
0.002992
0.003967
0.002666
0.002666
0.006829
0.006764
0.002732
0.002016
0.002276
0.001171
0.004618
0.003837
0.002927
0.002081
0.003057
0.001366
0.002797
0.004553
0.001951
0.002146
0.004683
0.006309
0.002732
0.002341
0.002406
0.001756
0.003382
0.002536
0.002797
0.002276
0.005983
0.002666
0.002992
0.002276
0.002797
0.002471
0.002666
