0.093457
0.001301
0.004422
0.006243
0.005333
0.002081
0.007804
0.002992
0.001236
0.001821
0.007414
0.004488
0.003252
0.001886
0.003252
0.007544
0.003707
0.000911
0.002471
0.005723
0.002146
0.001041
0.012357
0.008260
0.001691
0.003837
0.006764
0.002016
0.002016
0.001236
0.006113
0.010211
0.006764
0.001496
0.003577
0.006113
0.004813
0.000585
0.009886
0.002601
0.002341
0.002536
0.009886
0.002081
0.007219
0.000976
0.006699
0.002016
0.004748
0.001366
0.003057
0.002341
0.003252
0.001821
0.012942
0.004032
0.002276
0.001951
0.005463
0.002341
0.010146
0.001756
0.006243
0.005138
0.004097
0.001626
0.002536
0.009560
0.001756
0.004683
0.002341
0.003837
0.001496
0.004162
0.007739
0.003772
0.001236
0.001691
0.002211
0.003382
0.003187
0.000845
0.002276
0.003577
0.003252
0.005528
0.005918
0.003967
0.001821
0.002341
0.002666
0.001626
0.002797
0.001366
0.005333
0.011056
0.003122
0.001041
0.002016
0.002471
0.003122
0.007089
0.002797
0.003317
0.001756
0.001366
0.003577
0.002146
0.006504
0.000976
0.004813
0.001951
0.006113
0.000976
0.002601
0.003382
0.003057
0.002666
0.001951
0.002016
0.002016
0.004553
0.004162
0.001301
0.005723
0.001236
0.002927
0.002601
0.001431
0.001106
0.003642
0.007154
0.002797
0.003707
0.006569
0.001756
0.001496
0.000650
0.005983
0.004357
0.004683
0.001431
0.003122
0.006309
0.002732
0.000715
0.003837
0.006309
0.002276
0.002276
0.008715
0.005203
0.002862
0.000845
0.008065
0.001431
0.003317
0.001886
0.003902
0.008195
0.007024
0.001431
0.004357
0.004813
0.002927
0.001951
0.007414
0.001431
0.002927
0.001041
0.012357
0.003252
0.005983
0.000780
0.004422
0.002992
0.004097
0.000520
0.003577
0.001626
0.001951
0.002666
0.010861
0.002276
0.003707
0.000976
0.004422
0.001236
0.007024
0.001496
0.004162
0.005788
0.001626
0.001236
0.003642
0.009430
0.000976
0.002732
0.003642
0.002601
0.002016
0.005723
0.004878
0.003707
0.002732
0.001691
0.002276
0.003902
0.001041
0.000845
0.001431
0.003122
0.001886
0.003382
0.008325
0.003577
0.001691
0.002276
0.002081
0.001756
0.004227
0.000911
0.003187
0.006764
0.004553
0.000911
0.002406
0.001626
0.002211
0.004292
0.004618
0.002471
0.001626
0.001561
0.001431
0.001431
0.005008
0.001431
0.002666
0.003902
0.005918
0.000520
0.002797
0.001041
0.001951
0.002016
0.004097
0.002276
0.002732
0.006829
0.002992
0.001821
0.005073
0.000911
0.002341
0.002471
