0.094823
0.002016
0.002666
0.005593
0.001951
0.004488
0.010341
0.005268
0.001171
0.002536
0.006959
0.002992
0.002081
0.002732
0.004292
0.011576
0.003252
0.002536
0.003057
0.009495
0.001106
0.001691
0.008260
0.006113
0.001626
0.004878
0.006439
0.002276
0.001366
0.001301
0.005333
0.010211
0.003187
0.000976
0.002016
0.004032
0.002146
0.001041
0.007154
0.002601
0.000780
0.002797
0.007219
0.002081
0.003057
0.002536
0.004227
0.003512
0.001366
0.001431
0.002146
0.005008
0.001236
0.002536
0.009040
0.003772
0.001041
0.003187
0.004032
0.001691
0.006959
0.002211
0.003967
0.003707
0.003122
0.002276
0.001626
0.007024
0.001756
0.007934
0.002732
0.006634
0.001171
0.004813
0.004943
0.002797
0.000715
0.004813
0.001236
0.011186
0.001951
0.003967
0.002081
0.008390
0.001691
0.006504
0.003577
0.003382
0.000911
0.005203
0.003447
0.003317
0.002146
0.002276
0.003707
0.009105
0.002666
0.001171
0.001821
0.005203
0.001561
0.008650
0.003057
0.005658
0.000715
0.002536
0.003317
0.001626
0.005918
0.003122
0.003577
0.004488
0.003317
0.002601
0.001756
0.008325
0.001756
0.003642
0.002081
0.002276
0.001041
0.005528
0.003512
0.002016
0.005463
0.002471
0.002146
0.002797
0.000976
0.001691
0.003902
0.005918
0.001431
0.005723
0.006959
0.003512
0.000845
0.001431
0.004683
0.003382
0.003252
0.002276
0.002797
0.009430
0.001236
0.002927
0.003317
0.008585
0.000911
0.002862
0.008910
0.004488
0.001756
0.003187
0.007544
0.003837
0.002146
0.002016
0.003187
0.008065
0.006048
0.001236
0.002666
0.002601
0.001561
0.002406
0.007804
0.002146
0.001106
0.001171
0.007349
0.001691
0.002276
0.001561
0.002536
0.005138
0.001366
0.001561
0.003187
0.001691
0.000780
0.003577
0.007999
0.002732
0.000911
0.001691
0.002992
0.002406
0.004097
0.001041
0.001561
0.005073
0.001951
0.002016
0.002536
0.007674
0.000845
0.007024
0.003252
0.003382
0.000845
0.006113
0.003382
0.002666
0.001951
0.004357
0.001951
0.011902
0.001106
0.003187
0.002146
0.005528
0.001691
0.004878
0.005983
0.003512
0.001041
0.005008
0.001756
0.003902
0.002732
0.002406
0.002536
0.008715
0.005203
0.000976
0.001756
0.002406
0.000911
0.005788
0.004488
0.002406
0.001041
0.002146
0.001561
0.002341
0.002862
0.002862
0.002666
0.008455
0.005073
0.003967
0.002276
0.004292
0.001236
0.004227
0.003707
0.002211
0.001171
0.007674
0.001886
0.004097
0.003252
0.002016
0.001756
0.004813
