0.117261
0.001301
0.002536
0.005593
0.003122
0.002862
0.010601
0.005983
0.001041
0.002016
0.003252
0.004162
0.001626
0.003642
0.004618
0.012032
0.002732
0.002211
0.002406
0.007089
0.001171
0.001301
0.007479
0.008390
0.001236
0.003967
0.006113
0.004227
0.001106
0.002016
0.003707
0.009365
0.003317
0.000911
0.002081
0.003902
0.002862
0.001496
0.011381
0.002211
0.000780
0.002992
0.004683
0.001951
0.006439
0.002081
0.006374
0.001431
0.002732
0.001041
0.002211
0.002797
0.002536
0.001691
0.008130
0.002081
0.002406
0.001171
0.005918
0.001431
0.006048
0.002276
0.003577
0.002341
0.002276
0.001561
0.001301
0.005723
0.001106
0.010731
0.001886
0.009040
0.000845
0.004878
0.002992
0.003642
0.001496
0.004878
0.000976
0.010081
0.000911
0.002927
0.001106
0.006439
0.001301
0.007934
0.002601
0.006178
0.001171
0.003577
0.001821
0.005138
0.001691
0.002666
0.002406
0.010666
0.002536
0.001756
0.000976
0.002211
0.002211
0.007284
0.003187
0.004097
0.001821
0.003317
0.002211
0.002146
0.006048
0.003252
0.002797
0.002536
0.002992
0.001691
0.001431
0.003512
0.004357
0.006243
0.000780
0.002666
0.001691
0.005268
0.003577
0.002601
0.007674
0.005658
0.001496
0.001951
0.000715
0.001496
0.002992
0.008130
0.001431
0.002927
0.006243
0.003577
0.001236
0.000845
0.005008
0.004618
0.003122
0.001886
0.002341
0.007739
0.002471
0.003187
0.004488
0.014438
0.000911
0.002732
0.005398
0.005268
0.001626
0.003577
0.008910
0.004553
0.001431
0.001496
0.002536
0.007479
0.004422
0.001886
0.002797
0.002276
0.002276
0.001821
0.006504
0.002276
0.001431
0.000780
0.008650
0.002601
0.003122
0.000911
0.004422
0.002536
0.003512
0.001301
0.004553
0.001561
0.001431
0.002862
0.006048
0.001951
0.004162
0.001106
0.009105
0.002146
0.002797
0.001106
0.002341
0.003382
0.001106
0.001561
0.002016
0.008715
0.001041
0.004488
0.001626
0.005203
0.001301
0.008195
0.001951
0.003772
0.001236
0.003187
0.001366
0.006113
0.000520
0.004032
0.001106
0.009365
0.000715
0.004357
0.003447
0.003707
0.000976
0.006374
0.001236
0.007154
0.002666
0.001626
0.000976
0.008650
0.004422
0.002471
0.001626
0.001171
0.001431
0.005268
0.003122
0.003382
0.001951
0.003902
0.000911
0.002341
0.003512
0.002276
0.001431
0.002927
0.005528
0.004227
0.002471
0.003642
0.001886
0.003837
0.001951
0.002146
0.002016
0.007999
0.001756
0.003967
0.004357
0.002666
0.000911
0.002471
