0.118561
0.001886
0.002211
0.004357
0.002341
0.003252
0.009690
0.006048
0.001171
0.002536
0.004032
0.003577
0.001821
0.003057
0.003837
0.010601
0.003122
0.002601
0.001756
0.008325
0.001756
0.001496
0.007089
0.009430
0.001236
0.003642
0.005853
0.004032
0.001366
0.002341
0.003772
0.009495
0.003122
0.000911
0.001626
0.004162
0.002732
0.001366
0.008390
0.003252
0.001496
0.003707
0.005658
0.002016
0.004683
0.001561
0.005658
0.001951
0.002081
0.001431
0.002536
0.002601
0.002862
0.001951
0.007934
0.003057
0.002276
0.001756
0.005658
0.001756
0.007609
0.001431
0.002211
0.002601
0.002601
0.002601
0.001171
0.007284
0.001691
0.007609
0.001691
0.008065
0.000976
0.005138
0.003642
0.003122
0.001366
0.005333
0.001626
0.008845
0.001366
0.002601
0.001301
0.005658
0.001691
0.007219
0.001431
0.004162
0.000715
0.003967
0.002211
0.005073
0.002471
0.002536
0.002666
0.010601
0.002927
0.001431
0.001626
0.002862
0.001821
0.007349
0.002927
0.005333
0.001561
0.003837
0.001951
0.002016
0.007414
0.002406
0.003577
0.003512
0.002927
0.002601
0.001431
0.004422
0.003512
0.005073
0.001171
0.002732
0.001236
0.004878
0.003382
0.002992
0.005138
0.003967
0.001626
0.002797
0.000780
0.001171
0.003122
0.007674
0.002406
0.004422
0.005658
0.003707
0.001366
0.001041
0.004227
0.005528
0.003772
0.001756
0.002471
0.007349
0.002016
0.003122
0.004227
0.011772
0.001041
0.002601
0.005463
0.003317
0.001821
0.003837
0.007804
0.005463
0.001821
0.001431
0.002406
0.007284
0.004292
0.001821
0.002471
0.002732
0.001691
0.002276
0.004813
0.002797
0.002146
0.001886
0.007999
0.003512
0.003382
0.002146
0.003317
0.002797
0.002992
0.001301
0.004162
0.002601
0.001301
0.003122
0.005658
0.002211
0.002081
0.001626
0.006829
0.002666
0.004553
0.000911
0.001821
0.003967
0.001236
0.001431
0.002276
0.009820
0.000715
0.004032
0.002341
0.004227
0.001041
0.008520
0.002081
0.004683
0.001431
0.003512
0.001431
0.007154
0.001171
0.002992
0.001691
0.007999
0.000845
0.005658
0.003447
0.003772
0.001561
0.005918
0.002016
0.005788
0.003577
0.002406
0.001041
0.007674
0.004357
0.002276
0.001821
0.001431
0.001171
0.005138
0.003512
0.002536
0.001496
0.004422
0.001301
0.002536
0.005138
0.002016
0.001366
0.004227
0.005918
0.002666
0.002211
0.003772
0.001886
0.003447
0.002081
0.003122
0.002146
0.007999
0.002471
0.004162
0.004032
0.002146
0.001431
0.003317
