0.085528
0.001075
0.004166
0.006114
0.002083
0.003023
0.009406
0.005039
0.000873
0.001948
0.007122
0.006114
0.001612
0.002956
0.005241
0.011959
0.003292
0.001948
0.002755
0.008062
0.001881
0.001277
0.009137
0.005778
0.002150
0.004501
0.008801
0.002822
0.000941
0.002083
0.006651
0.008130
0.004434
0.001277
0.002889
0.003158
0.005173
0.002016
0.008062
0.001814
0.002822
0.003830
0.007458
0.001881
0.007726
0.001277
0.005375
0.002016
0.003762
0.000873
0.002687
0.002956
0.002217
0.002217
0.009406
0.002956
0.003359
0.001680
0.005106
0.001277
0.010414
0.002822
0.003494
0.002553
0.002284
0.002620
0.001478
0.005576
0.002419
0.006248
0.001747
0.004434
0.001277
0.004636
0.003695
0.003897
0.001008
0.003830
0.002016
0.007323
0.001411
0.002150
0.001008
0.005912
0.001277
0.007726
0.002822
0.005711
0.001277
0.004837
0.002486
0.002956
0.001814
0.003628
0.002352
0.009473
0.002553
0.002352
0.001277
0.001948
0.004636
0.009809
0.002687
0.002553
0.003158
0.003695
0.001680
0.001478
0.009003
0.002822
0.002956
0.003091
0.003695
0.002150
0.002217
0.004837
0.004636
0.006181
0.001344
0.001277
0.003091
0.006114
0.003628
0.001814
0.005912
0.005845
0.002486
0.001545
0.001008
0.001277
0.004972
0.007256
0.001411
0.004770
0.006517
0.003695
0.000873
0.000873
0.006047
0.005644
0.003494
0.002217
0.004300
0.009944
0.001142
0.001612
0.003426
0.010750
0.000941
0.003091
0.007928
0.005375
0.001277
0.001411
0.007861
0.002956
0.001277
0.001411
0.003561
0.007055
0.005845
0.001747
0.002822
0.001411
0.005576
0.002486
0.007458
0.002284
0.002486
0.002083
0.008936
0.001075
0.004569
0.001411
0.005509
0.002620
0.003561
0.001008
0.003359
0.001344
0.003158
0.004031
0.006047
0.002755
0.004031
0.001008
0.004837
0.001680
0.004905
0.001075
0.002553
0.002822
0.001075
0.003628
0.001747
0.005912
0.000941
0.005375
0.002687
0.003628
0.001948
0.008734
0.001277
0.003494
0.002016
0.003158
0.001881
0.008062
0.000470
0.001948
0.000739
0.004300
0.001344
0.005106
0.004300
0.003964
0.001209
0.004367
0.001478
0.001814
0.003628
0.002016
0.001209
0.006920
0.003964
0.002889
0.000941
0.001008
0.003628
0.007458
0.003762
0.002553
0.002016
0.004166
0.001008
0.001277
0.005308
0.002486
0.002284
0.004434
0.006853
0.002755
0.001747
0.001075
0.003964
0.003897
0.001814
0.002419
0.003091
0.007189
0.002352
0.001075
0.005442
0.003494
0.002083
0.002083
