0.085931
0.002889
0.002620
0.004367
0.002956
0.004434
0.008801
0.004166
0.001948
0.003628
0.003494
0.003897
0.002016
0.003494
0.004233
0.006920
0.002889
0.003359
0.002150
0.004972
0.001612
0.002889
0.005308
0.003225
0.001612
0.003494
0.005442
0.003561
0.001344
0.003494
0.003561
0.007323
0.004300
0.002687
0.004367
0.003561
0.002956
0.002755
0.004905
0.003292
0.001612
0.004972
0.004770
0.003494
0.003359
0.002083
0.003628
0.002620
0.003292
0.002016
0.002889
0.002755
0.002956
0.002687
0.008197
0.004166
0.001545
0.003091
0.003494
0.002284
0.007122
0.003225
0.003561
0.004166
0.003292
0.003225
0.002620
0.005106
0.001948
0.008801
0.002620
0.005241
0.002284
0.007189
0.004300
0.003964
0.001545
0.004098
0.002150
0.005711
0.001612
0.002755
0.002486
0.003695
0.002217
0.010951
0.004434
0.004233
0.001209
0.004972
0.002956
0.004166
0.001411
0.003695
0.003359
0.009944
0.002486
0.002755
0.002217
0.003023
0.002217
0.011220
0.004031
0.004031
0.001545
0.003830
0.003023
0.002956
0.005778
0.003897
0.002755
0.003292
0.003359
0.003426
0.002956
0.004098
0.002486
0.007256
0.002755
0.002486
0.001680
0.006181
0.003561
0.003023
0.003023
0.004434
0.002687
0.002284
0.001008
0.002553
0.002620
0.005442
0.002620
0.005241
0.005173
0.004031
0.001344
0.002755
0.003023
0.003091
0.004233
0.003426
0.003023
0.004837
0.001612
0.002553
0.002822
0.005173
0.002150
0.003695
0.005308
0.003494
0.002217
0.002486
0.006786
0.003426
0.001680
0.004703
0.002284
0.004501
0.004233
0.002822
0.003225
0.002822
0.001277
0.004098
0.005308
0.003494
0.001277
0.002956
0.009003
0.002755
0.003091
0.002889
0.003292
0.003561
0.002352
0.001545
0.003426
0.001612
0.002083
0.005980
0.004636
0.004166
0.002150
0.001478
0.004031
0.001545
0.004233
0.003091
0.003091
0.004031
0.001747
0.002150
0.002822
0.007390
0.001680
0.007390
0.002889
0.003426
0.001814
0.010011
0.002150
0.004367
0.002889
0.003561
0.002486
0.004703
0.001209
0.002352
0.002352
0.002822
0.001948
0.009608
0.005241
0.004770
0.001344
0.003359
0.002284
0.003426
0.004031
0.004770
0.003628
0.005576
0.003695
0.002956
0.002352
0.001545
0.001344
0.007726
0.004166
0.003426
0.001680
0.002620
0.002553
0.002419
0.003561
0.003695
0.003225
0.004233
0.004703
0.003091
0.003762
0.002284
0.001814
0.005442
0.003359
0.003897
0.001680
0.007256
0.002284
0.003628
0.002822
0.004703
0.002822
0.002419
