0.102257
0.002150
0.002687
0.003897
0.004166
0.002889
0.005711
0.002620
0.002620
0.002889
0.005980
0.003628
0.003158
0.003830
0.002419
0.007189
0.003158
0.001142
0.003023
0.005845
0.002419
0.001881
0.005711
0.003225
0.001948
0.004569
0.006517
0.003762
0.002083
0.001814
0.004098
0.004434
0.005980
0.001881
0.003561
0.003561
0.004434
0.002419
0.005442
0.002284
0.003494
0.005308
0.007995
0.002755
0.004434
0.002083
0.003762
0.002352
0.002687
0.001545
0.002083
0.003494
0.003292
0.002755
0.008062
0.003426
0.002016
0.003762
0.004367
0.003158
0.006383
0.003158
0.002284
0.003225
0.003494
0.002352
0.002687
0.005778
0.002822
0.003762
0.002553
0.002889
0.002150
0.006181
0.007592
0.003292
0.001478
0.002217
0.002553
0.003830
0.003292
0.001747
0.002620
0.003359
0.004434
0.005912
0.004569
0.001747
0.001680
0.003561
0.004770
0.003158
0.003158
0.003426
0.005375
0.005980
0.003628
0.001478
0.002217
0.003897
0.003359
0.006114
0.002687
0.003830
0.003023
0.003292
0.005173
0.003023
0.005912
0.002822
0.004434
0.002822
0.004972
0.001344
0.001948
0.003292
0.004098
0.003830
0.003494
0.002016
0.003292
0.004972
0.004501
0.001478
0.003830
0.003897
0.002822
0.002553
0.002486
0.001277
0.003426
0.005375
0.003158
0.004837
0.006114
0.004233
0.001814
0.001478
0.003830
0.002889
0.005173
0.002352
0.002822
0.005442
0.001948
0.002284
0.004233
0.008197
0.002419
0.002083
0.006248
0.003561
0.001948
0.002822
0.007256
0.003494
0.001814
0.002083
0.002553
0.003762
0.007861
0.002284
0.002822
0.001411
0.004166
0.003359
0.004703
0.003359
0.003426
0.002553
0.010078
0.002016
0.004434
0.001814
0.001814
0.003494
0.001881
0.001612
0.003292
0.002419
0.002956
0.005845
0.005711
0.004300
0.003158
0.001747
0.004905
0.002822
0.004233
0.002284
0.002486
0.004770
0.001277
0.002419
0.003292
0.007726
0.002419
0.003426
0.003897
0.003964
0.003158
0.008936
0.003494
0.002150
0.002687
0.001411
0.002687
0.003292
0.002083
0.002083
0.003561
0.003359
0.003494
0.003830
0.006853
0.002284
0.001881
0.003225
0.002822
0.002755
0.004569
0.002284
0.003695
0.004166
0.004569
0.002755
0.002486
0.002284
0.003292
0.004501
0.004703
0.004501
0.002755
0.003762
0.002755
0.002419
0.004569
0.001411
0.002352
0.003964
0.007055
0.001881
0.002486
0.002352
0.002755
0.002620
0.004837
0.003225
0.004569
0.007659
0.002016
0.002217
0.003292
0.001814
0.003023
0.002889
