0.115896
0.002083
0.002755
0.002620
0.004300
0.002755
0.008869
0.003762
0.003091
0.003359
0.003292
0.002419
0.003023
0.002419
0.004636
0.008869
0.003023
0.002486
0.004098
0.006316
0.001881
0.001680
0.005039
0.005845
0.003695
0.003091
0.006853
0.003225
0.001612
0.003494
0.005039
0.009205
0.004300
0.002083
0.002150
0.002284
0.003897
0.001814
0.004501
0.002822
0.003225
0.004098
0.006114
0.002284
0.005241
0.002016
0.004166
0.002352
0.003091
0.002419
0.002217
0.002822
0.002352
0.002016
0.007323
0.004905
0.003897
0.003292
0.004031
0.003695
0.006719
0.002620
0.004031
0.003897
0.002352
0.000941
0.002352
0.005778
0.001747
0.003897
0.003225
0.004098
0.001948
0.004300
0.005039
0.002486
0.002016
0.002687
0.003359
0.004770
0.002150
0.001747
0.002352
0.004166
0.002822
0.006383
0.004367
0.004703
0.002956
0.002352
0.004300
0.001478
0.002083
0.001612
0.004501
0.007928
0.001747
0.001008
0.002486
0.003830
0.003628
0.006584
0.004300
0.004636
0.003628
0.002486
0.003158
0.003158
0.009473
0.002822
0.005375
0.002687
0.005442
0.000873
0.002352
0.004972
0.002755
0.003695
0.003359
0.002956
0.003426
0.004434
0.004031
0.002419
0.003830
0.002217
0.002889
0.002755
0.001881
0.001277
0.004501
0.006853
0.004972
0.003426
0.005912
0.003494
0.001948
0.001881
0.005576
0.004233
0.004434
0.001747
0.003964
0.005778
0.003426
0.004031
0.003494
0.007928
0.002889
0.002956
0.004770
0.004031
0.003964
0.002553
0.009205
0.003023
0.002284
0.002687
0.003561
0.004098
0.006517
0.002217
0.003225
0.001680
0.003561
0.003292
0.004098
0.002083
0.003494
0.001881
0.009742
0.002217
0.002755
0.002083
0.002956
0.002822
0.003762
0.001411
0.002419
0.003023
0.003695
0.003225
0.004434
0.002822
0.004300
0.002217
0.004905
0.001881
0.003494
0.002687
0.002150
0.003897
0.001680
0.001612
0.002956
0.006719
0.002553
0.002083
0.003225
0.002755
0.002419
0.007256
0.003494
0.002352
0.001948
0.002284
0.002755
0.003225
0.001209
0.002083
0.002284
0.003426
0.003023
0.003964
0.005241
0.002352
0.002016
0.001545
0.003292
0.001747
0.001948
0.001008
0.002755
0.005442
0.004434
0.001612
0.002352
0.002486
0.004300
0.003897
0.003897
0.002016
0.002620
0.001612
0.002352
0.002016
0.005039
0.001881
0.005039
0.005644
0.009675
0.002956
0.002419
0.003091
0.003762
0.002217
0.003897
0.001411
0.003091
0.005442
0.003023
0.002284
0.002486
0.001478
0.001478
0.002016
