0.097689
0.001948
0.002352
0.005845
0.003292
0.004031
0.007323
0.003091
0.001478
0.003964
0.003225
0.003695
0.002553
0.004636
0.004770
0.007995
0.002956
0.002352
0.003762
0.006114
0.002822
0.001948
0.005912
0.004434
0.001478
0.005442
0.006383
0.002956
0.001948
0.002755
0.004166
0.007726
0.003359
0.001209
0.002217
0.005509
0.003158
0.002419
0.006114
0.003695
0.002284
0.002956
0.005375
0.002016
0.005845
0.002083
0.004434
0.003359
0.003561
0.001478
0.002687
0.002889
0.002822
0.001747
0.007390
0.004434
0.001277
0.004367
0.004905
0.002620
0.006517
0.002687
0.003225
0.004434
0.002755
0.002419
0.001948
0.007323
0.001680
0.006719
0.003426
0.005173
0.001277
0.004434
0.003762
0.003023
0.001612
0.002687
0.003225
0.005241
0.001411
0.002687
0.002083
0.005106
0.002755
0.007659
0.003023
0.004837
0.001545
0.005711
0.003359
0.002150
0.002352
0.002486
0.002620
0.011086
0.003426
0.002083
0.002352
0.004434
0.003762
0.006450
0.004166
0.003695
0.002217
0.002889
0.003158
0.002352
0.006920
0.002486
0.004300
0.003964
0.004501
0.001814
0.003158
0.005308
0.002889
0.004770
0.002150
0.003494
0.001814
0.006047
0.005845
0.002419
0.004233
0.004098
0.002016
0.002889
0.001344
0.001814
0.002150
0.004905
0.002150
0.007525
0.006248
0.002822
0.001142
0.001612
0.002419
0.003426
0.003762
0.003023
0.004501
0.006517
0.002419
0.003225
0.003225
0.008264
0.001680
0.003158
0.004166
0.003762
0.001478
0.003897
0.008801
0.002889
0.002150
0.003225
0.002553
0.005308
0.004703
0.001545
0.002687
0.003897
0.002284
0.003494
0.005980
0.002553
0.001612
0.001411
0.007122
0.002486
0.003561
0.001747
0.004367
0.004166
0.002284
0.002352
0.003628
0.002687
0.001545
0.004166
0.006450
0.002620
0.002486
0.001478
0.004166
0.002016
0.004031
0.001881
0.002956
0.006450
0.001612
0.001545
0.002150
0.005509
0.002016
0.005173
0.003023
0.003964
0.001814
0.006719
0.001948
0.003830
0.002352
0.003158
0.002419
0.004166
0.001478
0.002687
0.001881
0.004166
0.001478
0.005308
0.003561
0.003762
0.001612
0.004569
0.002553
0.002083
0.003225
0.002956
0.002687
0.006181
0.004837
0.002217
0.002352
0.002822
0.002217
0.006316
0.007390
0.003494
0.002419
0.002150
0.002284
0.003225
0.003830
0.002217
0.003426
0.004905
0.006584
0.002553
0.003158
0.002755
0.001881
0.003897
0.003292
0.002352
0.002956
0.006181
0.004501
0.002553
0.002419
0.002553
0.002016
0.004501
