0.094531
0.002284
0.002620
0.005442
0.003762
0.003091
0.007122
0.005039
0.001411
0.003091
0.003158
0.002755
0.003494
0.004166
0.003561
0.007995
0.004501
0.001277
0.002486
0.009205
0.002889
0.001612
0.004837
0.003292
0.001747
0.003695
0.005778
0.003225
0.002016
0.002553
0.002284
0.005778
0.005912
0.001747
0.002553
0.004569
0.003023
0.000806
0.005644
0.003359
0.004031
0.003628
0.005912
0.001612
0.003292
0.002419
0.003897
0.002620
0.003158
0.002419
0.002083
0.004972
0.002620
0.002284
0.009137
0.004300
0.002083
0.003023
0.003897
0.002687
0.005576
0.003964
0.001680
0.004434
0.003292
0.003830
0.001948
0.007189
0.002889
0.003628
0.002284
0.006383
0.001948
0.006181
0.003426
0.003494
0.001881
0.003762
0.002016
0.005778
0.003292
0.002956
0.002486
0.006651
0.003964
0.006047
0.003225
0.003628
0.002486
0.003225
0.003023
0.002956
0.003359
0.002822
0.002889
0.008869
0.003561
0.002284
0.002620
0.004972
0.002150
0.005576
0.004233
0.006047
0.001612
0.002822
0.003023
0.002889
0.006047
0.002217
0.004098
0.004636
0.005845
0.002284
0.001814
0.005778
0.002284
0.003359
0.001209
0.002553
0.001545
0.004905
0.004031
0.002284
0.003023
0.003158
0.001881
0.002553
0.001612
0.001545
0.002755
0.005644
0.002687
0.004233
0.005576
0.003897
0.001612
0.001545
0.002956
0.004837
0.005308
0.002352
0.002150
0.006450
0.002016
0.002217
0.003225
0.009137
0.002284
0.002486
0.004703
0.003292
0.002553
0.001881
0.008062
0.004636
0.003695
0.001344
0.003359
0.004770
0.006719
0.002083
0.002553
0.002419
0.002352
0.003091
0.005980
0.002687
0.002889
0.001814
0.009070
0.003023
0.004098
0.001747
0.003158
0.003494
0.003561
0.002486
0.003830
0.002419
0.002419
0.004905
0.005778
0.002822
0.002822
0.001680
0.004233
0.002553
0.004367
0.003628
0.003023
0.006584
0.001478
0.003426
0.001344
0.008264
0.002956
0.003292
0.002687
0.004031
0.001478
0.008197
0.001747
0.003292
0.003762
0.002889
0.002352
0.006181
0.002150
0.003091
0.001747
0.004098
0.003561
0.004703
0.004636
0.002822
0.001344
0.004300
0.002419
0.004031
0.004905
0.002956
0.002889
0.005576
0.004367
0.001478
0.001545
0.003762
0.000941
0.004569
0.004703
0.004166
0.002620
0.002956
0.001612
0.002956
0.004300
0.002217
0.004501
0.005576
0.008130
0.003830
0.002217
0.003292
0.003158
0.003158
0.002083
0.002284
0.001881
0.006248
0.001545
0.003091
0.003830
0.002822
0.002083
0.003225
