0.101182
0.003426
0.003830
0.005711
0.000941
0.003762
0.009608
0.004098
0.000873
0.003830
0.003964
0.003830
0.001008
0.004703
0.005509
0.008264
0.003292
0.002284
0.003225
0.005375
0.001411
0.001948
0.005375
0.004972
0.000739
0.004837
0.004031
0.004031
0.000739
0.003695
0.004636
0.007323
0.002553
0.003359
0.003964
0.005039
0.001545
0.001814
0.005576
0.003292
0.001075
0.005711
0.005241
0.004166
0.003359
0.002217
0.006114
0.003494
0.001680
0.001747
0.002352
0.003023
0.000739
0.002620
0.005778
0.004166
0.000537
0.002687
0.002352
0.002956
0.004905
0.004905
0.003561
0.004300
0.002419
0.004905
0.002889
0.006047
0.001008
0.007726
0.001881
0.006450
0.000739
0.005778
0.003628
0.004233
0.001075
0.004837
0.002419
0.007726
0.001814
0.004233
0.002755
0.004501
0.002352
0.009003
0.003897
0.004837
0.000873
0.006920
0.002889
0.003762
0.002150
0.004367
0.002620
0.008331
0.001277
0.003225
0.001881
0.003830
0.001545
0.009003
0.002486
0.004770
0.000605
0.005308
0.002755
0.003292
0.006853
0.003830
0.002016
0.004233
0.002889
0.004031
0.001277
0.004300
0.001277
0.005845
0.001747
0.003225
0.001209
0.007861
0.002217
0.003023
0.002419
0.005308
0.002083
0.002822
0.001008
0.002956
0.003023
0.005711
0.000672
0.005778
0.006853
0.004569
0.000672
0.002217
0.003158
0.004233
0.003426
0.003695
0.003426
0.006181
0.000739
0.003426
0.002620
0.006584
0.001008
0.003830
0.005308
0.005173
0.000739
0.001747
0.006114
0.003830
0.001344
0.003628
0.004166
0.005509
0.004905
0.003426
0.002419
0.003292
0.000605
0.003494
0.004770
0.003158
0.001142
0.002352
0.006450
0.002486
0.002553
0.002486
0.003628
0.004031
0.001680
0.002217
0.002150
0.003225
0.000873
0.004905
0.005509
0.005375
0.000403
0.001612
0.001881
0.002889
0.003023
0.003426
0.003561
0.004837
0.001075
0.004569
0.001545
0.009003
0.001277
0.005711
0.003158
0.004501
0.001008
0.009876
0.001814
0.004300
0.001142
0.003359
0.002822
0.005509
0.000806
0.004233
0.002217
0.004166
0.000739
0.007055
0.004434
0.005644
0.000672
0.005980
0.001680
0.004501
0.003158
0.004367
0.002956
0.005912
0.002553
0.004031
0.001881
0.002486
0.001209
0.006786
0.003695
0.004098
0.001075
0.002822
0.000739
0.003091
0.003091
0.003628
0.001814
0.005711
0.004434
0.003628
0.001612
0.003964
0.000873
0.004770
0.002284
0.003426
0.000403
0.009809
0.001545
0.003292
0.002956
0.004166
0.001680
0.004367
