0.087208
0.001008
0.006584
0.005912
0.003225
0.002150
0.010548
0.005442
0.001277
0.002486
0.005912
0.004031
0.002083
0.002419
0.003695
0.011086
0.003225
0.001075
0.003494
0.006584
0.002083
0.001881
0.009137
0.005845
0.001209
0.002150
0.006651
0.002687
0.001881
0.002284
0.008197
0.008331
0.004501
0.000941
0.005576
0.003897
0.004031
0.001881
0.008197
0.002016
0.001881
0.003359
0.006517
0.001881
0.005241
0.001680
0.006987
0.001948
0.004703
0.000806
0.003359
0.001545
0.003091
0.002956
0.011422
0.002486
0.002553
0.001680
0.006517
0.001478
0.008869
0.002486
0.005106
0.002956
0.002284
0.001277
0.002352
0.005711
0.001075
0.004770
0.001209
0.007458
0.000806
0.005375
0.004770
0.003897
0.000941
0.005576
0.002620
0.008734
0.001075
0.002352
0.001881
0.005711
0.001881
0.008734
0.003225
0.004367
0.001142
0.004233
0.002284
0.004031
0.001814
0.003091
0.002755
0.009473
0.003292
0.001478
0.001612
0.001209
0.003830
0.008130
0.002620
0.002553
0.001948
0.004300
0.002284
0.000941
0.009272
0.004098
0.003628
0.002217
0.005912
0.001478
0.002016
0.003292
0.004569
0.004569
0.002553
0.002083
0.003158
0.004770
0.003561
0.001142
0.007189
0.003762
0.002352
0.001881
0.001209
0.000739
0.005845
0.006383
0.002755
0.004098
0.006987
0.003762
0.001612
0.000672
0.005912
0.002822
0.004770
0.001411
0.003225
0.006719
0.001411
0.000739
0.003830
0.006853
0.001411
0.002083
0.007323
0.004703
0.001814
0.000806
0.008398
0.002956
0.001881
0.001209
0.006181
0.006584
0.007458
0.001411
0.005241
0.002217
0.002352
0.001948
0.005711
0.001612
0.002553
0.002016
0.012228
0.001411
0.004703
0.001411
0.005308
0.002284
0.004367
0.001075
0.005375
0.001344
0.002352
0.003292
0.006584
0.002889
0.002620
0.001075
0.004501
0.001008
0.005576
0.001209
0.004905
0.003897
0.001545
0.001881
0.002284
0.007256
0.001612
0.004837
0.003494
0.005576
0.001478
0.008062
0.002486
0.004031
0.000806
0.002755
0.002553
0.006047
0.000941
0.003292
0.001209
0.004233
0.001209
0.004972
0.004098
0.004300
0.001008
0.004837
0.001075
0.004098
0.003292
0.002217
0.002150
0.007055
0.003494
0.001411
0.002083
0.001344
0.003964
0.004501
0.004837
0.002016
0.002419
0.003359
0.001411
0.001881
0.005241
0.001881
0.002553
0.003695
0.006853
0.002352
0.002486
0.001948
0.002553
0.006248
0.002217
0.001680
0.001881
0.005778
0.001008
0.001612
0.005845
0.001881
0.002016
0.002889
