0.091776
0.000605
0.003964
0.004098
0.002755
0.003091
0.008869
0.002822
0.002889
0.002016
0.003023
0.002419
0.002620
0.002620
0.003158
0.013034
0.004166
0.001747
0.004367
0.005308
0.002889
0.001277
0.006114
0.004972
0.002150
0.002889
0.005778
0.002486
0.002217
0.002150
0.005039
0.006047
0.006047
0.001612
0.004031
0.004098
0.003897
0.001411
0.005241
0.002352
0.002687
0.003561
0.007390
0.001948
0.005980
0.002083
0.003628
0.001948
0.003292
0.001881
0.003225
0.003158
0.003494
0.001680
0.009272
0.004972
0.003292
0.003359
0.004031
0.001209
0.009406
0.003158
0.004569
0.003494
0.004367
0.001881
0.002217
0.004569
0.002620
0.006383
0.003091
0.003628
0.002486
0.004367
0.003561
0.001411
0.002217
0.002822
0.003292
0.008734
0.003964
0.001478
0.001747
0.003158
0.003561
0.007995
0.003359
0.003292
0.001881
0.003359
0.003225
0.001680
0.003830
0.004300
0.004233
0.007861
0.005039
0.002284
0.002620
0.001948
0.003628
0.007055
0.003695
0.002352
0.003359
0.004501
0.002486
0.001545
0.009003
0.002352
0.005442
0.002284
0.006047
0.001612
0.002822
0.004031
0.006651
0.006987
0.002419
0.002553
0.002419
0.005980
0.003830
0.001344
0.006517
0.004972
0.002687
0.001545
0.002553
0.001814
0.004837
0.005106
0.003561
0.004098
0.005509
0.001814
0.001881
0.000873
0.004031
0.002217
0.005308
0.001545
0.004098
0.006248
0.002687
0.002083
0.003158
0.007055
0.002889
0.003023
0.004905
0.004636
0.002822
0.001612
0.007256
0.001948
0.003158
0.001545
0.003158
0.005576
0.008264
0.002284
0.003359
0.001814
0.002889
0.002419
0.003225
0.001881
0.003494
0.001545
0.008398
0.001478
0.004703
0.001747
0.004098
0.002217
0.004300
0.002016
0.002755
0.001545
0.003091
0.004031
0.004367
0.002150
0.002419
0.001142
0.003494
0.002217
0.006719
0.002889
0.003359
0.005241
0.003225
0.002755
0.004569
0.005980
0.003023
0.004367
0.002822
0.001545
0.004031
0.007390
0.003359
0.002150
0.003359
0.001478
0.002822
0.004434
0.002284
0.002419
0.002150
0.001948
0.003023
0.005442
0.004031
0.002822
0.002486
0.003023
0.001612
0.002956
0.004703
0.002620
0.003225
0.005442
0.005980
0.001747
0.002419
0.001612
0.002083
0.005845
0.004770
0.002217
0.004501
0.002620
0.001814
0.001612
0.004905
0.001344
0.003158
0.004300
0.007256
0.001411
0.002150
0.001948
0.003964
0.004636
0.002217
0.001747
0.002687
0.006517
0.002150
0.001680
0.005509
0.003561
0.003225
0.003023
