0.110320
0.001545
0.003225
0.002822
0.004434
0.003762
0.005509
0.001881
0.002486
0.003695
0.004098
0.001209
0.003561
0.002822
0.002553
0.007390
0.003964
0.001612
0.003091
0.005308
0.003225
0.002217
0.005241
0.003091
0.001545
0.004636
0.005106
0.003225
0.002553
0.002083
0.002553
0.003897
0.007592
0.001948
0.003158
0.002620
0.004031
0.002217
0.005442
0.002083
0.002620
0.006114
0.006114
0.001680
0.005039
0.002486
0.002755
0.002419
0.005442
0.002284
0.004031
0.003695
0.003695
0.003292
0.008667
0.004501
0.002419
0.005375
0.002956
0.002217
0.006651
0.003225
0.002217
0.001411
0.005845
0.002217
0.002352
0.004636
0.002755
0.003762
0.002889
0.002956
0.002217
0.006316
0.004434
0.001881
0.003561
0.002284
0.002755
0.003897
0.006316
0.001209
0.003964
0.003695
0.003561
0.007592
0.002620
0.002217
0.002083
0.003023
0.004501
0.003426
0.003359
0.002755
0.002553
0.005576
0.003964
0.001411
0.003695
0.002822
0.002016
0.005845
0.002553
0.003091
0.002217
0.004367
0.005442
0.001948
0.006651
0.002553
0.003225
0.001948
0.006987
0.001814
0.002486
0.004770
0.003628
0.004501
0.002486
0.002352
0.002889
0.005039
0.003359
0.002822
0.005241
0.003695
0.002284
0.001612
0.002284
0.001747
0.002083
0.005173
0.002284
0.003359
0.004837
0.002553
0.002217
0.002352
0.002956
0.000873
0.006114
0.002150
0.003695
0.005644
0.003225
0.002150
0.002755
0.006786
0.002755
0.004367
0.004569
0.002755
0.002083
0.002486
0.007659
0.002284
0.004031
0.002352
0.003359
0.002419
0.007256
0.001948
0.002352
0.002150
0.002822
0.003494
0.003225
0.002553
0.002889
0.002217
0.010548
0.001478
0.004972
0.002620
0.003695
0.003494
0.004569
0.002956
0.002284
0.001680
0.002889
0.005442
0.005845
0.002352
0.003561
0.002553
0.004569
0.001680
0.004703
0.002822
0.003830
0.002620
0.003695
0.002620
0.003494
0.006181
0.002419
0.002956
0.004098
0.002889
0.002755
0.009876
0.003292
0.002284
0.005106
0.003158
0.002822
0.003964
0.002083
0.001075
0.002889
0.003091
0.002217
0.005845
0.005442
0.002419
0.002083
0.002486
0.003561
0.003158
0.005711
0.002016
0.003091
0.003426
0.005912
0.001277
0.002486
0.002419
0.002486
0.004300
0.003561
0.003023
0.003695
0.003225
0.002822
0.001948
0.004703
0.002620
0.004031
0.004905
0.008936
0.001344
0.002016
0.002016
0.002755
0.004098
0.004031
0.002217
0.002755
0.006181
0.003091
0.002687
0.005308
0.003225
0.003561
0.003762
