0.100443
0.003091
0.001881
0.003695
0.003359
0.004367
0.006719
0.004300
0.001948
0.004636
0.002755
0.002284
0.003292
0.005778
0.002553
0.007995
0.005912
0.003426
0.002217
0.008062
0.001747
0.002620
0.003628
0.004300
0.002822
0.004166
0.002620
0.002016
0.002352
0.004434
0.003023
0.005442
0.004098
0.002419
0.002016
0.004300
0.002956
0.002486
0.002217
0.002889
0.001612
0.003561
0.002687
0.002755
0.003762
0.003225
0.001545
0.003225
0.003091
0.002956
0.001344
0.004905
0.001478
0.001814
0.005980
0.002755
0.002016
0.004166
0.002083
0.003561
0.006651
0.003897
0.001075
0.003023
0.002956
0.002284
0.002150
0.006651
0.002889
0.006248
0.001747
0.003158
0.002687
0.006651
0.002956
0.002083
0.002620
0.006316
0.001881
0.005711
0.003561
0.003292
0.001881
0.005375
0.003695
0.008331
0.002352
0.002352
0.003292
0.004837
0.001948
0.003628
0.002553
0.003494
0.002755
0.008801
0.002486
0.002755
0.001612
0.004367
0.003426
0.008264
0.001545
0.004837
0.001612
0.003561
0.002284
0.002755
0.010683
0.005509
0.001277
0.004972
0.005845
0.003830
0.001680
0.007256
0.002150
0.005509
0.001612
0.003225
0.002687
0.005375
0.002956
0.003292
0.004031
0.004166
0.002284
0.003091
0.001344
0.002217
0.001411
0.004972
0.002889
0.004501
0.003225
0.003830
0.001881
0.001411
0.002016
0.001680
0.005576
0.004166
0.001814
0.007055
0.003628
0.004636
0.002150
0.009272
0.002553
0.004367
0.003091
0.002553
0.003359
0.003091
0.005173
0.002822
0.003426
0.003561
0.001948
0.004501
0.006181
0.003695
0.001344
0.002755
0.002889
0.005375
0.002486
0.003494
0.002352
0.002016
0.005711
0.003359
0.004569
0.002284
0.001612
0.005845
0.002284
0.002486
0.001680
0.003426
0.002217
0.004031
0.002956
0.002822
0.001747
0.002016
0.002217
0.002755
0.003897
0.002486
0.001747
0.004569
0.002352
0.002083
0.002016
0.006786
0.002486
0.005039
0.002620
0.003494
0.002419
0.008465
0.001478
0.003023
0.004636
0.004972
0.002217
0.005509
0.002016
0.004569
0.001545
0.005173
0.003158
0.006584
0.002553
0.003426
0.002486
0.004166
0.001075
0.002956
0.003225
0.003897
0.001277
0.006450
0.004166
0.004233
0.001948
0.002687
0.002889
0.006719
0.002687
0.004770
0.001948
0.003695
0.000806
0.002217
0.007055
0.003426
0.001881
0.005576
0.009675
0.004166
0.001747
0.004636
0.001948
0.005173
0.002486
0.003023
0.003292
0.007390
0.001478
0.004166
0.003359
0.003426
0.001881
0.005375
