0.099637
0.001209
0.005778
0.006651
0.002352
0.002687
0.009742
0.003964
0.000739
0.002083
0.007995
0.003762
0.001881
0.002553
0.004098
0.008936
0.001881
0.001075
0.004098
0.006987
0.000941
0.002083
0.011220
0.007055
0.001209
0.003359
0.008197
0.003158
0.001142
0.001948
0.008667
0.006517
0.003561
0.000806
0.005241
0.005644
0.002419
0.001075
0.006987
0.001948
0.001142
0.002956
0.009608
0.001948
0.004300
0.001344
0.005173
0.001948
0.002284
0.000873
0.002956
0.003023
0.002352
0.001612
0.012631
0.005173
0.002217
0.001881
0.005241
0.003023
0.007525
0.001747
0.005778
0.003359
0.003762
0.001142
0.004166
0.008667
0.001948
0.005711
0.002755
0.006853
0.000470
0.004098
0.005375
0.002889
0.000806
0.003830
0.002352
0.006316
0.001814
0.002150
0.002083
0.003830
0.002150
0.007726
0.003091
0.005039
0.000806
0.002352
0.004837
0.002822
0.002486
0.002217
0.005576
0.009675
0.002956
0.001209
0.002553
0.002956
0.002486
0.007458
0.002150
0.003628
0.001277
0.002352
0.004300
0.002284
0.006920
0.002486
0.002687
0.002486
0.003023
0.001680
0.002352
0.002822
0.004569
0.005106
0.002620
0.002755
0.001612
0.003023
0.004031
0.002016
0.003762
0.003158
0.003628
0.002150
0.001209
0.001612
0.006517
0.006920
0.001747
0.004837
0.006987
0.002419
0.001075
0.000537
0.007525
0.005375
0.003091
0.002352
0.003426
0.007256
0.001142
0.001142
0.003426
0.006450
0.001545
0.002150
0.009003
0.004166
0.000537
0.001478
0.009205
0.004166
0.001344
0.001612
0.006651
0.007861
0.006181
0.000739
0.006517
0.002822
0.002150
0.001344
0.006450
0.002150
0.001612
0.000941
0.013840
0.003292
0.003561
0.001075
0.004367
0.002217
0.001881
0.001075
0.004770
0.000672
0.001411
0.003494
0.009742
0.002956
0.001545
0.001142
0.004770
0.002150
0.004098
0.001411
0.005644
0.005711
0.001612
0.001344
0.003897
0.010414
0.001075
0.005241
0.003494
0.003158
0.001209
0.007122
0.003023
0.004098
0.001142
0.001881
0.002352
0.005711
0.000806
0.002553
0.002016
0.002620
0.001747
0.004233
0.007055
0.002956
0.000941
0.003292
0.001881
0.005173
0.004233
0.001478
0.003762
0.008197
0.003426
0.001142
0.003023
0.001478
0.001478
0.004636
0.003897
0.002150
0.001209
0.001478
0.002822
0.001411
0.002620
0.001209
0.003830
0.003359
0.004569
0.002284
0.002687
0.001142
0.001814
0.004501
0.003830
0.001948
0.001881
0.006181
0.001680
0.002352
0.003494
0.001478
0.002755
0.002352
