0.090903
0.001814
0.003426
0.004569
0.003225
0.003158
0.009070
0.002687
0.002352
0.001747
0.004367
0.003158
0.002755
0.002150
0.003426
0.007390
0.003426
0.001075
0.002016
0.005509
0.002352
0.001881
0.004166
0.006584
0.001612
0.003292
0.005711
0.002284
0.001948
0.002016
0.003359
0.007256
0.007995
0.001142
0.002150
0.003695
0.004233
0.001881
0.006181
0.001411
0.002822
0.004367
0.004569
0.001478
0.004905
0.001881
0.004098
0.001142
0.006047
0.001411
0.003091
0.001075
0.004501
0.003091
0.007928
0.003359
0.002755
0.002419
0.004098
0.001344
0.010078
0.003091
0.002755
0.002419
0.004837
0.003158
0.001008
0.005442
0.002284
0.007659
0.000537
0.004501
0.002956
0.005241
0.003023
0.002687
0.001814
0.007458
0.001344
0.005375
0.003695
0.004636
0.001008
0.006181
0.003426
0.010279
0.002486
0.004837
0.001948
0.004703
0.002083
0.002956
0.004098
0.002553
0.001411
0.010011
0.007189
0.003158
0.001142
0.001747
0.005980
0.010347
0.001612
0.001948
0.003561
0.004837
0.001747
0.001344
0.009473
0.004972
0.002352
0.002016
0.007256
0.004501
0.001612
0.002620
0.006047
0.008062
0.000806
0.002687
0.002822
0.006181
0.002956
0.000873
0.008936
0.005039
0.002217
0.001411
0.001948
0.000806
0.002956
0.006651
0.001881
0.004031
0.006920
0.002822
0.002284
0.000873
0.003023
0.003091
0.004837
0.001680
0.002284
0.006181
0.001411
0.001008
0.001612
0.005980
0.001948
0.002755
0.004703
0.004434
0.001747
0.001747
0.007256
0.002419
0.003158
0.001814
0.003158
0.005375
0.007928
0.002486
0.002553
0.001478
0.004367
0.002150
0.005912
0.001209
0.003561
0.001411
0.007592
0.000941
0.005711
0.001344
0.003359
0.001680
0.003897
0.001075
0.002687
0.000537
0.002486
0.004703
0.005644
0.001612
0.002486
0.001008
0.002217
0.000537
0.009137
0.002687
0.002956
0.004636
0.002755
0.003762
0.001411
0.007458
0.002083
0.006719
0.001411
0.003023
0.001948
0.009070
0.001612
0.003292
0.003830
0.004501
0.001747
0.004636
0.001478
0.003023
0.000941
0.003023
0.002217
0.007055
0.003897
0.003964
0.001881
0.003897
0.000672
0.001948
0.006719
0.002687
0.001478
0.006786
0.008062
0.005980
0.001277
0.000941
0.003426
0.006719
0.004098
0.001344
0.004300
0.006786
0.001209
0.001142
0.007323
0.003494
0.002352
0.002755
0.007055
0.002956
0.001680
0.001747
0.004972
0.006719
0.001008
0.001478
0.003158
0.007525
0.001209
0.001411
0.007726
0.004031
0.001277
0.001948
