0.097084
0.001747
0.005442
0.005509
0.002284
0.003897
0.008465
0.004098
0.001142
0.003292
0.005912
0.002150
0.001747
0.003426
0.002889
0.009070
0.002486
0.002016
0.003158
0.007256
0.001612
0.002150
0.008331
0.004569
0.001075
0.003494
0.007189
0.001209
0.001344
0.002419
0.008197
0.008667
0.004501
0.001344
0.004501
0.004031
0.004166
0.002419
0.007055
0.002150
0.002217
0.003091
0.007928
0.001680
0.006651
0.001478
0.004972
0.001277
0.002889
0.001075
0.004031
0.002687
0.002620
0.001948
0.013169
0.002889
0.002284
0.001680
0.005644
0.001478
0.008936
0.002687
0.005509
0.002687
0.003561
0.003158
0.002486
0.006651
0.001209
0.007323
0.001612
0.005106
0.001411
0.006114
0.005241
0.002016
0.000941
0.004837
0.002150
0.006584
0.001008
0.002889
0.001881
0.005576
0.002755
0.009809
0.003158
0.003762
0.001478
0.004501
0.002755
0.002486
0.002016
0.004300
0.004300
0.009876
0.002486
0.003292
0.002620
0.003830
0.003359
0.007525
0.001612
0.003830
0.002083
0.003158
0.003897
0.001680
0.006047
0.002755
0.002016
0.003964
0.003426
0.001948
0.002083
0.004636
0.002486
0.005308
0.002352
0.002419
0.002150
0.005509
0.003762
0.001478
0.003561
0.003561
0.002419
0.001881
0.001344
0.001209
0.004972
0.006114
0.001881
0.004233
0.007122
0.002620
0.001142
0.001008
0.004905
0.002284
0.003359
0.002284
0.003158
0.008869
0.000941
0.001747
0.002553
0.007189
0.000806
0.003023
0.008533
0.002419
0.001277
0.002083
0.006181
0.001747
0.001814
0.002687
0.005845
0.006719
0.006450
0.002352
0.006786
0.001747
0.003091
0.002620
0.005576
0.002217
0.001478
0.001411
0.012429
0.002083
0.004031
0.001814
0.004636
0.002150
0.002553
0.001209
0.004434
0.001008
0.002620
0.003292
0.009406
0.002083
0.001277
0.001209
0.003359
0.001344
0.004905
0.001545
0.003426
0.004501
0.001814
0.003359
0.003359
0.007659
0.001008
0.006114
0.002553
0.002620
0.001142
0.007525
0.002553
0.002486
0.001344
0.005039
0.002083
0.006651
0.000806
0.003897
0.001209
0.003897
0.002217
0.005912
0.006114
0.001814
0.000873
0.005778
0.001545
0.003359
0.004098
0.003023
0.003023
0.007525
0.003225
0.003158
0.003292
0.001209
0.002083
0.005980
0.004367
0.002553
0.001411
0.002352
0.002083
0.001277
0.003695
0.002687
0.002822
0.005778
0.004434
0.002352
0.002284
0.001881
0.002553
0.004434
0.002620
0.001747
0.001277
0.007525
0.001612
0.002150
0.003897
0.003494
0.002083
0.003091
