0.093456
0.002083
0.002150
0.005912
0.002956
0.002620
0.007055
0.002822
0.002419
0.004905
0.005576
0.004300
0.001680
0.003897
0.003897
0.007928
0.002755
0.001478
0.002620
0.004636
0.002755
0.002016
0.004770
0.005980
0.001075
0.004300
0.006248
0.002620
0.001478
0.002755
0.004434
0.008130
0.004972
0.002217
0.003561
0.005509
0.002083
0.001075
0.003695
0.002553
0.002150
0.004233
0.008331
0.003964
0.003628
0.001881
0.005106
0.002956
0.003158
0.001209
0.001881
0.003225
0.002352
0.003628
0.008130
0.006248
0.001277
0.003494
0.004166
0.003359
0.005308
0.003830
0.004098
0.004703
0.003091
0.002553
0.003158
0.009205
0.002620
0.004031
0.002553
0.003897
0.001545
0.006719
0.005912
0.004636
0.001209
0.002352
0.004098
0.004703
0.002150
0.000739
0.002822
0.004031
0.003158
0.006383
0.004367
0.006114
0.001747
0.003225
0.004367
0.002755
0.002352
0.002889
0.005845
0.010414
0.003023
0.000873
0.003091
0.003897
0.001075
0.007122
0.002822
0.003426
0.001680
0.003225
0.004233
0.003561
0.004031
0.002284
0.003494
0.002486
0.004703
0.001478
0.002016
0.002352
0.002284
0.004569
0.002687
0.003091
0.001142
0.006114
0.003359
0.002150
0.001948
0.003426
0.002956
0.002083
0.001277
0.001814
0.002956
0.007189
0.003359
0.005106
0.004098
0.003561
0.001142
0.001545
0.004233
0.005509
0.003426
0.002620
0.002553
0.005173
0.000941
0.001545
0.004300
0.008600
0.001747
0.003695
0.004703
0.004166
0.001209
0.001747
0.008062
0.002419
0.001411
0.002486
0.003561
0.005241
0.006248
0.002083
0.003762
0.003426
0.002083
0.002620
0.005106
0.003292
0.002889
0.002486
0.012833
0.005039
0.002620
0.001680
0.003830
0.002083
0.002620
0.001478
0.002822
0.002687
0.002419
0.004233
0.006450
0.005778
0.001411
0.001680
0.003359
0.002486
0.002956
0.003494
0.004367
0.005711
0.001411
0.004770
0.003158
0.012497
0.001747
0.003561
0.003628
0.003158
0.001747
0.010683
0.003762
0.004166
0.001814
0.002352
0.002889
0.004166
0.001142
0.001612
0.003628
0.002822
0.002687
0.003830
0.005845
0.005106
0.001411
0.003158
0.003695
0.004300
0.004569
0.002755
0.003897
0.007525
0.003628
0.003158
0.002150
0.002150
0.001545
0.003494
0.003762
0.002620
0.001881
0.002687
0.002620
0.002284
0.002620
0.001814
0.002822
0.004703
0.006114
0.001948
0.002083
0.002083
0.002822
0.003762
0.003628
0.003830
0.001277
0.007861
0.002822
0.002284
0.003359
0.003158
0.002687
0.003426
