0.087342
0.001411
0.003426
0.005375
0.002150
0.001747
0.009944
0.005845
0.000941
0.001747
0.006517
0.003830
0.001411
0.001747
0.005845
0.010481
0.002620
0.001142
0.002486
0.006114
0.001612
0.001277
0.009406
0.005442
0.001814
0.003359
0.006719
0.003695
0.001075
0.002217
0.005509
0.009675
0.004367
0.001277
0.003897
0.004031
0.004972
0.001411
0.004972
0.002016
0.002083
0.004031
0.007592
0.001277
0.006450
0.001680
0.004501
0.001881
0.003494
0.001344
0.002755
0.001948
0.003158
0.001612
0.010750
0.003762
0.002016
0.001209
0.005912
0.000873
0.007928
0.003091
0.004098
0.003561
0.003091
0.002889
0.002486
0.005442
0.000739
0.005375
0.002016
0.006181
0.000941
0.006114
0.005442
0.003359
0.001075
0.003628
0.001881
0.008197
0.002217
0.002486
0.001545
0.004434
0.001814
0.010414
0.004501
0.003494
0.000605
0.005375
0.004569
0.004501
0.001948
0.005576
0.003494
0.009675
0.004300
0.002956
0.002486
0.001814
0.002150
0.007323
0.002083
0.002083
0.003292
0.005106
0.003494
0.001680
0.008936
0.002755
0.003762
0.002486
0.006316
0.002419
0.001545
0.003158
0.004501
0.007189
0.002016
0.001881
0.001881
0.005711
0.003762
0.001277
0.004300
0.006517
0.002150
0.002150
0.001075
0.001881
0.004636
0.007592
0.002419
0.002620
0.006920
0.003695
0.001545
0.000873
0.006450
0.006181
0.003897
0.001209
0.002687
0.007390
0.000739
0.001075
0.003964
0.007458
0.001008
0.002419
0.007458
0.003762
0.001411
0.001680
0.007592
0.003561
0.001277
0.001612
0.005308
0.007122
0.005778
0.000941
0.003897
0.002083
0.003494
0.001277
0.006316
0.001075
0.001881
0.000873
0.009473
0.002016
0.005576
0.001344
0.004367
0.002486
0.002486
0.000537
0.002150
0.001008
0.002889
0.004972
0.009406
0.002755
0.002956
0.000537
0.003964
0.001075
0.005442
0.001680
0.003494
0.004300
0.001411
0.003292
0.002486
0.007726
0.001344
0.004233
0.003494
0.004703
0.001344
0.008264
0.002217
0.004233
0.001344
0.002822
0.002083
0.006316
0.000537
0.001680
0.001680
0.004703
0.001478
0.006383
0.005980
0.002620
0.000739
0.002687
0.001612
0.003091
0.004233
0.003897
0.002889
0.007323
0.005241
0.003830
0.002016
0.000806
0.002620
0.005173
0.004636
0.001814
0.003897
0.004905
0.001814
0.000672
0.007323
0.002687
0.001411
0.003158
0.006651
0.001881
0.001478
0.002150
0.003494
0.005845
0.003023
0.002150
0.002016
0.006248
0.001814
0.001142
0.004972
0.004434
0.001680
0.002284
