0.093456
0.001747
0.000873
0.005039
0.001747
0.002687
0.011354
0.004636
0.001209
0.002150
0.003292
0.005308
0.002150
0.003897
0.003426
0.011758
0.003225
0.001948
0.002016
0.007390
0.001948
0.002486
0.008667
0.008734
0.002217
0.003158
0.006248
0.002553
0.001612
0.003225
0.006248
0.012833
0.004569
0.001008
0.001209
0.002822
0.005711
0.001881
0.008667
0.002217
0.002687
0.003897
0.006383
0.001411
0.008734
0.002486
0.007995
0.001277
0.003225
0.000739
0.002284
0.003494
0.003628
0.001881
0.010750
0.002687
0.002755
0.001747
0.004770
0.001411
0.009675
0.001948
0.004166
0.003225
0.003964
0.001680
0.001209
0.005980
0.001948
0.004300
0.001612
0.003762
0.001545
0.005106
0.002956
0.003359
0.001478
0.004972
0.002083
0.006584
0.002755
0.003359
0.001612
0.005375
0.001881
0.008130
0.001814
0.004166
0.002083
0.003426
0.002284
0.003091
0.002755
0.004367
0.003292
0.011556
0.003292
0.001948
0.001948
0.002889
0.003830
0.008062
0.002352
0.002620
0.002822
0.003494
0.003158
0.001747
0.010548
0.003292
0.004300
0.001680
0.004031
0.001948
0.001814
0.003494
0.005173
0.005106
0.001075
0.001747
0.002217
0.003695
0.003426
0.002284
0.008801
0.003158
0.002553
0.002016
0.000941
0.001612
0.003225
0.008600
0.002553
0.003091
0.006719
0.003897
0.001008
0.001814
0.003494
0.006584
0.003225
0.002083
0.001478
0.008264
0.002150
0.002352
0.001814
0.011422
0.002553
0.002486
0.004233
0.003762
0.002956
0.003023
0.006987
0.003494
0.002553
0.001142
0.003023
0.007928
0.007256
0.001814
0.002352
0.002284
0.002687
0.002620
0.006181
0.001881
0.002352
0.002352
0.006853
0.003158
0.003964
0.001209
0.002822
0.003091
0.003695
0.002083
0.002352
0.001545
0.002687
0.003426
0.007256
0.002217
0.003830
0.002217
0.003494
0.001411
0.006316
0.001075
0.002150
0.003292
0.001747
0.003158
0.002016
0.008130
0.001680
0.002755
0.002284
0.003561
0.001411
0.008734
0.001814
0.004300
0.001478
0.003695
0.001680
0.004300
0.001948
0.003158
0.001008
0.005980
0.002083
0.003628
0.004098
0.002687
0.001948
0.002956
0.001612
0.003023
0.004233
0.000941
0.001948
0.006853
0.005442
0.002956
0.001881
0.002284
0.003628
0.003762
0.004770
0.002620
0.002755
0.003225
0.001142
0.002486
0.005241
0.001948
0.002083
0.003225
0.006383
0.002284
0.002083
0.003762
0.002822
0.003830
0.002687
0.002822
0.001814
0.006383
0.001747
0.003225
0.004434
0.002687
0.002083
0.002687
