0.090365
0.002486
0.004770
0.005308
0.000941
0.003561
0.009339
0.005173
0.001008
0.004166
0.005173
0.004300
0.000806
0.003964
0.005106
0.009205
0.002956
0.002150
0.003023
0.005644
0.001142
0.002486
0.005375
0.005778
0.000941
0.006450
0.004972
0.003561
0.000941
0.003158
0.004367
0.006383
0.002553
0.003091
0.002889
0.003762
0.000873
0.001881
0.006114
0.003561
0.001008
0.004837
0.004703
0.003091
0.002620
0.002687
0.006383
0.003091
0.001747
0.001814
0.002553
0.004031
0.000941
0.002755
0.005980
0.004367
0.000605
0.003225
0.003426
0.002822
0.004703
0.004166
0.003628
0.002956
0.002486
0.003830
0.002620
0.006853
0.001008
0.008533
0.002083
0.006651
0.000941
0.006786
0.003359
0.004434
0.000739
0.005644
0.002620
0.007458
0.001209
0.004569
0.003023
0.004770
0.002352
0.007592
0.003561
0.004837
0.001411
0.007189
0.002687
0.003762
0.001478
0.004636
0.002956
0.007726
0.001814
0.002687
0.002486
0.003695
0.001344
0.008869
0.002553
0.005241
0.000941
0.004166
0.002889
0.002419
0.005912
0.003964
0.003494
0.003897
0.002889
0.004233
0.001948
0.004300
0.001008
0.005644
0.001881
0.003561
0.000537
0.007592
0.003561
0.002486
0.003158
0.005039
0.002284
0.003695
0.000806
0.003426
0.002889
0.006047
0.001209
0.006248
0.006987
0.003762
0.000605
0.002419
0.004166
0.003762
0.003023
0.002889
0.003494
0.006114
0.000806
0.002486
0.002284
0.006651
0.001411
0.003762
0.005509
0.004367
0.000605
0.002822
0.006786
0.004501
0.001545
0.003695
0.004703
0.006584
0.004837
0.003359
0.003426
0.002486
0.000873
0.003561
0.005106
0.003426
0.001344
0.002016
0.006450
0.002419
0.001881
0.001814
0.003225
0.004098
0.001411
0.002822
0.001814
0.003426
0.001075
0.005106
0.006248
0.003762
0.000739
0.001612
0.001948
0.003023
0.002822
0.003695
0.003964
0.005644
0.000672
0.004636
0.001881
0.007861
0.001075
0.006316
0.003091
0.004233
0.000672
0.009003
0.002016
0.004837
0.001411
0.002620
0.002755
0.006248
0.000941
0.004434
0.001814
0.003158
0.001344
0.007189
0.004569
0.004233
0.000672
0.005241
0.001948
0.004569
0.003225
0.004300
0.003359
0.006920
0.002352
0.004166
0.002083
0.002620
0.000873
0.007592
0.004098
0.004703
0.000672
0.004098
0.002217
0.002889
0.003023
0.002889
0.003023
0.004501
0.004770
0.005241
0.002352
0.003762
0.001344
0.004905
0.003091
0.003695
0.000739
0.009070
0.001411
0.004905
0.002150
0.003762
0.002150
0.003964
