0.095069
0.002620
0.002620
0.004837
0.005106
0.002419
0.006181
0.001948
0.003158
0.003561
0.005039
0.002419
0.002956
0.003292
0.002822
0.007122
0.005173
0.001680
0.002486
0.003964
0.003359
0.002150
0.005039
0.004031
0.002553
0.003023
0.005241
0.002486
0.001948
0.002822
0.004031
0.004905
0.005644
0.002553
0.002755
0.006316
0.005845
0.001747
0.005106
0.002083
0.003091
0.003695
0.006248
0.003628
0.004434
0.001814
0.003023
0.001680
0.005173
0.001881
0.001814
0.003158
0.003494
0.003023
0.007995
0.003964
0.003158
0.002486
0.003225
0.003359
0.008062
0.004367
0.003762
0.004031
0.003426
0.002150
0.004233
0.005644
0.003091
0.004367
0.001814
0.003023
0.002620
0.005308
0.004367
0.002419
0.001881
0.002553
0.002352
0.004905
0.004300
0.001948
0.002486
0.003897
0.003830
0.009339
0.004098
0.003225
0.002083
0.002620
0.003561
0.002486
0.003292
0.003359
0.005644
0.008398
0.004233
0.003225
0.003091
0.003292
0.003158
0.007390
0.002956
0.002889
0.003292
0.002755
0.004233
0.002553
0.008398
0.002150
0.002620
0.002284
0.006181
0.001411
0.002419
0.003695
0.003561
0.006047
0.002284
0.002822
0.002889
0.003964
0.002956
0.002150
0.004367
0.003158
0.003225
0.002352
0.001612
0.002016
0.003426
0.004166
0.003023
0.003091
0.005173
0.003359
0.001747
0.001612
0.004837
0.003158
0.005173
0.002016
0.002620
0.005308
0.002217
0.002016
0.002687
0.007390
0.002150
0.002620
0.005106
0.002217
0.003225
0.001344
0.005644
0.002083
0.003964
0.002553
0.003762
0.004636
0.006651
0.002016
0.003225
0.003359
0.003561
0.003426
0.004501
0.003091
0.003830
0.002352
0.008533
0.002217
0.005241
0.002620
0.003426
0.003158
0.004031
0.001478
0.001948
0.001075
0.002217
0.003830
0.006517
0.003695
0.004636
0.000941
0.003158
0.001814
0.006114
0.003091
0.003561
0.005173
0.002284
0.002755
0.003494
0.006651
0.002217
0.002553
0.003762
0.003158
0.003225
0.010279
0.003494
0.002553
0.004233
0.002083
0.003225
0.003561
0.001344
0.002687
0.002150
0.002486
0.002822
0.005375
0.005711
0.002620
0.002486
0.002553
0.001478
0.002889
0.004434
0.002486
0.004434
0.005375
0.003964
0.002889
0.002284
0.001612
0.002687
0.004434
0.004367
0.002486
0.003292
0.002755
0.001747
0.002486
0.007659
0.002016
0.002553
0.004972
0.007525
0.002150
0.002822
0.002217
0.003225
0.004434
0.003561
0.002150
0.003762
0.005039
0.002419
0.001814
0.005308
0.003695
0.004233
0.002755
