0.094195
0.001545
0.001680
0.004367
0.003695
0.002956
0.010279
0.002419
0.002352
0.001747
0.004905
0.002755
0.003561
0.002822
0.003292
0.010481
0.003359
0.001747
0.001612
0.006719
0.001075
0.002016
0.005509
0.005106
0.001680
0.004703
0.006383
0.003494
0.001344
0.002083
0.004300
0.009876
0.005576
0.001142
0.003023
0.003359
0.006316
0.001814
0.008533
0.002016
0.001747
0.004233
0.007659
0.002016
0.006383
0.001881
0.004569
0.002217
0.003158
0.001008
0.002419
0.003359
0.004233
0.002016
0.010481
0.002553
0.002016
0.002553
0.006920
0.002284
0.007995
0.001411
0.003158
0.003830
0.002620
0.002217
0.001881
0.007861
0.002016
0.009205
0.002150
0.003091
0.001344
0.005308
0.004703
0.002889
0.000941
0.004300
0.002352
0.007055
0.002016
0.001814
0.001881
0.003830
0.002217
0.009272
0.002755
0.003359
0.001277
0.007122
0.003158
0.003091
0.001680
0.002620
0.004972
0.010145
0.003426
0.002016
0.001948
0.003292
0.002889
0.009675
0.003292
0.002956
0.001814
0.004434
0.003561
0.002553
0.007525
0.002553
0.003494
0.002822
0.005039
0.001680
0.001814
0.003292
0.003830
0.006181
0.001814
0.001545
0.001680
0.007390
0.004367
0.002016
0.004636
0.003023
0.003158
0.001545
0.000672
0.001344
0.002419
0.005039
0.002352
0.004367
0.006584
0.003023
0.001478
0.001344
0.004837
0.002956
0.004166
0.001747
0.001948
0.006181
0.001277
0.002217
0.002889
0.008398
0.001411
0.002620
0.006181
0.004367
0.002284
0.001948
0.007323
0.003292
0.002217
0.001948
0.002956
0.005375
0.004434
0.001142
0.003158
0.003091
0.004300
0.002822
0.006584
0.002217
0.001478
0.001680
0.010817
0.002419
0.006316
0.001209
0.003359
0.002419
0.003225
0.001411
0.003359
0.001008
0.002284
0.003561
0.007659
0.002083
0.002889
0.001277
0.005375
0.001277
0.005442
0.001075
0.002755
0.003897
0.001075
0.002553
0.001545
0.009205
0.001747
0.006517
0.003897
0.003964
0.001545
0.007928
0.002352
0.003494
0.002822
0.003561
0.001478
0.005644
0.001209
0.002419
0.002083
0.005106
0.002687
0.006853
0.005778
0.004300
0.000873
0.005778
0.001612
0.002016
0.003359
0.003426
0.002553
0.006248
0.004233
0.001948
0.001680
0.000941
0.001814
0.007122
0.005442
0.002956
0.001948
0.002419
0.001680
0.001881
0.006047
0.002284
0.002352
0.004166
0.006047
0.002486
0.002352
0.001411
0.003292
0.005106
0.002822
0.001545
0.001881
0.009406
0.002620
0.002687
0.004905
0.002687
0.002284
0.002419
