0.086469
0.000806
0.005912
0.006248
0.002956
0.002284
0.011690
0.004098
0.001075
0.001612
0.006920
0.003359
0.002822
0.002284
0.004233
0.009742
0.004233
0.001814
0.002889
0.007928
0.002150
0.000806
0.009137
0.007458
0.001881
0.002822
0.008600
0.003225
0.001142
0.001612
0.005980
0.011019
0.005241
0.001075
0.003292
0.003695
0.004166
0.001411
0.008062
0.001747
0.002755
0.002217
0.006584
0.001209
0.004703
0.002083
0.004972
0.002284
0.003695
0.001277
0.002889
0.002755
0.003023
0.001948
0.008734
0.002352
0.002016
0.001344
0.007256
0.001209
0.008533
0.001545
0.005442
0.002217
0.003359
0.002352
0.001881
0.007323
0.001545
0.008331
0.001747
0.005442
0.001545
0.004703
0.002755
0.003225
0.002016
0.005644
0.002016
0.007861
0.001680
0.004300
0.001277
0.005442
0.003628
0.008600
0.002150
0.003359
0.001075
0.003897
0.003023
0.002822
0.002217
0.002553
0.002284
0.009205
0.004031
0.002755
0.001411
0.001747
0.003158
0.008062
0.002284
0.003292
0.002150
0.002553
0.002217
0.001142
0.009540
0.003830
0.002687
0.002755
0.006248
0.003426
0.001948
0.005308
0.004972
0.006719
0.001747
0.001814
0.002284
0.003091
0.004501
0.001881
0.005241
0.005375
0.001747
0.001814
0.001344
0.000873
0.004837
0.007659
0.001747
0.002889
0.010414
0.005845
0.001545
0.001075
0.005241
0.004434
0.004233
0.001948
0.004098
0.006853
0.001142
0.001545
0.003225
0.008465
0.001881
0.001612
0.006719
0.003494
0.001612
0.001411
0.010615
0.002486
0.002889
0.001545
0.004501
0.008264
0.006114
0.001881
0.002687
0.001680
0.002822
0.002016
0.008062
0.002083
0.002755
0.001142
0.006584
0.001478
0.006114
0.001277
0.003426
0.002755
0.004300
0.000739
0.001948
0.001411
0.002284
0.003561
0.007390
0.001612
0.002284
0.000672
0.003426
0.000739
0.004972
0.001680
0.003494
0.004367
0.002419
0.003292
0.001008
0.007055
0.001142
0.005039
0.002419
0.005308
0.002016
0.007794
0.001612
0.002620
0.002553
0.004434
0.002419
0.007390
0.000806
0.003830
0.001612
0.004770
0.001411
0.005106
0.003494
0.001814
0.001075
0.003091
0.001344
0.004233
0.003225
0.002687
0.002352
0.006450
0.005576
0.002284
0.001680
0.000739
0.001881
0.005173
0.004501
0.002419
0.003023
0.001881
0.001209
0.000941
0.007390
0.003830
0.002553
0.003561
0.007726
0.003091
0.001478
0.002284
0.003292
0.005711
0.002755
0.002150
0.002553
0.006651
0.002016
0.001948
0.004166
0.003897
0.001545
0.002150
