0.094934
0.001075
0.003292
0.004905
0.002822
0.002419
0.008869
0.005980
0.002083
0.000941
0.004098
0.003158
0.002956
0.002083
0.003897
0.014714
0.003830
0.000941
0.003762
0.008398
0.001881
0.001142
0.006248
0.005845
0.002150
0.003225
0.004166
0.003158
0.001612
0.002016
0.002889
0.010078
0.005778
0.001075
0.002956
0.003359
0.003964
0.001478
0.004501
0.002083
0.003695
0.002956
0.005241
0.002150
0.006316
0.001411
0.004434
0.002419
0.005241
0.000739
0.003561
0.004031
0.002620
0.003426
0.007122
0.003023
0.002016
0.001881
0.003561
0.002419
0.009608
0.002687
0.003225
0.003561
0.003830
0.000672
0.002486
0.005442
0.002284
0.005778
0.002486
0.005308
0.002352
0.003225
0.004367
0.003091
0.001948
0.002284
0.002755
0.009406
0.003225
0.001881
0.002419
0.005442
0.002553
0.007592
0.002687
0.004098
0.001747
0.003762
0.002956
0.004636
0.002352
0.002284
0.003091
0.011825
0.005375
0.001008
0.003023
0.003561
0.003426
0.008331
0.002620
0.003426
0.003561
0.003359
0.002553
0.002217
0.007861
0.002620
0.004166
0.003292
0.006651
0.001545
0.002822
0.005173
0.004636
0.004569
0.002553
0.002956
0.001747
0.003762
0.004770
0.002217
0.007659
0.004770
0.002687
0.002352
0.001814
0.001209
0.003561
0.004434
0.002486
0.004636
0.005106
0.004905
0.002150
0.001277
0.004300
0.002956
0.004569
0.000806
0.003292
0.007995
0.002553
0.001075
0.003225
0.009675
0.002083
0.002553
0.003762
0.003426
0.003023
0.001948
0.006047
0.004233
0.003158
0.001209
0.002755
0.005644
0.008801
0.001142
0.002553
0.001680
0.003225
0.001344
0.002687
0.002620
0.002486
0.001142
0.007055
0.001478
0.005308
0.001209
0.003762
0.002822
0.004300
0.000470
0.002620
0.001881
0.003628
0.003426
0.004972
0.003023
0.002419
0.001411
0.003292
0.002486
0.006584
0.001277
0.002352
0.005308
0.002083
0.001075
0.002217
0.007726
0.001747
0.004636
0.003561
0.004501
0.002956
0.006450
0.002083
0.002956
0.003494
0.001075
0.002822
0.004367
0.001814
0.001209
0.002620
0.004569
0.002822
0.003426
0.002755
0.003830
0.002083
0.002956
0.002687
0.003897
0.004367
0.001680
0.002889
0.007055
0.006047
0.001277
0.001612
0.001881
0.002956
0.004166
0.004233
0.003426
0.004837
0.003091
0.001881
0.002352
0.007458
0.001680
0.002150
0.005980
0.007189
0.001814
0.001881
0.003158
0.003561
0.003158
0.003225
0.002217
0.003628
0.005442
0.002352
0.003292
0.005644
0.002352
0.003225
0.004166
