0.091037
0.002687
0.000806
0.004434
0.002822
0.003628
0.005980
0.003628
0.002553
0.004098
0.001277
0.002889
0.002687
0.005106
0.001478
0.009070
0.003964
0.002486
0.000605
0.007995
0.002217
0.003494
0.003091
0.005106
0.001545
0.004703
0.002687
0.003628
0.002755
0.003762
0.001478
0.005576
0.005308
0.003091
0.000806
0.005308
0.006719
0.002419
0.003091
0.002956
0.004703
0.003359
0.002889
0.003292
0.005442
0.004434
0.000672
0.001881
0.003292
0.002419
0.000336
0.003225
0.003494
0.003561
0.004770
0.004501
0.002150
0.003762
0.001747
0.002150
0.005778
0.004434
0.001075
0.003426
0.002889
0.003897
0.000537
0.006517
0.002755
0.007525
0.000537
0.005644
0.002486
0.006987
0.003023
0.004031
0.002083
0.006248
0.000672
0.007928
0.003091
0.003426
0.001075
0.006853
0.003091
0.007525
0.001277
0.004569
0.002352
0.004837
0.001008
0.005106
0.004501
0.005106
0.002419
0.007861
0.005375
0.004166
0.000806
0.004367
0.004905
0.009406
0.001209
0.004098
0.004703
0.005442
0.001142
0.002419
0.009809
0.005576
0.000873
0.004569
0.004770
0.003426
0.001008
0.005576
0.003762
0.005442
0.001142
0.002822
0.003292
0.006114
0.003091
0.002553
0.005375
0.004972
0.001075
0.002687
0.001881
0.003158
0.000941
0.005106
0.002553
0.004166
0.003561
0.003158
0.001948
0.002553
0.001747
0.004367
0.003964
0.004300
0.001142
0.006383
0.001612
0.005039
0.000873
0.008936
0.002352
0.004300
0.001948
0.004031
0.002284
0.003494
0.005173
0.004636
0.002687
0.003695
0.001545
0.004636
0.005711
0.003023
0.001277
0.002284
0.003426
0.003830
0.001478
0.001545
0.002822
0.002822
0.005845
0.002956
0.005644
0.003292
0.000806
0.003830
0.002284
0.002956
0.000873
0.001948
0.003561
0.005576
0.002822
0.002755
0.002419
0.003225
0.001008
0.002553
0.005845
0.004166
0.001075
0.005644
0.001814
0.004501
0.000739
0.008331
0.003292
0.005442
0.001680
0.002486
0.001948
0.007458
0.000873
0.004905
0.003091
0.004972
0.000537
0.006651
0.002150
0.005039
0.000605
0.005845
0.003897
0.006517
0.003561
0.004166
0.001344
0.003426
0.000873
0.004636
0.004972
0.004636
0.001814
0.007122
0.005375
0.003830
0.000873
0.002150
0.003561
0.006181
0.002822
0.003023
0.003359
0.004636
0.000672
0.003359
0.006248
0.004434
0.001411
0.004837
0.006651
0.004501
0.000605
0.002755
0.004636
0.005375
0.001612
0.003494
0.002284
0.006383
0.000806
0.002687
0.005241
0.005039
0.000806
0.003964
