0.151035
0.002486
0.003292
0.002822
0.002553
0.002687
0.005576
0.002284
0.002755
0.003695
0.005106
0.001881
0.002620
0.003695
0.002217
0.004098
0.002687
0.001881
0.002486
0.004837
0.002687
0.002016
0.004703
0.003762
0.001680
0.004233
0.003091
0.001545
0.002284
0.002553
0.002822
0.003695
0.004569
0.001948
0.003762
0.004233
0.003762
0.002687
0.004098
0.002419
0.002284
0.003762
0.007995
0.002822
0.004770
0.002419
0.002284
0.001545
0.002687
0.001948
0.002083
0.004031
0.004367
0.003023
0.010212
0.004837
0.002016
0.002822
0.003897
0.003091
0.005778
0.003292
0.004501
0.003292
0.004703
0.002217
0.004233
0.006316
0.002486
0.005980
0.002889
0.003225
0.002150
0.005576
0.004770
0.002553
0.001612
0.003158
0.001747
0.003830
0.002620
0.001545
0.002620
0.003091
0.002755
0.008465
0.004166
0.003762
0.002486
0.004233
0.003494
0.002083
0.002755
0.004434
0.005039
0.006383
0.002620
0.002687
0.003359
0.004367
0.002150
0.007659
0.002620
0.003561
0.002620
0.003426
0.003426
0.002822
0.006181
0.002150
0.002755
0.002553
0.003561
0.000941
0.002486
0.003158
0.003091
0.004703
0.002083
0.003158
0.001545
0.004233
0.001881
0.002687
0.004233
0.002889
0.003225
0.002352
0.002419
0.002150
0.002956
0.004434
0.002553
0.003494
0.004636
0.001948
0.001814
0.002284
0.004166
0.001545
0.002687
0.002755
0.001478
0.005308
0.002016
0.002553
0.001411
0.004837
0.001747
0.003628
0.004972
0.003023
0.001814
0.002083
0.007189
0.001881
0.002083
0.002822
0.003292
0.003494
0.006450
0.002822
0.003359
0.002620
0.002620
0.003561
0.003023
0.001881
0.002352
0.002889
0.012765
0.003561
0.003225
0.002419
0.002352
0.004636
0.002486
0.000806
0.002016
0.002822
0.003426
0.004501
0.008062
0.003762
0.002217
0.001612
0.004166
0.002419
0.003762
0.001814
0.003426
0.004905
0.002687
0.003561
0.004501
0.007525
0.002553
0.005106
0.004367
0.001344
0.002083
0.009540
0.003494
0.003628
0.002687
0.001814
0.002822
0.003091
0.001814
0.001545
0.001881
0.002553
0.002889
0.004770
0.006114
0.003225
0.001612
0.004501
0.002083
0.002217
0.004233
0.002889
0.004501
0.005375
0.004501
0.003292
0.002284
0.002150
0.002620
0.005509
0.001612
0.001948
0.002352
0.003494
0.002889
0.002016
0.003830
0.001142
0.001142
0.002755
0.004905
0.000806
0.002553
0.001545
0.003023
0.003897
0.003830
0.003359
0.002486
0.009070
0.001814
0.002889
0.003762
0.002419
0.003292
0.004031
