0.110924
0.003695
0.001881
0.006450
0.003762
0.003830
0.006383
0.003023
0.002016
0.004703
0.001814
0.003964
0.003023
0.004636
0.001008
0.007189
0.003628
0.003158
0.001142
0.006719
0.002150
0.003628
0.003628
0.006450
0.001814
0.004636
0.003225
0.002822
0.002352
0.003426
0.001612
0.005308
0.005173
0.002553
0.002755
0.005711
0.002755
0.002016
0.003158
0.004703
0.002217
0.005039
0.003158
0.004166
0.003830
0.002150
0.001008
0.003897
0.002822
0.002687
0.001075
0.003023
0.001747
0.002755
0.005778
0.005644
0.001545
0.004905
0.002016
0.002553
0.008398
0.003762
0.001881
0.004703
0.005106
0.003695
0.001680
0.008130
0.002016
0.005644
0.001478
0.004905
0.001881
0.007592
0.004031
0.004233
0.002016
0.004636
0.001680
0.005778
0.002822
0.002419
0.001680
0.004837
0.003158
0.007189
0.001881
0.004905
0.002217
0.005576
0.001277
0.004434
0.002553
0.005039
0.002284
0.009137
0.003628
0.003023
0.002083
0.004703
0.001948
0.008264
0.001747
0.003494
0.002217
0.003830
0.001948
0.003628
0.006853
0.003292
0.002150
0.003628
0.004837
0.003225
0.001680
0.004569
0.001814
0.003561
0.001008
0.002956
0.002352
0.007323
0.003225
0.002822
0.003830
0.002150
0.001881
0.002486
0.001814
0.003628
0.001478
0.007525
0.002150
0.005576
0.002217
0.003292
0.002284
0.003225
0.001680
0.004501
0.004569
0.004434
0.001411
0.005845
0.001545
0.003964
0.001545
0.008331
0.001411
0.004098
0.002284
0.004837
0.001680
0.003628
0.004703
0.003091
0.003091
0.002419
0.001344
0.004636
0.007189
0.002553
0.001747
0.002889
0.002553
0.004636
0.001747
0.003023
0.002083
0.002083
0.006853
0.003762
0.003897
0.004031
0.002284
0.003830
0.002687
0.003762
0.001277
0.002352
0.001747
0.004300
0.003023
0.004569
0.001142
0.003897
0.002016
0.003426
0.004367
0.003426
0.002284
0.005845
0.002083
0.003158
0.001277
0.010481
0.001411
0.005644
0.001277
0.004098
0.002150
0.008734
0.002016
0.003023
0.002016
0.003494
0.002016
0.004905
0.001747
0.004233
0.001478
0.003158
0.002419
0.007055
0.003830
0.005173
0.002016
0.003225
0.000672
0.003561
0.006047
0.003359
0.002687
0.008869
0.003695
0.003158
0.002016
0.003359
0.001814
0.005039
0.003158
0.003897
0.001277
0.003023
0.001075
0.002553
0.004636
0.003292
0.002553
0.004300
0.006719
0.003762
0.001209
0.002352
0.002956
0.004770
0.001612
0.004569
0.002687
0.007995
0.001142
0.003158
0.003628
0.002419
0.002284
0.003426
