0.095673
0.001612
0.002553
0.006047
0.002755
0.003091
0.007928
0.004434
0.001747
0.002284
0.004434
0.004703
0.003964
0.005173
0.002553
0.011220
0.003628
0.002016
0.002755
0.008331
0.001814
0.002352
0.004501
0.005576
0.001478
0.004300
0.004569
0.003964
0.001344
0.002284
0.003225
0.007122
0.003762
0.001545
0.002083
0.004501
0.005576
0.001411
0.005106
0.003964
0.001277
0.003964
0.005039
0.003628
0.005912
0.002419
0.003494
0.003225
0.002217
0.002352
0.001814
0.005576
0.002889
0.001680
0.007055
0.005576
0.001948
0.002217
0.001948
0.003091
0.005509
0.002956
0.002217
0.004636
0.002755
0.001680
0.002486
0.006987
0.001545
0.008331
0.001814
0.005241
0.001411
0.004837
0.004770
0.004166
0.001881
0.006383
0.002486
0.009406
0.001612
0.003225
0.003359
0.005711
0.002553
0.008197
0.003494
0.003830
0.000941
0.003426
0.002687
0.004233
0.001612
0.002822
0.003561
0.010212
0.001814
0.001075
0.002620
0.004434
0.002352
0.008801
0.002016
0.005241
0.001814
0.003023
0.003426
0.002016
0.007861
0.004233
0.002150
0.003359
0.003426
0.002419
0.002352
0.004367
0.002217
0.005509
0.002687
0.003964
0.001680
0.005173
0.001411
0.003830
0.002150
0.003359
0.001814
0.003426
0.001142
0.002284
0.003830
0.007122
0.002352
0.004031
0.004434
0.004501
0.000873
0.001680
0.003225
0.003830
0.003628
0.002352
0.002755
0.007256
0.001545
0.003359
0.002419
0.009272
0.001277
0.002553
0.004434
0.004031
0.002419
0.002352
0.005576
0.003426
0.001814
0.002284
0.004569
0.005375
0.004636
0.001680
0.002486
0.003023
0.001814
0.002755
0.003762
0.003158
0.001411
0.002083
0.007928
0.004166
0.003628
0.002217
0.002352
0.003628
0.002419
0.001680
0.003023
0.002419
0.001209
0.004837
0.005711
0.004434
0.001142
0.001747
0.002352
0.001814
0.002352
0.002150
0.003225
0.005241
0.001344
0.001948
0.004300
0.009675
0.001881
0.006047
0.003225
0.004031
0.001948
0.008331
0.003158
0.004367
0.001680
0.003494
0.003830
0.007592
0.001277
0.004031
0.002620
0.006181
0.002083
0.004905
0.004031
0.003494
0.001209
0.005106
0.002016
0.005644
0.003426
0.001948
0.004367
0.007592
0.003561
0.001008
0.002486
0.002217
0.001075
0.006181
0.003091
0.002755
0.001344
0.001881
0.002419
0.003023
0.005241
0.002755
0.002822
0.004233
0.005106
0.002217
0.002889
0.004166
0.001478
0.004501
0.003091
0.004636
0.000605
0.007458
0.001948
0.004636
0.002620
0.003292
0.002419
0.003897
