0.090769
0.001612
0.003023
0.005509
0.003292
0.001881
0.009675
0.003426
0.001075
0.001747
0.008062
0.002217
0.002755
0.003091
0.004636
0.009003
0.004367
0.001411
0.002755
0.006316
0.002217
0.001545
0.008398
0.004166
0.001747
0.003628
0.008667
0.001478
0.001142
0.001814
0.005241
0.005442
0.004569
0.001344
0.003426
0.002687
0.004166
0.002083
0.006383
0.001142
0.001814
0.003091
0.009406
0.001881
0.005711
0.001948
0.004501
0.001680
0.006181
0.001142
0.002889
0.002956
0.002889
0.002486
0.008801
0.002889
0.002620
0.001948
0.005173
0.001881
0.009137
0.003292
0.004367
0.001680
0.003091
0.003561
0.001881
0.006450
0.001814
0.007995
0.002284
0.004233
0.000941
0.006114
0.005644
0.002620
0.001277
0.004434
0.002083
0.007458
0.001814
0.002755
0.001680
0.005912
0.001747
0.009137
0.002150
0.002956
0.001545
0.005173
0.004300
0.001747
0.002352
0.005039
0.002956
0.009205
0.004367
0.003494
0.001814
0.002620
0.003830
0.009742
0.003158
0.001545
0.001277
0.004098
0.003897
0.001881
0.008331
0.004972
0.002687
0.002687
0.005778
0.002419
0.001680
0.003830
0.004098
0.006383
0.002150
0.001747
0.002755
0.005173
0.004636
0.001545
0.006248
0.005980
0.002620
0.001478
0.000537
0.001277
0.003628
0.003964
0.002083
0.004300
0.008465
0.002755
0.000739
0.000537
0.005509
0.002889
0.005173
0.001814
0.002217
0.005980
0.002016
0.001747
0.003292
0.006114
0.001411
0.002083
0.009003
0.003023
0.001612
0.001411
0.007861
0.002016
0.002486
0.001142
0.003225
0.005308
0.005778
0.001545
0.003494
0.001411
0.002956
0.001814
0.007323
0.001344
0.001277
0.000739
0.010279
0.001411
0.006517
0.001209
0.003426
0.002217
0.002486
0.001008
0.003762
0.001277
0.001545
0.004837
0.009608
0.002620
0.003897
0.001411
0.004098
0.001209
0.005711
0.001075
0.003292
0.004031
0.001478
0.003830
0.002486
0.006651
0.001612
0.006651
0.003426
0.002822
0.000806
0.007659
0.002419
0.002217
0.002150
0.003359
0.001209
0.007995
0.001411
0.002620
0.001814
0.004300
0.001277
0.006450
0.006316
0.002486
0.001344
0.003426
0.002016
0.004031
0.004031
0.003225
0.001411
0.007189
0.005442
0.003964
0.001881
0.000605
0.003158
0.007256
0.004367
0.001344
0.001881
0.003359
0.001680
0.001277
0.008264
0.003561
0.002083
0.004569
0.005980
0.002822
0.001881
0.001814
0.002083
0.006987
0.004098
0.002419
0.001814
0.007794
0.001948
0.001612
0.005980
0.003091
0.002083
0.003023
