0.074778
0.001209
0.006383
0.005912
0.001478
0.002217
0.012967
0.003695
0.001344
0.002822
0.007390
0.004703
0.001747
0.002352
0.005308
0.010145
0.002486
0.001008
0.005375
0.007726
0.001209
0.001344
0.009473
0.006584
0.000672
0.004233
0.010145
0.002217
0.001411
0.001209
0.009540
0.009272
0.003830
0.001344
0.005106
0.003494
0.001881
0.001545
0.008398
0.001545
0.001142
0.002755
0.008331
0.001814
0.003964
0.001142
0.006853
0.001814
0.002284
0.001075
0.003426
0.002352
0.002284
0.002150
0.010615
0.003964
0.001344
0.002889
0.007122
0.001344
0.009272
0.002150
0.005845
0.003830
0.002956
0.001747
0.003292
0.007726
0.001814
0.005845
0.002419
0.004501
0.001142
0.005039
0.004569
0.002284
0.000739
0.002486
0.003494
0.008465
0.001411
0.002284
0.002083
0.004837
0.002755
0.006853
0.004166
0.003225
0.000537
0.003561
0.002956
0.003561
0.002553
0.001814
0.004031
0.008062
0.002150
0.001680
0.002553
0.002352
0.001948
0.008600
0.003561
0.002620
0.001948
0.003091
0.002889
0.001277
0.006786
0.002284
0.003561
0.002419
0.004367
0.001411
0.001881
0.003292
0.003426
0.004972
0.002083
0.002150
0.001411
0.005912
0.006181
0.001209
0.006651
0.002956
0.003494
0.001545
0.001008
0.000537
0.008600
0.007390
0.001344
0.004703
0.011019
0.003359
0.000941
0.001075
0.009944
0.005106
0.002956
0.001008
0.005980
0.006584
0.001075
0.001545
0.004770
0.009137
0.001277
0.001680
0.009339
0.005039
0.000403
0.002284
0.011422
0.004031
0.001478
0.001209
0.008465
0.005644
0.006047
0.001814
0.005442
0.003359
0.001277
0.002150
0.008667
0.001814
0.001142
0.001478
0.010615
0.002016
0.003091
0.001881
0.005845
0.002687
0.001814
0.000941
0.006383
0.001545
0.000941
0.003091
0.007525
0.003091
0.000941
0.001277
0.006181
0.000941
0.004972
0.001209
0.004837
0.004166
0.001209
0.001478
0.004098
0.008062
0.001142
0.003897
0.003158
0.003897
0.000941
0.006719
0.003897
0.003023
0.001008
0.002956
0.002553
0.006047
0.000873
0.001881
0.002217
0.006383
0.001344
0.004300
0.003830
0.002889
0.000941
0.004098
0.002553
0.002687
0.003628
0.002284
0.003695
0.006853
0.003158
0.001680
0.002553
0.001680
0.001747
0.006181
0.005845
0.001478
0.001680
0.002620
0.002352
0.001680
0.003023
0.001142
0.002620
0.004636
0.005241
0.002083
0.003897
0.001747
0.001881
0.003762
0.003494
0.001948
0.001344
0.008801
0.004501
0.001209
0.003561
0.002620
0.002553
0.002083
