0.101586
0.001411
0.003359
0.005039
0.004367
0.002284
0.007189
0.002217
0.001209
0.002284
0.004098
0.002016
0.004233
0.003830
0.003561
0.009406
0.005039
0.001277
0.003091
0.006786
0.002083
0.000672
0.005039
0.003494
0.001747
0.003426
0.005778
0.003292
0.002016
0.002083
0.004098
0.005980
0.007189
0.000941
0.003762
0.005308
0.004367
0.001142
0.004636
0.002822
0.001881
0.002486
0.005912
0.001344
0.007256
0.001209
0.003359
0.001948
0.005173
0.001209
0.002755
0.003830
0.003225
0.000941
0.006786
0.004905
0.001545
0.001881
0.006316
0.002284
0.008667
0.001747
0.002956
0.004501
0.003292
0.001277
0.003292
0.007928
0.002620
0.005241
0.001612
0.004636
0.001209
0.005173
0.004703
0.004233
0.001814
0.004905
0.002419
0.006987
0.003292
0.001478
0.002217
0.004367
0.002687
0.007323
0.003695
0.003695
0.001209
0.005375
0.004434
0.004972
0.001948
0.003091
0.005106
0.008533
0.003091
0.001344
0.002889
0.003292
0.003494
0.006316
0.003426
0.003561
0.001612
0.001881
0.003830
0.001680
0.009205
0.003091
0.003964
0.003292
0.006920
0.001277
0.002352
0.003897
0.002486
0.004569
0.001612
0.002284
0.001881
0.004031
0.005039
0.003292
0.004703
0.002822
0.002687
0.002486
0.001680
0.001747
0.003695
0.006853
0.002016
0.004233
0.005644
0.002486
0.002016
0.001411
0.004837
0.003628
0.005845
0.002284
0.002553
0.006114
0.001948
0.001411
0.002419
0.008936
0.002150
0.001881
0.004434
0.003628
0.002150
0.001612
0.007928
0.002822
0.002419
0.001545
0.003023
0.005106
0.007794
0.001747
0.004837
0.002016
0.003561
0.001075
0.005241
0.001881
0.002284
0.000873
0.010145
0.002083
0.006181
0.000806
0.003158
0.003023
0.005509
0.001478
0.004501
0.001680
0.002150
0.002956
0.005711
0.003628
0.003225
0.001075
0.004972
0.001881
0.005375
0.001478
0.003695
0.006383
0.001344
0.001680
0.002016
0.010011
0.001814
0.005173
0.002284
0.005241
0.001680
0.007390
0.002687
0.003494
0.002352
0.003091
0.001680
0.005375
0.001209
0.002687
0.002486
0.005509
0.001612
0.004233
0.005845
0.002620
0.001277
0.004636
0.001612
0.004837
0.004367
0.001948
0.003964
0.005173
0.006181
0.001881
0.002755
0.001747
0.002150
0.003561
0.005778
0.003426
0.001948
0.001277
0.002822
0.001612
0.005375
0.002016
0.002553
0.004367
0.010011
0.002284
0.003023
0.002352
0.001881
0.003964
0.003830
0.001680
0.002553
0.006450
0.002687
0.003292
0.003695
0.001411
0.002352
0.003561
