0.093792
0.002486
0.003158
0.002956
0.002284
0.002352
0.007861
0.002755
0.002553
0.003964
0.004300
0.003762
0.002352
0.003561
0.003830
0.007256
0.002284
0.001209
0.002553
0.005845
0.002016
0.003158
0.004501
0.003225
0.002016
0.004098
0.006047
0.003023
0.001344
0.003964
0.003359
0.004972
0.004166
0.004166
0.002687
0.003628
0.002419
0.001545
0.005576
0.002083
0.002419
0.004905
0.006517
0.003023
0.004501
0.001881
0.002889
0.002217
0.001881
0.001881
0.002755
0.004166
0.002352
0.004569
0.006920
0.004770
0.001747
0.003762
0.004098
0.003628
0.008197
0.005711
0.003830
0.004300
0.005308
0.003158
0.003695
0.005509
0.001747
0.004905
0.002352
0.002889
0.002486
0.005173
0.004770
0.004031
0.002352
0.002352
0.002889
0.006114
0.002150
0.001612
0.002352
0.002755
0.003023
0.008062
0.003830
0.004367
0.002284
0.003964
0.005576
0.003762
0.003091
0.005173
0.004300
0.006719
0.003494
0.002755
0.003091
0.003023
0.002419
0.007659
0.002889
0.003426
0.002553
0.002889
0.004905
0.003628
0.005241
0.002755
0.004233
0.002822
0.002687
0.001344
0.003225
0.003426
0.002352
0.004166
0.003292
0.003023
0.002553
0.004166
0.003628
0.003158
0.005039
0.002956
0.003023
0.002553
0.002284
0.003762
0.003695
0.005711
0.002284
0.004703
0.006047
0.002956
0.001747
0.001948
0.002889
0.003091
0.002284
0.002687
0.003897
0.005442
0.002150
0.001881
0.002822
0.006584
0.002352
0.003225
0.003897
0.004098
0.000941
0.002486
0.007122
0.001680
0.002486
0.003359
0.002755
0.002150
0.007659
0.002956
0.003695
0.003292
0.003359
0.003628
0.004905
0.004098
0.001344
0.002889
0.009540
0.002822
0.002150
0.002150
0.002687
0.003426
0.002083
0.002083
0.002687
0.002284
0.003359
0.004569
0.005509
0.005912
0.001680
0.002419
0.001948
0.002284
0.004905
0.003023
0.002016
0.003830
0.003561
0.004501
0.004300
0.008264
0.002553
0.003494
0.004300
0.003292
0.003494
0.009406
0.003494
0.003628
0.002217
0.001680
0.002553
0.004501
0.001747
0.003023
0.002822
0.003897
0.003225
0.005509
0.007189
0.003762
0.001209
0.002553
0.002687
0.002822
0.005509
0.003292
0.003628
0.005778
0.003762
0.002486
0.002553
0.002284
0.002352
0.004434
0.005173
0.003225
0.003292
0.002284
0.003426
0.002687
0.003561
0.001881
0.004166
0.004300
0.003695
0.001680
0.003897
0.002755
0.002150
0.003359
0.004501
0.003762
0.002016
0.006584
0.002755
0.003628
0.004031
0.002083
0.003494
0.004098
