0.091172
0.000605
0.003359
0.006383
0.002217
0.001545
0.011489
0.004703
0.001814
0.001881
0.005375
0.004770
0.001545
0.001411
0.004233
0.011086
0.002687
0.001075
0.002687
0.007122
0.001411
0.001277
0.006181
0.005845
0.001209
0.003158
0.009070
0.002956
0.001680
0.001612
0.004367
0.006719
0.004569
0.001277
0.002822
0.003897
0.005442
0.001478
0.007928
0.002083
0.002217
0.003225
0.006987
0.001344
0.007794
0.001881
0.007928
0.002352
0.003158
0.000672
0.002822
0.002553
0.003359
0.002150
0.009473
0.003964
0.003964
0.001545
0.006383
0.002016
0.010145
0.002284
0.004031
0.003628
0.003628
0.001478
0.001612
0.007592
0.002016
0.007525
0.002687
0.003494
0.001344
0.006047
0.002822
0.004703
0.001478
0.005644
0.002284
0.006584
0.000873
0.001142
0.001209
0.006114
0.001277
0.010212
0.002553
0.006248
0.001209
0.004166
0.003561
0.004166
0.002486
0.003628
0.003091
0.009876
0.004233
0.002352
0.001612
0.002687
0.003292
0.006719
0.003158
0.002284
0.001612
0.004098
0.003897
0.001612
0.008197
0.003762
0.003628
0.002352
0.003561
0.000873
0.002419
0.003762
0.003158
0.006920
0.002620
0.002553
0.003359
0.004905
0.005173
0.001948
0.005711
0.004233
0.002217
0.001545
0.001209
0.000873
0.003964
0.005845
0.001478
0.003964
0.009406
0.005039
0.000470
0.001008
0.004905
0.005241
0.003695
0.001209
0.003561
0.007525
0.001680
0.000941
0.003695
0.007995
0.001612
0.001411
0.006920
0.005644
0.001075
0.000739
0.009675
0.002687
0.002352
0.001075
0.004837
0.006316
0.008062
0.001747
0.003292
0.002687
0.004636
0.002419
0.007995
0.001680
0.001881
0.001680
0.008398
0.002620
0.004434
0.001008
0.004166
0.002083
0.003426
0.000941
0.004031
0.001142
0.003158
0.003964
0.006584
0.003359
0.003023
0.000336
0.005711
0.001075
0.004569
0.000941
0.002889
0.004703
0.002016
0.001881
0.001814
0.007659
0.001478
0.004837
0.003023
0.004703
0.001344
0.008465
0.001680
0.005173
0.001411
0.002956
0.002419
0.005442
0.000873
0.002016
0.001075
0.002889
0.000873
0.006047
0.003494
0.005912
0.000806
0.002486
0.001411
0.003762
0.002889
0.002352
0.001881
0.007726
0.004703
0.001344
0.002352
0.001881
0.003023
0.004434
0.005845
0.001881
0.001075
0.003359
0.001411
0.001680
0.004636
0.001814
0.002889
0.003762
0.007592
0.001142
0.004098
0.001747
0.003359
0.005644
0.003158
0.002419
0.002553
0.005039
0.002620
0.002284
0.004770
0.002486
0.001881
0.002419
