0.098562
0.003494
0.004166
0.004972
0.000806
0.004166
0.009809
0.004098
0.001209
0.003426
0.005845
0.003830
0.000941
0.003359
0.004367
0.008398
0.002956
0.002217
0.002620
0.004770
0.001075
0.001881
0.005173
0.005308
0.000672
0.005375
0.004098
0.004031
0.000806
0.003897
0.004434
0.006853
0.002352
0.003628
0.004233
0.005106
0.001277
0.001680
0.006181
0.003158
0.000806
0.005711
0.005375
0.003830
0.003426
0.002755
0.005173
0.003628
0.002083
0.002016
0.002016
0.003023
0.000605
0.002620
0.005845
0.004031
0.000336
0.002956
0.002486
0.003023
0.004972
0.004501
0.003494
0.005106
0.002620
0.005106
0.003561
0.006853
0.000941
0.008331
0.002419
0.006450
0.000941
0.005845
0.002687
0.004031
0.000873
0.004905
0.002553
0.008600
0.001478
0.004905
0.002016
0.004703
0.001948
0.008734
0.003628
0.005711
0.000873
0.006853
0.003091
0.003762
0.001680
0.005241
0.002822
0.008801
0.001411
0.003292
0.001747
0.003292
0.001411
0.009608
0.002352
0.004703
0.001075
0.004703
0.003292
0.002620
0.007122
0.003762
0.001680
0.004569
0.002217
0.003561
0.001209
0.004636
0.001209
0.004972
0.001948
0.003762
0.001075
0.008130
0.002553
0.003158
0.002553
0.005912
0.001680
0.003023
0.000739
0.002687
0.003561
0.005980
0.000672
0.005644
0.006316
0.005442
0.000605
0.002419
0.002352
0.004434
0.003359
0.002822
0.004098
0.006181
0.000873
0.003091
0.002553
0.007122
0.001142
0.003762
0.005308
0.004972
0.000806
0.001612
0.005576
0.004031
0.001344
0.003897
0.004636
0.005644
0.004905
0.003225
0.002889
0.003091
0.000806
0.003292
0.005039
0.003023
0.001478
0.001881
0.007189
0.002889
0.001814
0.002217
0.003292
0.003897
0.001344
0.002150
0.002486
0.003426
0.000873
0.004770
0.006114
0.005308
0.000336
0.001814
0.001814
0.002755
0.003091
0.003830
0.003628
0.003964
0.001142
0.004367
0.002150
0.008331
0.000739
0.006517
0.003695
0.005106
0.001478
0.010212
0.001612
0.004501
0.001478
0.003426
0.002486
0.005039
0.000806
0.004636
0.002284
0.003830
0.001478
0.007055
0.004300
0.005576
0.000672
0.005845
0.001411
0.004703
0.003023
0.004233
0.003091
0.006786
0.002217
0.004098
0.001411
0.002486
0.000941
0.007122
0.003158
0.003494
0.000605
0.003830
0.000739
0.003091
0.003158
0.003762
0.002083
0.004837
0.004501
0.003091
0.001612
0.003830
0.001075
0.005106
0.001948
0.003695
0.000672
0.010011
0.001209
0.004031
0.003091
0.003225
0.001478
0.003830
