0.084386
0.002352
0.004166
0.002150
0.003023
0.002083
0.012026
0.004166
0.000739
0.002016
0.006181
0.002889
0.002553
0.002956
0.004972
0.007525
0.003091
0.001411
0.004031
0.004905
0.001612
0.001142
0.007055
0.005576
0.001545
0.002889
0.009205
0.003023
0.001948
0.002687
0.005845
0.008533
0.004031
0.002217
0.004367
0.002889
0.005173
0.001814
0.010884
0.002553
0.001545
0.003426
0.009742
0.001814
0.007458
0.001411
0.008130
0.002083
0.004905
0.000605
0.004569
0.001612
0.002956
0.002419
0.012429
0.002755
0.001948
0.001411
0.007189
0.001680
0.006853
0.002419
0.004367
0.003091
0.003695
0.003695
0.001411
0.004972
0.001948
0.009406
0.002016
0.005039
0.001814
0.006987
0.004367
0.003426
0.001277
0.005375
0.001747
0.004972
0.001814
0.001680
0.001545
0.003695
0.002486
0.011354
0.003359
0.003225
0.000941
0.004367
0.002889
0.002419
0.001680
0.005576
0.004636
0.011354
0.003158
0.002284
0.001478
0.002889
0.003091
0.009003
0.002956
0.003023
0.002889
0.005241
0.003225
0.001344
0.007928
0.002687
0.004166
0.001008
0.005173
0.001008
0.002284
0.003023
0.004905
0.008264
0.002150
0.002016
0.001344
0.003426
0.003762
0.001612
0.004770
0.007659
0.002217
0.001814
0.000739
0.001478
0.004569
0.003695
0.001747
0.003897
0.007995
0.003494
0.001142
0.001209
0.004569
0.003628
0.003830
0.002352
0.003897
0.005442
0.001680
0.001881
0.003897
0.006517
0.001344
0.002016
0.005711
0.003830
0.000941
0.001478
0.009070
0.002889
0.001747
0.002083
0.004300
0.003695
0.004972
0.003091
0.005173
0.002284
0.002150
0.001478
0.007592
0.002553
0.001814
0.001747
0.010145
0.002150
0.005442
0.001478
0.005375
0.001545
0.002687
0.001075
0.006450
0.000941
0.002486
0.004300
0.008197
0.002687
0.002016
0.000672
0.006584
0.001209
0.004636
0.001680
0.004300
0.003695
0.001075
0.003628
0.002889
0.007525
0.001411
0.007995
0.002889
0.003091
0.001948
0.011019
0.001747
0.001948
0.001209
0.003158
0.002016
0.004031
0.000605
0.002822
0.001612
0.004031
0.001209
0.006853
0.004703
0.002083
0.001545
0.002687
0.002083
0.003964
0.002889
0.004031
0.002217
0.005039
0.003292
0.002822
0.002352
0.001277
0.001545
0.006316
0.004770
0.002083
0.003292
0.003695
0.001142
0.001209
0.006383
0.002217
0.002822
0.003964
0.006047
0.001948
0.003225
0.001344
0.003359
0.004770
0.002755
0.002217
0.001881
0.005241
0.002150
0.001948
0.004636
0.003292
0.001881
0.002419
