0.066447
0.001411
0.003695
0.004300
0.004905
0.001747
0.008331
0.004098
0.003359
0.002150
0.005375
0.002284
0.004367
0.000873
0.004031
0.006719
0.006114
0.000672
0.003628
0.004501
0.003359
0.001075
0.005912
0.006181
0.003628
0.002150
0.006920
0.002016
0.002822
0.000739
0.006047
0.007390
0.010279
0.000941
0.004166
0.005442
0.006181
0.001075
0.005778
0.002755
0.003897
0.002352
0.007794
0.003158
0.006786
0.002083
0.005106
0.002553
0.006719
0.001344
0.004031
0.003091
0.004972
0.001545
0.008197
0.003561
0.003426
0.001277
0.003494
0.002083
0.010414
0.001680
0.005039
0.004166
0.006450
0.000470
0.003292
0.006047
0.003359
0.003695
0.002284
0.003561
0.002083
0.003292
0.004501
0.001478
0.003158
0.000470
0.002687
0.006114
0.004905
0.000605
0.003225
0.003494
0.005308
0.006383
0.004098
0.003628
0.002822
0.001075
0.003023
0.001612
0.005375
0.000739
0.005106
0.007458
0.006853
0.000605
0.002889
0.003023
0.004031
0.005576
0.003628
0.002486
0.003964
0.001277
0.003964
0.002150
0.009003
0.001209
0.004837
0.002352
0.009272
0.000403
0.003561
0.002822
0.005173
0.003091
0.002150
0.001948
0.002553
0.003225
0.003628
0.001680
0.006316
0.001209
0.002419
0.002352
0.003628
0.000403
0.005106
0.005912
0.003561
0.002016
0.005375
0.003359
0.003426
0.000672
0.005845
0.003695
0.004905
0.001411
0.004031
0.005509
0.002620
0.001277
0.004166
0.006584
0.003359
0.001277
0.004031
0.002687
0.003830
0.001478
0.009944
0.002352
0.006853
0.001277
0.005241
0.005644
0.009473
0.001008
0.004300
0.004905
0.004703
0.001209
0.003426
0.002822
0.004770
0.000806
0.009406
0.002352
0.007256
0.001612
0.004703
0.003695
0.006853
0.000739
0.003494
0.002016
0.003964
0.002755
0.006181
0.003091
0.005644
0.000873
0.005308
0.002486
0.010078
0.001075
0.004434
0.004501
0.003628
0.000537
0.003695
0.008264
0.003023
0.001545
0.003426
0.002284
0.003830
0.006181
0.002486
0.002217
0.005375
0.000605
0.004031
0.002889
0.003292
0.000470
0.002150
0.003494
0.003292
0.003561
0.003494
0.003494
0.003628
0.001142
0.002352
0.001612
0.006719
0.001209
0.003494
0.006584
0.006651
0.001075
0.002083
0.001948
0.003426
0.002620
0.003225
0.002016
0.004098
0.001411
0.003494
0.001545
0.006920
0.000806
0.004166
0.002217
0.009406
0.000470
0.002150
0.001680
0.003292
0.001612
0.003762
0.002352
0.004905
0.005241
0.003762
0.001545
0.006383
0.000672
0.003561
0.002016
