0.097218
0.003292
0.002083
0.004905
0.003359
0.004031
0.005375
0.003091
0.002352
0.004367
0.004098
0.002016
0.003225
0.004300
0.002553
0.009608
0.003225
0.003023
0.002083
0.005375
0.002352
0.002620
0.004300
0.004098
0.002217
0.005912
0.004434
0.001680
0.002352
0.004031
0.003628
0.006316
0.004703
0.002687
0.002352
0.004434
0.003561
0.002083
0.002486
0.002419
0.003091
0.002620
0.006383
0.002150
0.003830
0.002822
0.002553
0.001881
0.002217
0.002150
0.002217
0.003023
0.003023
0.003695
0.007256
0.004837
0.002486
0.004166
0.003292
0.002284
0.006786
0.005912
0.002687
0.004905
0.002083
0.002352
0.002284
0.005912
0.002352
0.004501
0.002755
0.002486
0.001814
0.006181
0.005173
0.003225
0.002083
0.002687
0.002956
0.003695
0.002956
0.002217
0.002822
0.003359
0.003830
0.006920
0.005308
0.003426
0.003695
0.005711
0.004434
0.001545
0.003830
0.003091
0.005173
0.007256
0.003359
0.001612
0.002150
0.003964
0.003359
0.007726
0.002553
0.002083
0.002150
0.003158
0.004905
0.002486
0.007726
0.003628
0.003897
0.002486
0.004031
0.003695
0.001680
0.004233
0.003762
0.004837
0.002620
0.002620
0.002687
0.007995
0.003628
0.002150
0.003897
0.004166
0.003292
0.002016
0.002217
0.002687
0.002553
0.006651
0.003494
0.005711
0.003426
0.002620
0.002620
0.002284
0.004031
0.003091
0.003897
0.002755
0.002755
0.005442
0.001680
0.003695
0.002217
0.006786
0.002889
0.004703
0.002956
0.002889
0.002419
0.002822
0.005912
0.001545
0.002284
0.002217
0.002889
0.005241
0.008331
0.002217
0.002284
0.003158
0.004166
0.003897
0.003359
0.002284
0.005375
0.003494
0.007458
0.002822
0.002553
0.001814
0.002620
0.002553
0.002956
0.002016
0.002217
0.001948
0.003292
0.004367
0.003897
0.003225
0.003628
0.002016
0.002620
0.002083
0.003359
0.002687
0.002620
0.004300
0.002016
0.004233
0.002016
0.008264
0.002956
0.004367
0.002217
0.003561
0.002956
0.009272
0.003628
0.004031
0.002822
0.003292
0.002486
0.004300
0.002016
0.002553
0.002419
0.003158
0.003830
0.004367
0.004300
0.002620
0.001881
0.005173
0.001814
0.002553
0.004166
0.002687
0.003292
0.006316
0.004166
0.003158
0.001814
0.002284
0.002687
0.006920
0.004501
0.003225
0.003023
0.005241
0.003292
0.002956
0.003830
0.003359
0.002016
0.004837
0.006920
0.002687
0.002150
0.002083
0.004300
0.003023
0.003158
0.002419
0.002822
0.009137
0.001478
0.002284
0.002956
0.003628
0.002352
0.003561
