0.103400
0.003023
0.002486
0.004166
0.003830
0.004233
0.005980
0.002620
0.002284
0.004098
0.003897
0.002150
0.003426
0.004703
0.002486
0.005980
0.003897
0.003225
0.003359
0.005442
0.003158
0.002687
0.005375
0.003695
0.002352
0.003426
0.004434
0.002486
0.002687
0.003158
0.003091
0.005845
0.003158
0.003628
0.002687
0.004837
0.003426
0.002352
0.003494
0.003897
0.002755
0.003897
0.004703
0.002956
0.003830
0.003426
0.002419
0.002352
0.002956
0.002755
0.002553
0.004905
0.003225
0.002284
0.006383
0.004972
0.002150
0.004569
0.003023
0.003091
0.004166
0.003897
0.002553
0.004166
0.002956
0.003695
0.003023
0.007928
0.001747
0.004703
0.002486
0.003292
0.003292
0.004703
0.004770
0.002217
0.002016
0.003158
0.002217
0.003561
0.002755
0.002553
0.003426
0.004031
0.003225
0.007323
0.004031
0.003225
0.002284
0.004636
0.002822
0.002553
0.002284
0.003023
0.003426
0.007794
0.003023
0.003426
0.002687
0.004367
0.002755
0.007794
0.002217
0.004233
0.002150
0.003830
0.002620
0.003628
0.007122
0.002217
0.002755
0.003628
0.005442
0.002755
0.002956
0.003695
0.003225
0.005173
0.002486
0.002687
0.001814
0.005106
0.004703
0.004098
0.003628
0.003561
0.002755
0.002620
0.001747
0.002822
0.002822
0.005442
0.002150
0.004300
0.004770
0.002822
0.001948
0.002016
0.004905
0.002016
0.004569
0.002956
0.002822
0.004770
0.002419
0.003426
0.002419
0.006047
0.002217
0.003225
0.003561
0.003964
0.002755
0.003897
0.007189
0.002284
0.002956
0.003023
0.002889
0.004636
0.004770
0.002553
0.001948
0.003762
0.003023
0.003762
0.003359
0.002352
0.002687
0.001612
0.009070
0.003359
0.003426
0.003359
0.003023
0.003628
0.002486
0.002620
0.001814
0.002755
0.003359
0.004501
0.004636
0.004770
0.002352
0.002284
0.002284
0.002284
0.003762
0.003292
0.002956
0.005576
0.001680
0.002620
0.002822
0.009272
0.002217
0.003762
0.003292
0.003292
0.002150
0.008600
0.003628
0.003158
0.002889
0.003628
0.002956
0.004434
0.001277
0.003158
0.002486
0.003695
0.002687
0.004770
0.004837
0.003762
0.002620
0.004367
0.002150
0.002889
0.002889
0.003426
0.004031
0.005711
0.003695
0.003023
0.002486
0.003023
0.002486
0.005375
0.004501
0.003091
0.002217
0.003225
0.003292
0.002284
0.003897
0.003494
0.002419
0.004098
0.006383
0.002419
0.002016
0.002419
0.003292
0.003830
0.003225
0.003426
0.002620
0.007122
0.002553
0.003158
0.002687
0.003964
0.003091
0.003964
