0.097622
0.002016
0.004972
0.005039
0.001680
0.003426
0.010145
0.003426
0.000941
0.003225
0.006181
0.002284
0.001142
0.003292
0.003225
0.008130
0.002419
0.001411
0.003628
0.006987
0.001478
0.001411
0.008801
0.004636
0.000739
0.004569
0.007861
0.001747
0.001008
0.001948
0.008331
0.010212
0.004098
0.001344
0.005308
0.004031
0.003964
0.001881
0.009137
0.001612
0.001948
0.002755
0.008869
0.001344
0.006047
0.001545
0.005576
0.001612
0.003628
0.000873
0.004098
0.002217
0.003023
0.002150
0.012564
0.002956
0.001814
0.001612
0.005778
0.001344
0.008062
0.002620
0.005778
0.002755
0.003023
0.002822
0.002553
0.007122
0.001008
0.008600
0.000806
0.005375
0.001209
0.005308
0.005912
0.002284
0.000806
0.006181
0.001948
0.007390
0.000873
0.003225
0.002553
0.005778
0.002284
0.008600
0.002620
0.004098
0.000873
0.005241
0.002755
0.003091
0.002150
0.004703
0.003628
0.009070
0.002822
0.002419
0.002083
0.003292
0.003158
0.008869
0.001411
0.003359
0.001680
0.003494
0.004031
0.001545
0.006383
0.002956
0.002016
0.003023
0.003897
0.002822
0.001881
0.004031
0.003225
0.004837
0.001680
0.002150
0.001142
0.006987
0.003561
0.001411
0.003225
0.003897
0.002352
0.001344
0.001277
0.001478
0.005778
0.005173
0.001814
0.003964
0.006651
0.002016
0.000873
0.001209
0.004837
0.002755
0.003426
0.002822
0.004300
0.007525
0.000605
0.001209
0.003292
0.007458
0.000873
0.002486
0.007592
0.002822
0.000873
0.001545
0.006383
0.002016
0.001142
0.002217
0.006651
0.006853
0.006383
0.001948
0.005576
0.002217
0.002889
0.002956
0.006316
0.001680
0.001478
0.001814
0.012631
0.002016
0.004569
0.001344
0.004569
0.002486
0.003426
0.001075
0.004905
0.000672
0.002217
0.003561
0.009675
0.001881
0.001209
0.001075
0.003830
0.001478
0.004233
0.001881
0.004501
0.003225
0.001612
0.003897
0.002956
0.007659
0.001008
0.006450
0.001948
0.003359
0.000941
0.007726
0.002083
0.001747
0.001075
0.005106
0.001478
0.007122
0.000806
0.004905
0.001277
0.004031
0.002016
0.005308
0.005644
0.002620
0.000873
0.005778
0.001814
0.003830
0.003695
0.003830
0.002822
0.007256
0.003091
0.005039
0.003158
0.001142
0.001814
0.006047
0.004770
0.002083
0.001411
0.002755
0.002150
0.001277
0.003897
0.003023
0.002150
0.005241
0.004300
0.002687
0.002016
0.001680
0.001747
0.004837
0.002419
0.002419
0.001344
0.008062
0.001747
0.001680
0.003158
0.002956
0.002419
0.004031
