0.092180
0.001545
0.003561
0.005845
0.003091
0.003762
0.009473
0.003225
0.001277
0.003091
0.004972
0.002486
0.002284
0.002889
0.003830
0.008331
0.003561
0.002016
0.002956
0.008801
0.001881
0.002419
0.006047
0.002620
0.000873
0.002486
0.006383
0.001142
0.002217
0.002083
0.004972
0.004501
0.005912
0.001814
0.003561
0.007458
0.002150
0.002553
0.007390
0.003292
0.001209
0.003225
0.006987
0.002822
0.003628
0.002217
0.003628
0.003023
0.003628
0.001612
0.003426
0.006181
0.001411
0.003359
0.007861
0.004770
0.001411
0.003359
0.004636
0.001881
0.006047
0.002755
0.002956
0.005308
0.004703
0.002956
0.003426
0.010414
0.001881
0.004367
0.002553
0.003292
0.001277
0.007525
0.004703
0.001948
0.001142
0.002755
0.002822
0.005509
0.002620
0.002687
0.001747
0.004569
0.003292
0.008600
0.005375
0.003359
0.001881
0.003359
0.003628
0.002352
0.003023
0.002284
0.005576
0.008264
0.003359
0.001747
0.002150
0.005576
0.002822
0.006517
0.004031
0.003091
0.001411
0.004636
0.003494
0.001881
0.006316
0.001344
0.003023
0.002553
0.004300
0.002083
0.001881
0.003897
0.002150
0.006248
0.002352
0.002687
0.001747
0.004569
0.003964
0.001545
0.002620
0.001814
0.001411
0.002284
0.001747
0.001344
0.004434
0.007592
0.001075
0.002889
0.006316
0.001814
0.001344
0.001948
0.006383
0.004501
0.003494
0.001411
0.003762
0.006584
0.001478
0.001814
0.003762
0.006181
0.002083
0.003023
0.004972
0.002419
0.002150
0.001075
0.009809
0.002889
0.002150
0.001881
0.004905
0.004972
0.008331
0.002889
0.004703
0.003964
0.001344
0.003292
0.005039
0.002352
0.001142
0.002822
0.011489
0.004300
0.001814
0.001881
0.003494
0.004972
0.002822
0.001814
0.003494
0.002150
0.001612
0.004233
0.006584
0.002822
0.001142
0.001747
0.005509
0.002553
0.004098
0.001545
0.004233
0.006853
0.002553
0.002016
0.002956
0.008533
0.001008
0.003292
0.003158
0.002284
0.001747
0.011019
0.003292
0.003561
0.002284
0.002352
0.003091
0.004367
0.001478
0.003158
0.001948
0.003897
0.002553
0.006114
0.004636
0.002889
0.001814
0.006248
0.002687
0.004031
0.005576
0.003695
0.003628
0.006920
0.003561
0.003091
0.002553
0.003359
0.000941
0.004300
0.003494
0.001142
0.001142
0.004905
0.002419
0.003359
0.003494
0.002755
0.002620
0.004837
0.005711
0.002419
0.002620
0.001680
0.001411
0.004098
0.003628
0.001948
0.001411
0.007794
0.002755
0.003023
0.002822
0.002889
0.002419
0.005711
