0.107632
0.001411
0.001277
0.004300
0.003561
0.002419
0.005576
0.002620
0.003225
0.002352
0.003292
0.003494
0.002956
0.003897
0.003426
0.009339
0.003695
0.001277
0.002150
0.005778
0.002486
0.001747
0.004770
0.004434
0.002822
0.004501
0.005644
0.001881
0.002755
0.002352
0.002486
0.008600
0.007122
0.001344
0.001344
0.003561
0.003628
0.001948
0.003225
0.002150
0.004367
0.003426
0.004837
0.002486
0.006786
0.002284
0.003091
0.002016
0.004300
0.002217
0.001277
0.004098
0.003762
0.002822
0.007256
0.004703
0.003426
0.002620
0.003695
0.001612
0.010279
0.003494
0.002889
0.003897
0.004233
0.001411
0.001814
0.006181
0.003292
0.004300
0.002419
0.003225
0.002687
0.003762
0.003897
0.002956
0.003091
0.004233
0.002553
0.004501
0.004233
0.002217
0.002822
0.004233
0.003830
0.004636
0.002352
0.003225
0.002217
0.003830
0.004972
0.002419
0.002755
0.001948
0.002553
0.010481
0.004569
0.001612
0.001881
0.003426
0.003158
0.006719
0.002687
0.002150
0.003023
0.002822
0.004837
0.002284
0.008264
0.003762
0.003964
0.002620
0.007592
0.002822
0.002284
0.002352
0.004569
0.003830
0.003023
0.001747
0.003158
0.005241
0.005241
0.001075
0.005845
0.003426
0.001881
0.001680
0.002620
0.001747
0.002083
0.006719
0.004098
0.005509
0.004837
0.002620
0.003158
0.002150
0.002553
0.003494
0.003964
0.001747
0.001545
0.005308
0.002822
0.002217
0.001814
0.007189
0.003695
0.002217
0.003964
0.004837
0.002755
0.002083
0.006920
0.002486
0.003023
0.001142
0.002150
0.005980
0.008734
0.001814
0.003225
0.002352
0.004972
0.003426
0.003964
0.002419
0.004703
0.001344
0.006181
0.002352
0.004434
0.002284
0.002150
0.002352
0.003762
0.002016
0.001948
0.001545
0.003830
0.003897
0.006651
0.002217
0.003830
0.002150
0.002822
0.001545
0.006786
0.001209
0.001612
0.004501
0.002553
0.001881
0.002150
0.009473
0.002083
0.005106
0.004434
0.002956
0.003158
0.006181
0.002352
0.003695
0.005039
0.001881
0.001881
0.003628
0.002284
0.001814
0.001747
0.004501
0.003158
0.003762
0.004569
0.003023
0.002889
0.004166
0.002419
0.002956
0.005509
0.001814
0.002620
0.007323
0.004367
0.001344
0.002486
0.001344
0.003897
0.006114
0.005173
0.002217
0.003023
0.003023
0.001747
0.001747
0.007928
0.002419
0.002217
0.002956
0.008734
0.002889
0.002284
0.001680
0.005039
0.003023
0.003830
0.001680
0.003964
0.006450
0.002553
0.002016
0.004837
0.003023
0.002620
0.002956
