0.076122
0.002822
0.002419
0.003023
0.001881
0.002419
0.011959
0.004166
0.002822
0.002889
0.002419
0.002083
0.003225
0.002419
0.003292
0.013370
0.002620
0.003359
0.001948
0.004972
0.001881
0.003762
0.005509
0.003897
0.003023
0.003695
0.004972
0.001680
0.002217
0.003494
0.002083
0.008130
0.003897
0.002956
0.002284
0.005039
0.002553
0.003359
0.005442
0.002687
0.001612
0.002822
0.003897
0.003762
0.006517
0.001747
0.002956
0.002956
0.002016
0.002553
0.002284
0.003964
0.001747
0.002889
0.010078
0.003158
0.002150
0.002956
0.003494
0.002889
0.010750
0.003830
0.001747
0.002352
0.002889
0.002150
0.003426
0.006047
0.001680
0.006248
0.002956
0.004233
0.003158
0.004770
0.002687
0.001478
0.002755
0.002083
0.002755
0.010078
0.002284
0.003158
0.002083
0.002553
0.002016
0.012228
0.002956
0.003628
0.001545
0.003158
0.002620
0.002620
0.002822
0.003830
0.002889
0.013639
0.001881
0.003158
0.002687
0.004098
0.002284
0.010212
0.002620
0.002687
0.002486
0.002217
0.002956
0.002889
0.013236
0.003494
0.003158
0.002889
0.003830
0.001612
0.003830
0.003897
0.001948
0.007323
0.002352
0.002889
0.002016
0.003830
0.003762
0.003494
0.005778
0.002687
0.002620
0.002620
0.001881
0.003695
0.002150
0.004367
0.002016
0.003897
0.007726
0.001814
0.002150
0.002486
0.002956
0.001814
0.003695
0.002352
0.002150
0.008600
0.002419
0.004501
0.003023
0.009944
0.002620
0.005509
0.002419
0.002083
0.004166
0.002687
0.008331
0.002150
0.004031
0.004031
0.001680
0.005308
0.004972
0.003695
0.002150
0.003561
0.001142
0.003695
0.004837
0.002620
0.001277
0.003359
0.006786
0.005644
0.002956
0.002620
0.002016
0.005778
0.003494
0.002083
0.001747
0.002284
0.002016
0.004300
0.007055
0.003494
0.002284
0.002284
0.003762
0.002217
0.005644
0.003225
0.002486
0.004434
0.002687
0.002217
0.004501
0.007995
0.002486
0.003830
0.004703
0.002553
0.004098
0.006853
0.002687
0.001948
0.003964
0.001680
0.003091
0.005509
0.002016
0.002284
0.002217
0.003359
0.002755
0.009272
0.001814
0.003023
0.002486
0.004166
0.002016
0.002352
0.001948
0.003426
0.002083
0.010817
0.003225
0.002016
0.003225
0.002284
0.001948
0.005711
0.004166
0.001814
0.001814
0.003023
0.001545
0.002284
0.007726
0.002217
0.002016
0.003695
0.006450
0.002083
0.003494
0.004233
0.001545
0.003091
0.004098
0.003494
0.001747
0.006316
0.002620
0.004770
0.002284
0.001948
0.002956
0.005980
