0.099368
0.002284
0.003225
0.002889
0.003023
0.002352
0.012362
0.003158
0.001612
0.003158
0.003158
0.003225
0.002755
0.002755
0.002889
0.010951
0.001747
0.002620
0.000941
0.003426
0.003292
0.002352
0.009944
0.003158
0.002755
0.002889
0.004031
0.001814
0.003091
0.002352
0.002889
0.006248
0.005711
0.002486
0.001680
0.002956
0.003830
0.003292
0.006047
0.002956
0.001814
0.003830
0.004770
0.003359
0.008533
0.001948
0.002620
0.002553
0.002687
0.001814
0.002150
0.002553
0.004905
0.002889
0.013706
0.003426
0.002419
0.002553
0.002822
0.002687
0.014042
0.002150
0.004300
0.002284
0.004233
0.001881
0.002217
0.003897
0.002620
0.006517
0.002217
0.003494
0.002150
0.004770
0.004031
0.002755
0.002486
0.002083
0.002822
0.007323
0.002419
0.002352
0.001680
0.002687
0.002822
0.010615
0.003695
0.003628
0.002284
0.002352
0.002419
0.002755
0.003897
0.001747
0.002822
0.010750
0.003494
0.003023
0.001881
0.003225
0.002419
0.009876
0.002553
0.002284
0.001881
0.002486
0.003091
0.002083
0.010481
0.002419
0.002217
0.002620
0.004098
0.001545
0.001881
0.003158
0.002486
0.006047
0.003023
0.003023
0.001277
0.003897
0.003695
0.002217
0.008734
0.001277
0.003561
0.002687
0.001948
0.001814
0.002889
0.004434
0.001478
0.004166
0.006248
0.002419
0.002284
0.001747
0.003762
0.003628
0.003292
0.002083
0.002687
0.008936
0.001814
0.003091
0.000739
0.006786
0.002687
0.003830
0.004905
0.002822
0.003359
0.002083
0.007592
0.002217
0.005644
0.002284
0.002083
0.003830
0.008130
0.003359
0.002352
0.001612
0.001680
0.003695
0.003964
0.002352
0.001948
0.003494
0.008130
0.004569
0.004233
0.002150
0.001948
0.005308
0.003292
0.002352
0.001411
0.002217
0.002419
0.004300
0.008197
0.002352
0.002620
0.002083
0.003225
0.002083
0.009070
0.002620
0.002150
0.003897
0.003225
0.001814
0.005106
0.007794
0.002083
0.003830
0.003359
0.002486
0.003359
0.009272
0.002755
0.002352
0.004434
0.001680
0.002956
0.004770
0.001612
0.002889
0.002419
0.002553
0.002217
0.007861
0.004569
0.002687
0.002687
0.003023
0.001545
0.001545
0.004770
0.001747
0.002150
0.007592
0.003695
0.002486
0.003292
0.001478
0.001478
0.005711
0.004031
0.001411
0.002083
0.003830
0.002083
0.001881
0.007189
0.002016
0.002083
0.004770
0.006383
0.001881
0.003158
0.002016
0.001545
0.003830
0.003964
0.003225
0.001411
0.006450
0.002486
0.002553
0.005778
0.001411
0.003091
0.003830
