0.084722
0.001814
0.003023
0.001612
0.002352
0.002553
0.011556
0.003359
0.003494
0.002150
0.002419
0.003494
0.002620
0.001545
0.004770
0.009339
0.004367
0.003561
0.003158
0.005308
0.002083
0.002822
0.006114
0.001948
0.004098
0.004233
0.004434
0.001612
0.003830
0.002352
0.003897
0.005442
0.004905
0.004166
0.001478
0.004098
0.002553
0.003091
0.007055
0.002352
0.002755
0.003292
0.004166
0.004233
0.005644
0.002217
0.004098
0.003830
0.002284
0.001814
0.003695
0.003023
0.002486
0.001680
0.010548
0.001277
0.003494
0.002553
0.003762
0.003023
0.008264
0.001747
0.005711
0.002419
0.004300
0.002352
0.003225
0.003225
0.003091
0.005778
0.003830
0.002352
0.003695
0.002352
0.005173
0.001881
0.003897
0.001948
0.003359
0.004972
0.003830
0.003225
0.002620
0.002553
0.002553
0.007189
0.002755
0.003494
0.002620
0.001344
0.002889
0.002755
0.002284
0.002553
0.003225
0.010548
0.003091
0.002956
0.002956
0.003561
0.003091
0.009406
0.003830
0.002352
0.002553
0.001948
0.003359
0.002620
0.010683
0.002284
0.003897
0.003225
0.004098
0.002620
0.004434
0.003762
0.003292
0.003964
0.002889
0.002486
0.002755
0.003091
0.005308
0.004166
0.006316
0.002419
0.003830
0.002016
0.002687
0.002352
0.002486
0.002419
0.002889
0.004166
0.008600
0.002889
0.002419
0.002217
0.002352
0.002284
0.003964
0.002150
0.002956
0.007122
0.003695
0.004905
0.002217
0.007390
0.004367
0.004300
0.004367
0.002083
0.004703
0.003158
0.006181
0.001411
0.005778
0.003292
0.002150
0.003830
0.007055
0.003695
0.002620
0.003561
0.001948
0.005173
0.005912
0.004434
0.001680
0.002419
0.007122
0.004501
0.004367
0.003225
0.001747
0.004300
0.001478
0.002755
0.002217
0.002419
0.002419
0.003158
0.007928
0.002217
0.002083
0.002822
0.001747
0.002889
0.007189
0.002687
0.002553
0.003494
0.003561
0.001277
0.005375
0.005039
0.002755
0.004233
0.005106
0.002150
0.004098
0.004434
0.002889
0.001142
0.004837
0.001478
0.003695
0.003897
0.002687
0.002217
0.002486
0.003023
0.002620
0.005106
0.003762
0.002217
0.002486
0.001142
0.002016
0.002150
0.004367
0.001881
0.002822
0.006651
0.003628
0.002150
0.002956
0.002284
0.003762
0.007055
0.005241
0.003158
0.001747
0.001814
0.002620
0.002284
0.006987
0.001948
0.003292
0.004569
0.005106
0.002016
0.005241
0.003830
0.002083
0.002553
0.005845
0.004367
0.001008
0.004636
0.004166
0.004703
0.004300
0.001478
0.003964
0.005106
