0.085461
0.001881
0.003158
0.002755
0.004300
0.001612
0.012295
0.002822
0.001680
0.002486
0.002687
0.003023
0.001680
0.002620
0.003225
0.012026
0.003695
0.002419
0.002755
0.003561
0.003225
0.001680
0.010078
0.004703
0.003426
0.002553
0.003561
0.001545
0.003561
0.001411
0.005241
0.011086
0.003091
0.003830
0.004098
0.004098
0.003628
0.001680
0.006316
0.002822
0.001814
0.004098
0.003561
0.003158
0.007189
0.002352
0.003494
0.001948
0.002419
0.001478
0.002822
0.001545
0.003225
0.001545
0.015050
0.002822
0.002822
0.002016
0.002620
0.002352
0.016058
0.002419
0.004434
0.003091
0.003158
0.001612
0.003830
0.003830
0.003426
0.006181
0.001881
0.003359
0.003830
0.003225
0.004501
0.001881
0.001881
0.002755
0.001948
0.006248
0.002486
0.002016
0.002016
0.001545
0.002687
0.015990
0.004972
0.004905
0.001814
0.002016
0.002217
0.001075
0.002822
0.003292
0.004569
0.015318
0.001344
0.002486
0.002687
0.002217
0.003762
0.011489
0.002150
0.001814
0.003023
0.002016
0.002822
0.001680
0.013101
0.003091
0.003091
0.001680
0.003762
0.001411
0.003695
0.002486
0.003762
0.006651
0.003225
0.003225
0.001478
0.004233
0.003695
0.002553
0.006383
0.002150
0.003091
0.002687
0.001680
0.001478
0.003494
0.004166
0.003561
0.003561
0.007525
0.001478
0.001881
0.001545
0.002822
0.002822
0.004233
0.001411
0.002620
0.007592
0.002755
0.003494
0.001814
0.003830
0.003830
0.004300
0.006248
0.002016
0.004031
0.001612
0.005375
0.001747
0.005106
0.002553
0.002687
0.005644
0.003830
0.005576
0.002889
0.003628
0.002889
0.004636
0.004098
0.002620
0.001277
0.002284
0.007659
0.005509
0.004770
0.003426
0.002822
0.004569
0.002016
0.002284
0.002083
0.001948
0.001948
0.005241
0.010414
0.002822
0.002083
0.000605
0.001747
0.001747
0.009406
0.001814
0.003561
0.004905
0.002687
0.001411
0.005644
0.005845
0.003023
0.002620
0.004367
0.001747
0.004569
0.007592
0.002620
0.001344
0.005980
0.001411
0.003628
0.002889
0.001478
0.001075
0.001411
0.001948
0.002150
0.008801
0.004636
0.001612
0.002620
0.001747
0.001612
0.002352
0.004569
0.001545
0.002822
0.008869
0.001814
0.002553
0.002352
0.001814
0.002083
0.008600
0.003762
0.001344
0.002284
0.001948
0.001612
0.001680
0.009339
0.001545
0.002352
0.003628
0.004636
0.001478
0.004300
0.001545
0.000806
0.003964
0.004905
0.002553
0.002016
0.004166
0.002620
0.003897
0.005778
0.001277
0.002956
0.003426
