0.091105
0.000806
0.003494
0.006248
0.002755
0.003830
0.009675
0.004972
0.001209
0.001881
0.003225
0.001680
0.003091
0.004098
0.003292
0.012026
0.004837
0.001814
0.002419
0.008398
0.002352
0.002352
0.008331
0.005241
0.001277
0.005644
0.005509
0.002687
0.001814
0.002620
0.005711
0.007659
0.003359
0.000941
0.002352
0.004300
0.003830
0.003023
0.009339
0.001881
0.002217
0.003494
0.004233
0.001344
0.006316
0.002956
0.005442
0.002486
0.003023
0.001008
0.002486
0.002486
0.003426
0.002486
0.011220
0.003494
0.002217
0.002956
0.003964
0.002284
0.008264
0.003158
0.003762
0.003158
0.003359
0.001008
0.001881
0.006853
0.002486
0.008533
0.001209
0.005845
0.002083
0.003964
0.004233
0.002150
0.001411
0.004770
0.001478
0.010414
0.002217
0.002419
0.001277
0.005442
0.001814
0.010683
0.003225
0.003695
0.001478
0.004972
0.002016
0.004031
0.002486
0.003897
0.003158
0.010414
0.003292
0.001680
0.001277
0.002150
0.003426
0.010615
0.003158
0.004703
0.002016
0.003494
0.001612
0.001344
0.009003
0.004367
0.003023
0.003426
0.003695
0.001411
0.001747
0.005106
0.003830
0.006114
0.001814
0.001680
0.002284
0.004031
0.004501
0.003292
0.006383
0.004569
0.001411
0.001545
0.001277
0.002083
0.003023
0.004905
0.001411
0.007055
0.007525
0.003158
0.001545
0.001747
0.001545
0.003695
0.004636
0.002150
0.003023
0.009742
0.001612
0.003158
0.002620
0.008936
0.001545
0.003091
0.006920
0.003158
0.002083
0.003091
0.006584
0.003762
0.002687
0.002083
0.003695
0.006450
0.006248
0.001814
0.003561
0.001747
0.002284
0.003561
0.006853
0.002016
0.001814
0.001881
0.007055
0.002016
0.005308
0.001680
0.003628
0.002083
0.002822
0.001948
0.002419
0.001545
0.001680
0.004905
0.006047
0.002150
0.002687
0.001881
0.001881
0.001680
0.004905
0.000941
0.002083
0.004501
0.001545
0.002352
0.002956
0.006719
0.001881
0.009137
0.002620
0.004501
0.002083
0.006248
0.001478
0.001881
0.004166
0.002822
0.001478
0.009608
0.001075
0.001881
0.001612
0.003426
0.002016
0.008130
0.005241
0.002352
0.001478
0.002352
0.001478
0.003494
0.003292
0.002083
0.002687
0.006248
0.004636
0.002150
0.001948
0.001008
0.001545
0.008465
0.003628
0.002419
0.001478
0.002150
0.001142
0.001008
0.007995
0.002755
0.001948
0.006651
0.005509
0.001612
0.002687
0.002486
0.002352
0.005509
0.003023
0.001680
0.002083
0.005106
0.001612
0.002687
0.003359
0.001277
0.001814
0.002486
