0.080288
0.001612
0.003494
0.002553
0.000941
0.001344
0.014781
0.002217
0.002419
0.001680
0.004367
0.004166
0.003494
0.001545
0.004636
0.014848
0.004367
0.004166
0.002620
0.002352
0.001948
0.001545
0.009205
0.003762
0.002217
0.002620
0.004098
0.001747
0.002889
0.001881
0.004905
0.008331
0.003628
0.003091
0.003561
0.004569
0.002419
0.001411
0.008667
0.002217
0.002083
0.003091
0.005980
0.004300
0.012094
0.002419
0.004501
0.001814
0.001680
0.001747
0.001814
0.002217
0.003292
0.001142
0.015050
0.002889
0.002352
0.002083
0.002687
0.001680
0.012429
0.001411
0.005442
0.002822
0.003292
0.001747
0.005173
0.003426
0.002284
0.006920
0.002755
0.002687
0.003023
0.002889
0.006987
0.002620
0.001478
0.001948
0.003897
0.005845
0.001747
0.002553
0.002284
0.001948
0.002284
0.011019
0.003494
0.005778
0.001411
0.001478
0.001881
0.002956
0.002687
0.002755
0.003897
0.012631
0.002284
0.002284
0.002016
0.003091
0.003830
0.011556
0.002217
0.003695
0.002352
0.000941
0.002620
0.002352
0.017267
0.002217
0.005375
0.002016
0.003561
0.001747
0.003292
0.002822
0.003494
0.005845
0.002889
0.003292
0.001075
0.002217
0.003830
0.003292
0.007055
0.001814
0.003023
0.003762
0.000739
0.002553
0.002352
0.003091
0.001008
0.002284
0.010750
0.002284
0.002553
0.001344
0.002687
0.002822
0.003359
0.001478
0.002150
0.010481
0.003830
0.004098
0.002553
0.003695
0.003628
0.005241
0.006517
0.002687
0.004837
0.002822
0.003830
0.001478
0.004569
0.002150
0.002352
0.005644
0.006047
0.003897
0.002755
0.002486
0.001344
0.004636
0.004166
0.003158
0.001747
0.001612
0.007458
0.005845
0.005106
0.002755
0.002352
0.005173
0.001545
0.002284
0.002889
0.001747
0.001142
0.003426
0.012228
0.003494
0.002553
0.001209
0.002150
0.002486
0.008062
0.001612
0.003628
0.004098
0.002352
0.001814
0.005173
0.004703
0.001411
0.003359
0.005644
0.001209
0.003762
0.005778
0.003830
0.002016
0.003762
0.001209
0.002687
0.004233
0.001209
0.002284
0.002956
0.000873
0.002016
0.007592
0.006786
0.002822
0.001612
0.001142
0.001545
0.001612
0.003695
0.001747
0.002620
0.009742
0.003762
0.001948
0.002217
0.002284
0.001881
0.007995
0.004166
0.001814
0.001612
0.001075
0.002352
0.002486
0.008533
0.001545
0.002486
0.003225
0.004905
0.001612
0.004434
0.002687
0.001344
0.003695
0.005576
0.002620
0.001814
0.004031
0.002486
0.004837
0.004233
0.001008
0.003292
0.005375
