0.102392
0.000403
0.000672
0.004367
0.002419
0.002822
0.008734
0.005375
0.001344
0.002284
0.004501
0.002956
0.003023
0.001948
0.002687
0.013034
0.003561
0.000941
0.001008
0.007256
0.001545
0.001612
0.007794
0.006987
0.001209
0.003292
0.004031
0.002016
0.001344
0.001747
0.001814
0.010884
0.004770
0.001075
0.001612
0.003091
0.004972
0.001209
0.011019
0.002687
0.002217
0.004098
0.007323
0.001612
0.011489
0.001545
0.005039
0.002150
0.004031
0.001008
0.000672
0.003158
0.003762
0.001814
0.011690
0.003628
0.001948
0.001075
0.004031
0.001209
0.010884
0.001948
0.003225
0.003494
0.005039
0.001142
0.001411
0.005980
0.001142
0.009742
0.001612
0.005845
0.000605
0.005375
0.004837
0.003091
0.001478
0.004300
0.001008
0.013169
0.002553
0.002486
0.000470
0.006651
0.001075
0.013572
0.002822
0.005509
0.001142
0.003359
0.001545
0.002755
0.001545
0.004501
0.001747
0.014445
0.003695
0.002553
0.000537
0.003023
0.003091
0.010145
0.002553
0.002620
0.001478
0.002755
0.002687
0.001545
0.012967
0.002755
0.002150
0.003830
0.006047
0.002083
0.000806
0.004166
0.003561
0.015050
0.001209
0.002486
0.001545
0.003225
0.003964
0.001411
0.010078
0.005173
0.001344
0.002016
0.001008
0.001075
0.001881
0.007928
0.001209
0.003628
0.004434
0.002956
0.000806
0.001277
0.002956
0.002553
0.003830
0.001075
0.001277
0.009608
0.001814
0.002150
0.001411
0.007122
0.001209
0.001948
0.006114
0.003158
0.001612
0.001948
0.005308
0.001680
0.002486
0.001075
0.001680
0.006450
0.005845
0.002016
0.001881
0.002822
0.002956
0.001545
0.008130
0.002217
0.002352
0.002217
0.008734
0.002083
0.006383
0.001075
0.003695
0.003897
0.003830
0.000537
0.001209
0.001344
0.002687
0.004367
0.007726
0.001948
0.001209
0.001209
0.003762
0.001612
0.006853
0.001277
0.001612
0.004501
0.002150
0.001680
0.001545
0.008331
0.001008
0.006383
0.002486
0.002553
0.000672
0.008130
0.003359
0.003225
0.002620
0.001612
0.001277
0.007592
0.000672
0.002284
0.000739
0.006248
0.000605
0.007794
0.004098
0.003359
0.001612
0.002755
0.001142
0.003023
0.004233
0.002150
0.001209
0.009137
0.004367
0.002016
0.001142
0.002016
0.001747
0.005845
0.004434
0.001612
0.001612
0.002889
0.001680
0.001747
0.008264
0.001545
0.001478
0.004300
0.006651
0.001680
0.001478
0.003091
0.001948
0.010615
0.002352
0.002419
0.002217
0.004905
0.001612
0.002486
0.006920
0.002620
0.001478
0.002956
