0.124610
0.001561
0.003252
0.004553
0.001496
0.003187
0.010731
0.005398
0.001496
0.002211
0.005983
0.002992
0.001821
0.003512
0.004032
0.011251
0.002406
0.001301
0.002276
0.004878
0.002276
0.001626
0.011446
0.006504
0.001106
0.002471
0.007869
0.003837
0.001691
0.001756
0.006569
0.011707
0.003447
0.000976
0.001821
0.003187
0.003512
0.001561
0.010406
0.002146
0.002016
0.003707
0.005593
0.001561
0.010471
0.001626
0.004488
0.001756
0.001756
0.000911
0.002406
0.002406
0.002471
0.002992
0.009820
0.003837
0.002601
0.001691
0.004618
0.001886
0.006894
0.003317
0.004813
0.004097
0.002536
0.001366
0.001821
0.004683
0.002666
0.005138
0.002536
0.004943
0.001236
0.003382
0.003187
0.001951
0.001106
0.004097
0.002536
0.005463
0.002211
0.002341
0.001951
0.003122
0.003837
0.009170
0.003122
0.004032
0.001756
0.003902
0.002992
0.002992
0.004032
0.002666
0.003967
0.008260
0.003382
0.002081
0.001951
0.002601
0.003252
0.007284
0.003122
0.004618
0.002341
0.002862
0.003382
0.001496
0.007349
0.002471
0.003122
0.002992
0.005008
0.001821
0.000976
0.002601
0.004032
0.007089
0.002927
0.002016
0.002471
0.003187
0.003447
0.001756
0.006113
0.004292
0.002406
0.002211
0.001366
0.002016
0.006374
0.009430
0.001366
0.003447
0.007804
0.003187
0.001496
0.001626
0.008065
0.004943
0.002601
0.001106
0.002211
0.005593
0.001626
0.002601
0.003772
0.008780
0.001171
0.001626
0.005593
0.003967
0.001431
0.001951
0.008325
0.004292
0.001301
0.001236
0.003122
0.005073
0.005333
0.002471
0.003252
0.002992
0.002276
0.002081
0.006699
0.002081
0.002276
0.002471
0.010991
0.003057
0.003057
0.001041
0.002862
0.001496
0.002601
0.001236
0.003642
0.002276
0.001366
0.004097
0.006048
0.002211
0.003317
0.001561
0.007479
0.001561
0.003057
0.002276
0.002732
0.003447
0.002341
0.002536
0.003382
0.006309
0.001301
0.004097
0.003187
0.003057
0.002666
0.008065
0.004097
0.002797
0.001756
0.001366
0.001431
0.003772
0.001431
0.002471
0.002146
0.005463
0.001171
0.004357
0.002992
0.002601
0.002081
0.003057
0.003057
0.003512
0.003707
0.002016
0.002536
0.004813
0.004813
0.003252
0.002406
0.001561
0.002862
0.003512
0.003772
0.000845
0.002146
0.002406
0.002146
0.001821
0.004878
0.001626
0.001756
0.004292
0.005983
0.001626
0.002016
0.001821
0.002211
0.005528
0.002862
0.001496
0.002471
0.005073
0.002732
0.001886
0.004292
0.002211
0.001886
0.002146
