0.127081
0.001496
0.002406
0.002732
0.002992
0.002927
0.007739
0.001821
0.001496
0.002471
0.003187
0.001691
0.003122
0.002862
0.003837
0.006764
0.003772
0.001626
0.001171
0.004162
0.002341
0.002016
0.005658
0.002471
0.002081
0.003577
0.004162
0.001366
0.002406
0.001626
0.004292
0.004943
0.007089
0.001756
0.002992
0.003772
0.005138
0.002211
0.009625
0.001886
0.002471
0.002862
0.003252
0.001366
0.009430
0.002341
0.005723
0.001431
0.005398
0.002081
0.002471
0.001626
0.005463
0.003772
0.008390
0.002601
0.002601
0.002211
0.002471
0.000650
0.008130
0.003382
0.004162
0.002406
0.004618
0.002471
0.001106
0.005203
0.003187
0.004748
0.002016
0.003447
0.001626
0.004488
0.002536
0.001366
0.002471
0.004618
0.002146
0.003837
0.003057
0.001691
0.001236
0.002276
0.005853
0.008780
0.002406
0.002601
0.002146
0.003577
0.001886
0.001431
0.004162
0.003642
0.004357
0.006829
0.007999
0.003122
0.001496
0.002536
0.004292
0.010146
0.002406
0.002471
0.003187
0.004422
0.002081
0.001106
0.010146
0.005593
0.002797
0.002406
0.007999
0.002992
0.001366
0.002406
0.005788
0.010276
0.001106
0.002471
0.003317
0.006569
0.001821
0.000976
0.009040
0.005853
0.001366
0.001691
0.003317
0.001886
0.002406
0.003967
0.001951
0.003252
0.004227
0.001236
0.002146
0.001951
0.002862
0.003122
0.003382
0.001821
0.001626
0.003317
0.002927
0.003187
0.002146
0.006113
0.002081
0.002081
0.004162
0.002016
0.002406
0.001951
0.006439
0.002601
0.003382
0.001496
0.002146
0.003187
0.009690
0.003447
0.002666
0.002276
0.002601
0.001821
0.004357
0.001366
0.002927
0.003122
0.007544
0.001756
0.004488
0.001561
0.003837
0.001821
0.005853
0.002146
0.002927
0.001756
0.002406
0.003447
0.004162
0.001496
0.004032
0.002211
0.003252
0.002146
0.007544
0.002016
0.001951
0.004097
0.004813
0.003057
0.001691
0.006374
0.002211
0.003577
0.001561
0.001756
0.005398
0.009430
0.002992
0.002341
0.003187
0.002406
0.001561
0.001756
0.002601
0.003447
0.002016
0.004162
0.002276
0.004683
0.003707
0.001821
0.002211
0.003707
0.001756
0.001886
0.004683
0.001301
0.001691
0.003447
0.010991
0.004422
0.001431
0.002016
0.002146
0.006569
0.002471
0.001691
0.004618
0.006959
0.001301
0.002016
0.007219
0.002992
0.001171
0.002862
0.008975
0.004292
0.001236
0.001496
0.004357
0.005723
0.001561
0.001756
0.004618
0.009040
0.002276
0.001756
0.007544
0.004488
0.000976
0.001496
