0.100286
0.001171
0.003577
0.002927
0.005463
0.003122
0.009300
0.004227
0.001106
0.001431
0.001886
0.002081
0.006113
0.003902
0.006178
0.011186
0.007934
0.003057
0.005528
0.005593
0.001821
0.001431
0.005723
0.004683
0.002081
0.001756
0.003577
0.002081
0.003187
0.001756
0.004162
0.007934
0.003122
0.001236
0.002016
0.003252
0.003967
0.000845
0.006309
0.002211
0.000911
0.001171
0.001236
0.000780
0.008845
0.002211
0.006048
0.002666
0.005268
0.001821
0.004422
0.002992
0.001626
0.001756
0.007024
0.002862
0.001691
0.001431
0.001951
0.001106
0.005268
0.001301
0.001886
0.002276
0.002276
0.003252
0.001561
0.003317
0.003252
0.010406
0.001496
0.003317
0.000650
0.002016
0.001886
0.000780
0.002797
0.007934
0.001431
0.006048
0.003317
0.006959
0.001561
0.004032
0.002146
0.008910
0.001171
0.002797
0.000911
0.002536
0.000911
0.002081
0.002732
0.002992
0.001236
0.008455
0.003577
0.004813
0.002016
0.001951
0.003902
0.013593
0.001691
0.005528
0.001886
0.002666
0.000455
0.001496
0.012747
0.010081
0.002992
0.004618
0.007219
0.008325
0.002992
0.006569
0.004357
0.013137
0.000976
0.002601
0.002341
0.004357
0.003057
0.002081
0.006764
0.007414
0.001171
0.002666
0.001886
0.001626
0.002862
0.004227
0.003057
0.002536
0.005398
0.001886
0.001951
0.001821
0.003122
0.002992
0.007414
0.003447
0.004488
0.008260
0.006374
0.003902
0.006178
0.006113
0.001366
0.001756
0.003317
0.001691
0.005918
0.002276
0.005073
0.003382
0.004748
0.002016
0.002471
0.005138
0.003447
0.001821
0.001821
0.002797
0.001691
0.001236
0.002471
0.001431
0.001691
0.001496
0.004683
0.002211
0.006504
0.002406
0.004162
0.003642
0.003577
0.001301
0.003382
0.002211
0.000845
0.001366
0.003382
0.001691
0.004162
0.000976
0.003057
0.001626
0.004748
0.001821
0.001496
0.003382
0.003057
0.002341
0.001626
0.004488
0.001951
0.003902
0.001496
0.001496
0.002471
0.006309
0.001691
0.001821
0.004878
0.005268
0.002081
0.005073
0.002601
0.005203
0.001106
0.003187
0.000715
0.004227
0.001951
0.000976
0.002211
0.003187
0.001106
0.002797
0.002341
0.003317
0.001041
0.006048
0.005788
0.004488
0.001301
0.001951
0.002211
0.007609
0.002471
0.002341
0.004618
0.006439
0.000455
0.001496
0.008455
0.008520
0.003252
0.006309
0.006309
0.005983
0.002276
0.005203
0.001366
0.005203
0.001041
0.001431
0.003707
0.008975
0.002471
0.005008
0.004422
0.005203
0.002211
0.005333
