0.063996
0.001041
0.002732
0.002927
0.002992
0.003187
0.007284
0.002471
0.002146
0.002862
0.003772
0.002536
0.003382
0.002862
0.003317
0.006699
0.004943
0.001366
0.002927
0.004357
0.002797
0.001431
0.005723
0.003317
0.002211
0.003577
0.006178
0.001951
0.002732
0.001561
0.003577
0.003902
0.006178
0.002601
0.002536
0.003967
0.005658
0.001301
0.008910
0.001301
0.003057
0.003577
0.007479
0.001886
0.006829
0.001366
0.005723
0.001431
0.003837
0.001626
0.003122
0.002341
0.006829
0.004357
0.011251
0.002797
0.002862
0.002146
0.005333
0.001366
0.011381
0.003447
0.004357
0.002992
0.004097
0.002016
0.002406
0.005203
0.002211
0.007089
0.001691
0.002797
0.002016
0.005138
0.004813
0.001561
0.002211
0.004813
0.002992
0.004878
0.002536
0.001886
0.001951
0.002601
0.003967
0.009300
0.003512
0.003512
0.001561
0.003447
0.003577
0.002341
0.004422
0.003902
0.005073
0.006959
0.005333
0.003382
0.001496
0.002732
0.004618
0.009040
0.004162
0.002341
0.003512
0.004618
0.003642
0.001951
0.009040
0.002211
0.003512
0.001951
0.006894
0.002797
0.002471
0.002406
0.007674
0.009951
0.002146
0.002081
0.002732
0.005983
0.003642
0.001626
0.011511
0.006959
0.003057
0.001301
0.002211
0.001691
0.002146
0.004422
0.002081
0.003837
0.006048
0.001691
0.002276
0.002471
0.004618
0.002862
0.003772
0.001886
0.002992
0.003382
0.002471
0.002081
0.003057
0.005658
0.002797
0.002797
0.005073
0.002992
0.002601
0.003317
0.007609
0.002276
0.002732
0.001106
0.003317
0.003512
0.007089
0.002601
0.003122
0.002862
0.004162
0.002797
0.007154
0.001236
0.005138
0.003967
0.009625
0.002732
0.005723
0.001236
0.003642
0.002341
0.004553
0.001431
0.002797
0.001496
0.004032
0.003772
0.009105
0.002211
0.002862
0.001366
0.006569
0.001236
0.007349
0.002732
0.002927
0.003642
0.003252
0.002992
0.002471
0.006699
0.002797
0.005398
0.002732
0.002146
0.002536
0.007479
0.003187
0.002666
0.002797
0.002406
0.001431
0.003122
0.001951
0.002862
0.001756
0.002341
0.002406
0.005463
0.006634
0.002081
0.001301
0.003642
0.000976
0.002406
0.004032
0.001821
0.002276
0.004227
0.007479
0.003447
0.002601
0.001431
0.003252
0.006634
0.005073
0.002146
0.003902
0.006634
0.002016
0.001431
0.007154
0.002406
0.002666
0.003252
0.006959
0.001886
0.002536
0.002406
0.005138
0.006309
0.003707
0.001431
0.002471
0.006178
0.002927
0.001561
0.006699
0.004357
0.002341
0.002146
