0.117716
0.001561
0.002862
0.004422
0.002536
0.002211
0.009560
0.003707
0.001951
0.003317
0.006374
0.003772
0.002732
0.002992
0.004488
0.011902
0.004422
0.002471
0.003252
0.006374
0.002146
0.001886
0.007544
0.003642
0.001821
0.002406
0.005788
0.003187
0.001366
0.001951
0.004553
0.007869
0.003512
0.002146
0.002601
0.003967
0.002536
0.002992
0.006113
0.002927
0.001496
0.004683
0.006959
0.002146
0.004683
0.002601
0.003837
0.002406
0.003252
0.002601
0.002992
0.004162
0.001821
0.003057
0.007544
0.003187
0.001431
0.003447
0.004227
0.002276
0.006309
0.002732
0.003512
0.003122
0.002797
0.002146
0.002406
0.005528
0.002341
0.006113
0.002666
0.005138
0.001431
0.006894
0.004553
0.002601
0.001821
0.003317
0.002992
0.010146
0.002016
0.002536
0.002406
0.004813
0.001951
0.008780
0.004162
0.002536
0.001821
0.003577
0.002732
0.003122
0.001301
0.003252
0.004032
0.010016
0.001561
0.002081
0.002406
0.002406
0.002081
0.007544
0.003317
0.004162
0.001431
0.004162
0.003837
0.002732
0.006959
0.003447
0.003122
0.003447
0.004292
0.002406
0.002797
0.004357
0.001691
0.004553
0.003122
0.001886
0.001691
0.005528
0.004488
0.002081
0.002732
0.002081
0.002601
0.001431
0.000911
0.001951
0.003057
0.005073
0.002276
0.002927
0.007934
0.002992
0.001626
0.001821
0.003707
0.002016
0.004292
0.002471
0.003642
0.007609
0.003252
0.002471
0.003057
0.006894
0.001626
0.003382
0.007609
0.004162
0.002732
0.002211
0.007544
0.003447
0.002016
0.001171
0.003642
0.006309
0.004683
0.002666
0.003577
0.002016
0.002536
0.003057
0.006309
0.002276
0.001301
0.002862
0.008130
0.001821
0.003772
0.001951
0.003252
0.004162
0.002797
0.002081
0.002146
0.002081
0.002016
0.005398
0.006309
0.002666
0.002146
0.001301
0.003902
0.002146
0.003252
0.001951
0.002211
0.004488
0.001496
0.002406
0.002211
0.006894
0.002081
0.004553
0.003317
0.002992
0.001691
0.008975
0.002666
0.002406
0.002471
0.003187
0.001886
0.007024
0.001171
0.003317
0.001951
0.004162
0.002211
0.006309
0.005788
0.002536
0.001561
0.003317
0.002016
0.004422
0.003707
0.002536
0.002732
0.004878
0.002732
0.002016
0.001691
0.001951
0.002016
0.004878
0.005138
0.002732
0.001041
0.002992
0.002211
0.001236
0.004488
0.002406
0.002797
0.005658
0.006439
0.002601
0.002471
0.002536
0.001496
0.005593
0.003642
0.002341
0.001561
0.006243
0.003447
0.002666
0.002862
0.001756
0.002146
0.001821
