0.080125
0.002211
0.004097
0.003577
0.003382
0.002276
0.009495
0.002211
0.002601
0.002016
0.005723
0.002862
0.003252
0.002406
0.005788
0.007284
0.003707
0.001366
0.003057
0.004422
0.002666
0.001626
0.005593
0.003057
0.002862
0.003122
0.008065
0.002211
0.002536
0.001171
0.004878
0.003837
0.007154
0.001821
0.005463
0.005203
0.003707
0.000976
0.008585
0.002016
0.002341
0.003122
0.009625
0.003252
0.006309
0.001041
0.006504
0.001691
0.003577
0.001886
0.003707
0.003057
0.003447
0.001886
0.009755
0.004032
0.002406
0.002146
0.006113
0.001951
0.009495
0.002666
0.004943
0.004162
0.004618
0.001561
0.003902
0.006243
0.001886
0.002797
0.002797
0.003512
0.002341
0.004422
0.005398
0.002992
0.002146
0.001561
0.002666
0.004618
0.003057
0.001301
0.002536
0.002666
0.003382
0.005983
0.004032
0.005853
0.002016
0.002862
0.004162
0.002081
0.005008
0.001301
0.004878
0.007479
0.004292
0.001041
0.003187
0.003642
0.003057
0.005918
0.003837
0.002732
0.002146
0.002146
0.003967
0.002862
0.007349
0.001106
0.004748
0.002341
0.005788
0.001041
0.002797
0.003382
0.004488
0.002471
0.003382
0.002341
0.001561
0.003772
0.005723
0.002276
0.006309
0.001821
0.003447
0.002081
0.002341
0.001236
0.004292
0.005528
0.002732
0.002862
0.007479
0.002601
0.001886
0.001236
0.005788
0.002862
0.005398
0.002211
0.003447
0.004488
0.003772
0.002146
0.005008
0.007544
0.001236
0.002601
0.006048
0.003317
0.003122
0.001301
0.007869
0.002276
0.003707
0.001821
0.003512
0.004748
0.009951
0.002016
0.005333
0.003317
0.002276
0.002211
0.007154
0.001951
0.002797
0.001821
0.010146
0.003707
0.004488
0.001951
0.004748
0.002992
0.004618
0.001561
0.005723
0.002081
0.001756
0.003642
0.007674
0.002601
0.002666
0.000976
0.005983
0.001951
0.007544
0.002016
0.005528
0.004878
0.003382
0.001756
0.005268
0.008845
0.001496
0.001496
0.003772
0.001886
0.003642
0.008065
0.003122
0.003577
0.002536
0.001431
0.002601
0.003447
0.002406
0.000650
0.002992
0.002862
0.002536
0.003902
0.005853
0.002927
0.001821
0.003707
0.002146
0.002666
0.004878
0.001301
0.004683
0.005853
0.006048
0.001756
0.002732
0.002601
0.001626
0.003967
0.005918
0.001496
0.003382
0.002601
0.002471
0.002471
0.005723
0.001041
0.003252
0.003317
0.006764
0.000976
0.003317
0.002992
0.002927
0.002016
0.004227
0.001886
0.002601
0.005918
0.003512
0.001886
0.004292
0.001626
0.003187
0.002862
