0.087929
0.002732
0.002862
0.006243
0.003837
0.003447
0.005853
0.003122
0.002601
0.003057
0.004422
0.003447
0.002471
0.003317
0.002666
0.005788
0.003382
0.002536
0.001756
0.004878
0.002992
0.003122
0.004618
0.004488
0.002146
0.004227
0.005203
0.002732
0.001106
0.002211
0.003837
0.006764
0.005073
0.003122
0.004488
0.007414
0.001886
0.002211
0.003577
0.002601
0.002666
0.004227
0.007739
0.003382
0.003252
0.002797
0.003187
0.002016
0.002341
0.002406
0.002081
0.004357
0.002406
0.003772
0.006048
0.006699
0.002536
0.003447
0.003187
0.003057
0.005138
0.004748
0.002601
0.005268
0.004227
0.003057
0.003642
0.009625
0.001626
0.003642
0.002211
0.002862
0.002471
0.005593
0.005853
0.005008
0.001301
0.003252
0.003252
0.005788
0.003252
0.002601
0.003707
0.003642
0.003512
0.006178
0.005528
0.005073
0.002732
0.003187
0.004683
0.002797
0.002862
0.002536
0.005203
0.008845
0.003187
0.001951
0.002601
0.004748
0.001821
0.003902
0.003317
0.004748
0.001886
0.002992
0.003772
0.003057
0.005138
0.002146
0.004813
0.003837
0.003707
0.001886
0.002081
0.003382
0.002992
0.003382
0.002797
0.003512
0.001626
0.004097
0.005203
0.002992
0.003447
0.002341
0.002536
0.002927
0.002146
0.002016
0.002992
0.005268
0.003252
0.003837
0.004618
0.002862
0.002276
0.003642
0.005463
0.003967
0.004097
0.002536
0.002016
0.005073
0.001886
0.002341
0.003122
0.007154
0.003252
0.002992
0.004357
0.003707
0.001821
0.002471
0.007284
0.003187
0.001756
0.003122
0.004097
0.006113
0.007544
0.002146
0.003382
0.004878
0.002732
0.003252
0.003512
0.002601
0.002862
0.003057
0.008975
0.003772
0.002016
0.002081
0.002276
0.003187
0.002211
0.002016
0.002601
0.002862
0.002732
0.004553
0.004878
0.005593
0.001561
0.002276
0.004292
0.002601
0.003382
0.003577
0.002471
0.007479
0.002211
0.001366
0.003707
0.009300
0.002471
0.003317
0.003707
0.003252
0.001821
0.008065
0.003447
0.004943
0.001821
0.002471
0.002471
0.004683
0.001431
0.002211
0.002211
0.003317
0.003642
0.004097
0.007089
0.004162
0.001951
0.003577
0.002016
0.003122
0.004813
0.002276
0.004748
0.007999
0.003967
0.001561
0.002276
0.002406
0.001366
0.003967
0.005723
0.003512
0.002666
0.004227
0.003252
0.003512
0.002927
0.002146
0.002276
0.004748
0.005658
0.002276
0.003642
0.002862
0.002992
0.002862
0.003577
0.003057
0.003382
0.004553
0.002081
0.002471
0.002601
0.001626
0.002992
0.004943
