0.097294
0.002992
0.002341
0.004292
0.004683
0.002146
0.004488
0.001951
0.004422
0.003577
0.004162
0.002601
0.003707
0.002406
0.002797
0.004618
0.004878
0.001886
0.002471
0.005528
0.003902
0.001886
0.005723
0.003642
0.002341
0.003057
0.004422
0.002016
0.003252
0.002016
0.004162
0.005398
0.006829
0.003252
0.003642
0.005203
0.003577
0.001951
0.003902
0.001821
0.003122
0.003902
0.007479
0.002797
0.003122
0.002081
0.002666
0.002927
0.003382
0.002992
0.002146
0.003512
0.003577
0.004097
0.006374
0.005528
0.002732
0.002992
0.002732
0.003382
0.007089
0.004162
0.003382
0.004683
0.004878
0.003057
0.003772
0.006764
0.002601
0.002927
0.001756
0.002927
0.004553
0.005983
0.006439
0.002666
0.002666
0.002211
0.002797
0.004032
0.004292
0.002146
0.003317
0.003447
0.005138
0.006309
0.005593
0.002992
0.002211
0.002666
0.002992
0.001886
0.003902
0.003772
0.005528
0.005658
0.003642
0.002992
0.002732
0.004357
0.002797
0.004357
0.002471
0.004357
0.002992
0.003252
0.003382
0.002797
0.005268
0.001756
0.002797
0.003057
0.005138
0.002406
0.003122
0.003707
0.003902
0.003967
0.003577
0.003122
0.003187
0.004032
0.003642
0.003187
0.003967
0.003252
0.003057
0.004227
0.002471
0.002601
0.002992
0.005203
0.003317
0.003317
0.004618
0.002211
0.003122
0.002406
0.004683
0.003122
0.004553
0.003447
0.003187
0.004748
0.001626
0.003057
0.002276
0.006113
0.003187
0.003382
0.004357
0.003122
0.003122
0.001496
0.005528
0.001886
0.004878
0.002146
0.004097
0.003317
0.007674
0.003252
0.003187
0.003902
0.002666
0.002927
0.003512
0.003187
0.002797
0.002862
0.008975
0.003642
0.003577
0.002081
0.002927
0.004227
0.004227
0.001106
0.002992
0.002471
0.003577
0.005528
0.005268
0.003967
0.002732
0.001691
0.003317
0.002471
0.005918
0.004227
0.003187
0.005918
0.002406
0.004097
0.003382
0.007674
0.002601
0.003252
0.003122
0.002732
0.002601
0.006959
0.004553
0.003837
0.003057
0.002797
0.002732
0.003122
0.002016
0.001561
0.002081
0.002862
0.003187
0.003967
0.006699
0.003382
0.002081
0.002666
0.002732
0.001821
0.006243
0.003187
0.004032
0.004813
0.004357
0.002797
0.002341
0.002797
0.002406
0.003252
0.003577
0.002797
0.002276
0.003317
0.002406
0.002927
0.003967
0.001951
0.002927
0.004813
0.007089
0.002146
0.001951
0.002471
0.003187
0.002601
0.003187
0.003317
0.002732
0.004422
0.001626
0.002666
0.003447
0.003837
0.002992
0.003122
