0.109261
0.001691
0.002471
0.002732
0.003512
0.004097
0.008130
0.002666
0.001561
0.003122
0.005788
0.001756
0.002081
0.003252
0.003382
0.005203
0.002016
0.001171
0.002797
0.003967
0.003057
0.002016
0.006439
0.002992
0.001626
0.003057
0.005268
0.002081
0.002471
0.002016
0.005853
0.005463
0.006309
0.002341
0.003187
0.002927
0.004813
0.000780
0.007869
0.001366
0.003187
0.003252
0.007089
0.002081
0.008845
0.001561
0.005398
0.002211
0.004683
0.001496
0.002146
0.002927
0.004162
0.004813
0.009625
0.003317
0.001691
0.002406
0.004553
0.001496
0.007869
0.003057
0.005983
0.004097
0.004488
0.002732
0.001821
0.003902
0.001951
0.006894
0.002146
0.003447
0.001431
0.004097
0.004748
0.002081
0.002211
0.003382
0.002016
0.003187
0.002862
0.001886
0.002471
0.003382
0.005788
0.007934
0.004032
0.002797
0.001821
0.003447
0.003512
0.002276
0.004748
0.002666
0.005073
0.005268
0.005723
0.003057
0.001626
0.002862
0.004357
0.008130
0.003512
0.003772
0.003707
0.003512
0.003642
0.002211
0.005853
0.001886
0.002601
0.003057
0.005268
0.001886
0.001886
0.003642
0.006374
0.006894
0.003382
0.002276
0.002341
0.004097
0.002536
0.002276
0.008845
0.004553
0.002601
0.001951
0.001951
0.002406
0.004227
0.004943
0.001431
0.004227
0.006243
0.002601
0.002406
0.002211
0.005008
0.002081
0.002601
0.002016
0.002797
0.002732
0.001821
0.001756
0.002862
0.005658
0.002081
0.001951
0.005723
0.002341
0.001951
0.002992
0.008065
0.002666
0.002732
0.001041
0.004618
0.003252
0.009105
0.002862
0.003577
0.003317
0.003122
0.002536
0.005463
0.000976
0.003382
0.003512
0.010081
0.002211
0.004943
0.000976
0.003187
0.002146
0.005463
0.001626
0.003057
0.001626
0.002211
0.003382
0.006374
0.001821
0.002341
0.001496
0.005658
0.001041
0.005398
0.001951
0.003057
0.003317
0.004488
0.003382
0.002927
0.005138
0.001756
0.003317
0.002406
0.002666
0.003772
0.008715
0.004357
0.003057
0.002471
0.003382
0.002341
0.003512
0.001626
0.002146
0.001951
0.002666
0.002601
0.004032
0.005008
0.001171
0.001821
0.005138
0.002211
0.002992
0.004162
0.001366
0.003317
0.003382
0.010341
0.003772
0.002536
0.002276
0.002601
0.004422
0.004227
0.003187
0.005008
0.005333
0.001756
0.002341
0.002992
0.002211
0.002536
0.004227
0.007284
0.002276
0.001886
0.001431
0.003967
0.004943
0.002536
0.001496
0.003252
0.006634
0.002146
0.002276
0.006178
0.003772
0.000911
0.002016
