0.137747
0.000911
0.003187
0.002992
0.004357
0.001951
0.008780
0.003512
0.002992
0.001951
0.005073
0.003252
0.004422
0.002471
0.003512
0.008195
0.004488
0.001691
0.003187
0.003642
0.003642
0.001171
0.011642
0.003512
0.002276
0.002992
0.005203
0.002016
0.002732
0.002276
0.005983
0.008195
0.006699
0.001626
0.003057
0.002797
0.004683
0.001106
0.007284
0.001951
0.002732
0.002797
0.006699
0.001561
0.008260
0.001171
0.004357
0.001886
0.006829
0.001951
0.003642
0.002276
0.003967
0.001431
0.012097
0.001951
0.003382
0.001951
0.004488
0.001756
0.009300
0.002211
0.004162
0.002406
0.004813
0.001561
0.002406
0.003512
0.002276
0.004357
0.001561
0.003967
0.002081
0.004162
0.004292
0.001691
0.002992
0.003187
0.002081
0.005138
0.003382
0.001691
0.002081
0.003252
0.003382
0.006243
0.003187
0.002992
0.002016
0.002016
0.002536
0.001756
0.002862
0.002601
0.004032
0.005918
0.004748
0.001431
0.001496
0.002211
0.005073
0.006178
0.002862
0.002211
0.002797
0.002016
0.003122
0.001496
0.008325
0.002016
0.003317
0.004422
0.007219
0.001496
0.002992
0.003382
0.004553
0.003187
0.002732
0.001431
0.002341
0.004097
0.003122
0.001301
0.005463
0.001756
0.002862
0.002081
0.001886
0.001366
0.003837
0.004292
0.002862
0.003252
0.006439
0.002276
0.002341
0.000845
0.003772
0.003057
0.005528
0.002081
0.003187
0.005138
0.003447
0.002797
0.003447
0.006374
0.002666
0.002081
0.009951
0.002276
0.004813
0.001691
0.007219
0.001886
0.002992
0.001366
0.003122
0.004097
0.006894
0.002146
0.003447
0.002016
0.003317
0.001626
0.005333
0.002016
0.004683
0.002016
0.008195
0.001691
0.005788
0.001366
0.003707
0.002601
0.006113
0.001626
0.003317
0.001431
0.002992
0.003252
0.007739
0.002146
0.005008
0.000845
0.003772
0.000911
0.007154
0.001821
0.002797
0.003187
0.002927
0.002536
0.003252
0.005203
0.002341
0.002992
0.002666
0.002146
0.003122
0.006178
0.002601
0.001496
0.003252
0.001626
0.002016
0.003317
0.001626
0.002276
0.001041
0.002732
0.002536
0.003447
0.004813
0.001366
0.001691
0.002536
0.001756
0.002276
0.003642
0.001561
0.002666
0.002992
0.005983
0.002601
0.002797
0.001691
0.003317
0.005268
0.003772
0.002406
0.003772
0.001691
0.002211
0.001171
0.006894
0.002016
0.002471
0.003772
0.007674
0.001496
0.002797
0.002471
0.003187
0.002862
0.003252
0.001756
0.003902
0.006113
0.002081
0.002601
0.005333
0.001821
0.002341
0.002341
