0.082206
0.001366
0.003577
0.005008
0.001821
0.003447
0.006829
0.003772
0.001431
0.003187
0.004813
0.003382
0.002601
0.002536
0.003252
0.009300
0.003577
0.001626
0.001561
0.007479
0.002797
0.002666
0.005138
0.004097
0.001496
0.003382
0.005463
0.002862
0.001821
0.002536
0.003252
0.006243
0.004813
0.002471
0.002536
0.005853
0.002536
0.001431
0.005918
0.003252
0.001366
0.004748
0.006309
0.003512
0.004227
0.001431
0.002732
0.002471
0.002732
0.001106
0.002601
0.003512
0.002406
0.004422
0.008325
0.003837
0.001431
0.002797
0.003122
0.002601
0.006894
0.004032
0.003577
0.003707
0.003382
0.002732
0.002666
0.007999
0.000976
0.006764
0.001821
0.006309
0.001821
0.006634
0.004813
0.004422
0.000976
0.003252
0.002601
0.008585
0.001301
0.002992
0.001821
0.005463
0.003187
0.013072
0.004422
0.006829
0.001236
0.003902
0.002406
0.003512
0.002666
0.004618
0.003122
0.010146
0.001886
0.002146
0.002146
0.003837
0.002016
0.006178
0.002016
0.003317
0.001366
0.004683
0.002732
0.002471
0.005918
0.003447
0.003642
0.003772
0.004618
0.002016
0.001561
0.004422
0.002081
0.008325
0.002406
0.003252
0.001236
0.006113
0.004227
0.001886
0.004032
0.004292
0.002016
0.003122
0.001886
0.001496
0.003707
0.005398
0.002146
0.003187
0.005853
0.002927
0.002081
0.001366
0.005593
0.004097
0.004162
0.002146
0.002536
0.006699
0.001756
0.002211
0.003512
0.008325
0.000976
0.002797
0.005853
0.003772
0.001041
0.002146
0.007349
0.003967
0.002211
0.002601
0.002992
0.007219
0.007674
0.003317
0.003642
0.002927
0.002341
0.002797
0.004488
0.002862
0.002276
0.003447
0.008780
0.004488
0.002666
0.001301
0.002276
0.002536
0.003902
0.001626
0.002601
0.001626
0.001431
0.004748
0.006374
0.003317
0.000976
0.001431
0.003707
0.002276
0.004097
0.002016
0.002341
0.004943
0.002992
0.003447
0.003447
0.008910
0.000911
0.005203
0.002797
0.003577
0.002276
0.010991
0.002927
0.005073
0.002341
0.003252
0.001951
0.007479
0.001106
0.002862
0.001431
0.007804
0.001951
0.007804
0.004878
0.005138
0.000650
0.004292
0.001431
0.005463
0.003902
0.002471
0.002862
0.006634
0.003707
0.004813
0.002601
0.001756
0.000976
0.004488
0.004488
0.001886
0.002341
0.005983
0.001561
0.002146
0.003512
0.002471
0.002276
0.005528
0.006113
0.001756
0.001821
0.002732
0.002146
0.007089
0.002536
0.002732
0.001366
0.006243
0.002862
0.002797
0.002927
0.002992
0.002081
0.002927
