0.120903
0.001171
0.003317
0.002862
0.003642
0.002927
0.010471
0.006113
0.001821
0.001496
0.002862
0.004292
0.002471
0.002992
0.003382
0.012162
0.004032
0.002536
0.002081
0.005528
0.001886
0.002536
0.006699
0.005203
0.002211
0.002666
0.003577
0.004357
0.001691
0.002536
0.002146
0.008520
0.003317
0.002536
0.001691
0.003577
0.003642
0.001821
0.005333
0.003577
0.001756
0.003122
0.003837
0.002732
0.004488
0.003902
0.003187
0.001951
0.002016
0.001886
0.002536
0.002146
0.002732
0.004553
0.007934
0.003122
0.001951
0.002016
0.002992
0.002276
0.009886
0.004032
0.002666
0.002797
0.002276
0.002146
0.002016
0.004162
0.001691
0.008130
0.003187
0.006504
0.002081
0.003577
0.003382
0.003707
0.002276
0.004422
0.002536
0.007804
0.001821
0.003252
0.002081
0.004097
0.002992
0.011511
0.002146
0.006309
0.001041
0.002471
0.002471
0.004357
0.003057
0.004097
0.002732
0.009625
0.002797
0.003122
0.001431
0.001561
0.002666
0.008390
0.003317
0.004162
0.002146
0.003707
0.002732
0.001366
0.009495
0.005073
0.002992
0.003317
0.002992
0.002471
0.002211
0.004748
0.003317
0.008325
0.001886
0.002276
0.001691
0.004162
0.003512
0.002797
0.008065
0.004683
0.002081
0.002732
0.001496
0.001236
0.001886
0.005203
0.001561
0.002666
0.005203
0.004097
0.001301
0.002081
0.002797
0.003902
0.003317
0.002471
0.001691
0.006439
0.002016
0.003967
0.002276
0.006699
0.001821
0.002862
0.003902
0.003317
0.003512
0.003187
0.004618
0.003512
0.002341
0.002211
0.001301
0.005008
0.005723
0.003317
0.002211
0.002992
0.001951
0.002276
0.004162
0.004032
0.002666
0.003252
0.005268
0.003317
0.002927
0.001821
0.002146
0.003837
0.001951
0.002016
0.002601
0.002666
0.001951
0.004553
0.005073
0.002797
0.002406
0.002536
0.002276
0.002211
0.004618
0.001691
0.001561
0.003317
0.002797
0.002666
0.002406
0.005983
0.001366
0.003447
0.002862
0.003967
0.002666
0.008845
0.003382
0.004553
0.002211
0.002927
0.002211
0.004618
0.001756
0.003707
0.002276
0.002927
0.002211
0.006504
0.003967
0.003252
0.002081
0.004553
0.002341
0.005528
0.002992
0.002341
0.001366
0.006243
0.004162
0.004097
0.001756
0.001626
0.002016
0.005528
0.003642
0.002862
0.002992
0.004162
0.001626
0.002146
0.005073
0.002341
0.001301
0.003057
0.004813
0.003902
0.003902
0.003902
0.002016
0.004097
0.002536
0.002601
0.001626
0.006048
0.002927
0.005008
0.004618
0.002927
0.002211
0.004227
