0.139243
0.002601
0.002601
0.004292
0.002666
0.002601
0.008910
0.002797
0.001821
0.003317
0.003382
0.003252
0.002146
0.002666
0.002992
0.007934
0.003902
0.001756
0.003772
0.005853
0.001951
0.002471
0.006829
0.003512
0.001366
0.004683
0.004488
0.002992
0.001886
0.002862
0.003772
0.006374
0.003057
0.002276
0.002666
0.004878
0.002341
0.002927
0.007219
0.002601
0.002927
0.003772
0.006374
0.003967
0.003577
0.002146
0.004032
0.003057
0.002276
0.002406
0.003057
0.004097
0.002797
0.002406
0.010406
0.004357
0.002211
0.003122
0.002601
0.003057
0.007414
0.002016
0.004553
0.003707
0.003317
0.002862
0.002276
0.005853
0.001691
0.004683
0.002601
0.003902
0.001431
0.003642
0.005008
0.003447
0.002081
0.001951
0.002666
0.004292
0.002211
0.002666
0.002536
0.003642
0.002211
0.006309
0.004488
0.005268
0.001756
0.002992
0.003447
0.003252
0.003122
0.002081
0.003902
0.007934
0.002536
0.002471
0.002211
0.004097
0.001951
0.008130
0.003772
0.003902
0.002211
0.003577
0.003642
0.003187
0.006959
0.002276
0.002927
0.003057
0.003317
0.001561
0.002341
0.005008
0.001756
0.003577
0.002797
0.002797
0.001691
0.003837
0.004227
0.003122
0.003122
0.002406
0.002406
0.002471
0.002146
0.002341
0.002536
0.005138
0.002601
0.003707
0.006374
0.002601
0.001951
0.002732
0.003642
0.003447
0.003837
0.002536
0.003317
0.007219
0.001691
0.002406
0.002211
0.006634
0.001821
0.003902
0.005333
0.003707
0.002276
0.003122
0.004227
0.003122
0.002276
0.002992
0.002341
0.003447
0.005658
0.003902
0.002601
0.003577
0.002341
0.003122
0.004292
0.003122
0.001756
0.002732
0.007739
0.003317
0.002732
0.002016
0.002471
0.005788
0.001691
0.002211
0.003057
0.002081
0.002341
0.004097
0.008130
0.003642
0.001756
0.002146
0.003707
0.003252
0.002406
0.002536
0.002862
0.005073
0.002276
0.002081
0.003512
0.006178
0.002211
0.004162
0.003122
0.002862
0.002797
0.005788
0.003447
0.002666
0.002406
0.002536
0.002536
0.005073
0.001171
0.001496
0.002471
0.002862
0.001561
0.005788
0.004813
0.004032
0.002081
0.002601
0.001821
0.002211
0.002601
0.002471
0.003382
0.006178
0.004748
0.002341
0.002016
0.002471
0.002146
0.004878
0.004162
0.003382
0.002016
0.002341
0.002016
0.003512
0.005073
0.001496
0.002927
0.003772
0.004748
0.002341
0.002927
0.003187
0.002471
0.003187
0.004488
0.002927
0.002016
0.004357
0.002992
0.003382
0.002211
0.002081
0.002471
0.005073
