0.069979
0.001496
0.002341
0.004227
0.004422
0.002341
0.008130
0.004292
0.002471
0.002862
0.005398
0.003252
0.004422
0.002732
0.004162
0.004097
0.005788
0.001626
0.002341
0.004683
0.003512
0.001431
0.008455
0.004227
0.003057
0.002862
0.006959
0.002601
0.002992
0.001691
0.006894
0.005853
0.007024
0.001691
0.002797
0.003577
0.005203
0.001171
0.007219
0.002601
0.002927
0.004162
0.007544
0.002276
0.009886
0.001756
0.003967
0.002211
0.006243
0.001691
0.002471
0.001301
0.004618
0.003967
0.009430
0.003642
0.003382
0.001756
0.004292
0.001756
0.009625
0.002341
0.003382
0.004292
0.005463
0.002276
0.001496
0.004943
0.002992
0.004618
0.001951
0.003512
0.002211
0.006309
0.005918
0.001886
0.002536
0.002601
0.001171
0.003642
0.003577
0.001236
0.002146
0.003252
0.004553
0.005463
0.004032
0.003252
0.002341
0.002862
0.003967
0.002406
0.004618
0.002471
0.004422
0.004748
0.004032
0.001236
0.002081
0.002276
0.005008
0.006439
0.004032
0.003317
0.002341
0.003252
0.002927
0.001691
0.008520
0.002276
0.003967
0.002927
0.008455
0.001366
0.002471
0.003252
0.004488
0.004488
0.002601
0.002536
0.002992
0.003772
0.004162
0.002081
0.006959
0.003577
0.003577
0.001951
0.001691
0.001236
0.003317
0.005138
0.002536
0.003187
0.006243
0.002276
0.001951
0.001236
0.006634
0.005788
0.006569
0.001366
0.003317
0.004683
0.003772
0.001756
0.003317
0.006699
0.002471
0.002341
0.007089
0.003707
0.003382
0.001561
0.007154
0.002406
0.004357
0.001626
0.004292
0.005528
0.008585
0.002406
0.004488
0.004097
0.003967
0.001496
0.004748
0.002276
0.003772
0.002471
0.009170
0.003642
0.007999
0.001236
0.002406
0.002146
0.005788
0.001561
0.002797
0.002471
0.002927
0.005203
0.006309
0.002666
0.004227
0.001561
0.004162
0.002016
0.007154
0.002211
0.002471
0.004683
0.002471
0.001626
0.003577
0.005918
0.002016
0.002211
0.003057
0.002276
0.002601
0.009040
0.004683
0.003512
0.003252
0.002081
0.002211
0.003122
0.002276
0.002146
0.002927
0.003122
0.002146
0.004683
0.004943
0.002406
0.002666
0.003902
0.002211
0.001886
0.003967
0.001886
0.003122
0.004422
0.005398
0.002211
0.002211
0.002276
0.002406
0.004227
0.004292
0.001626
0.003707
0.004097
0.002016
0.002146
0.007219
0.002341
0.002732
0.003772
0.009625
0.002471
0.003187
0.002276
0.002406
0.003707
0.003252
0.001821
0.004618
0.005788
0.003122
0.001951
0.005723
0.002471
0.002276
0.002797
