0.064653
0.001736
0.002639
0.002639
0.002917
0.004097
0.006528
0.003819
0.001806
0.004444
0.002986
0.002500
0.003542
0.003819
0.003958
0.011042
0.005486
0.002361
0.002361
0.006250
0.002431
0.002431
0.004444
0.005208
0.002014
0.003264
0.002917
0.002500
0.002222
0.002639
0.002083
0.004653
0.005903
0.003194
0.000764
0.003194
0.001944
0.002500
0.003472
0.003403
0.003750
0.005764
0.004028
0.002014
0.004583
0.003264
0.004792
0.002708
0.003889
0.002569
0.001597
0.001458
0.002569
0.004792
0.009444
0.002153
0.003125
0.004861
0.001875
0.001111
0.009028
0.003750
0.001528
0.001458
0.003750
0.003125
0.001944
0.004722
0.002639
0.007222
0.000833
0.004792
0.002083
0.008264
0.005139
0.002500
0.003264
0.009375
0.002292
0.010694
0.002083
0.004236
0.001389
0.005833
0.003819
0.010833
0.002708
0.003056
0.001181
0.004444
0.000764
0.003403
0.002708
0.006111
0.001944
0.010000
0.003403
0.003264
0.001319
0.002222
0.003056
0.010278
0.001597
0.003681
0.003403
0.006181
0.001111
0.001944
0.012361
0.006528
0.005208
0.003472
0.006250
0.003056
0.001944
0.006250
0.003056
0.008333
0.001319
0.002500
0.002569
0.008611
0.002639
0.002500
0.005000
0.005903
0.001111
0.002361
0.000972
0.003056
0.003056
0.002153
0.001667
0.004583
0.003750
0.002639
0.001944
0.001597
0.002292
0.001736
0.005208
0.004167
0.003264
0.005903
0.002639
0.002986
0.002569
0.013125
0.002569
0.004583
0.003681
0.002778
0.002847
0.002014
0.005833
0.002153
0.003750
0.001875
0.001597
0.003333
0.008681
0.003403
0.001319
0.000764
0.002500
0.005556
0.002639
0.002014
0.003056
0.003819
0.007847
0.001806
0.003403
0.002569
0.003056
0.002292
0.003542
0.002917
0.001667
0.001319
0.004306
0.005417
0.005833
0.001736
0.002083
0.001806
0.001806
0.001319
0.004306
0.003125
0.002083
0.003264
0.002569
0.002778
0.002639
0.007222
0.002431
0.006528
0.001944
0.004653
0.002083
0.006528
0.001875
0.002014
0.002708
0.007083
0.001181
0.006875
0.002083
0.004792
0.001319
0.006806
0.002847
0.007361
0.004722
0.002569
0.001528
0.004861
0.000972
0.002986
0.004236
0.003333
0.000903
0.004722
0.006875
0.004097
0.000972
0.001389
0.003125
0.009653
0.003681
0.002292
0.003056
0.004028
0.001181
0.001458
0.005278
0.004583
0.001736
0.005556
0.009306
0.002847
0.002014
0.003750
0.003958
0.006667
0.001875
0.002153
0.003819
0.008958
0.001042
0.002292
0.003194
0.004444
0.001111
0.002431
