0.076806
0.001875
0.002778
0.002500
0.003125
0.003681
0.007917
0.004097
0.002500
0.003194
0.001806
0.003056
0.002014
0.002986
0.003681
0.009653
0.005069
0.003264
0.002222
0.004514
0.002986
0.002847
0.005347
0.003333
0.004514
0.003958
0.003056
0.002500
0.002569
0.002986
0.002639
0.006250
0.004653
0.003264
0.001736
0.004444
0.002778
0.002986
0.005000
0.002639
0.001875
0.005486
0.002361
0.003889
0.006597
0.004028
0.002083
0.003333
0.003194
0.002431
0.003889
0.003611
0.003889
0.002500
0.008333
0.003333
0.002917
0.003472
0.001944
0.002778
0.010833
0.002292
0.003472
0.002847
0.004444
0.002431
0.003056
0.004792
0.002361
0.007014
0.002639
0.002778
0.004583
0.003542
0.003472
0.002569
0.002847
0.003958
0.003611
0.007222
0.002917
0.002569
0.002708
0.003403
0.002014
0.009444
0.002014
0.004097
0.002778
0.004097
0.002153
0.003264
0.003472
0.003194
0.001597
0.009028
0.002847
0.002431
0.001736
0.003542
0.002986
0.009583
0.002292
0.003542
0.002778
0.002847
0.002222
0.002708
0.010833
0.003611
0.002083
0.003611
0.002917
0.001736
0.003819
0.003750
0.002639
0.005347
0.002222
0.002639
0.002569
0.004583
0.004722
0.004792
0.005694
0.002431
0.003125
0.003333
0.002153
0.002778
0.002222
0.004236
0.002917
0.004097
0.007222
0.002083
0.002014
0.001944
0.001667
0.002986
0.004931
0.002222
0.002778
0.007639
0.003750
0.004792
0.001389
0.005486
0.003333
0.003611
0.003681
0.001944
0.005208
0.003611
0.006667
0.001736
0.003819
0.002569
0.002014
0.004097
0.006458
0.004236
0.000972
0.003194
0.002917
0.004514
0.004722
0.004444
0.001806
0.002083
0.005903
0.005139
0.005833
0.002917
0.001250
0.005556
0.002292
0.003889
0.003472
0.002361
0.002500
0.004028
0.005694
0.002431
0.002778
0.001944
0.001597
0.003819
0.007014
0.001667
0.002222
0.003750
0.003819
0.001944
0.004375
0.008333
0.003681
0.005000
0.004653
0.002014
0.003472
0.004444
0.003889
0.002083
0.003819
0.003403
0.002500
0.003750
0.003264
0.002500
0.002014
0.002708
0.002639
0.005694
0.002569
0.002778
0.003056
0.002708
0.001875
0.003819
0.005000
0.003264
0.002361
0.007708
0.004653
0.002153
0.001944
0.001736
0.002569
0.006944
0.005139
0.003125
0.002153
0.001597
0.001597
0.003333
0.006597
0.003333
0.002431
0.002778
0.005139
0.002847
0.005000
0.003681
0.002292
0.004306
0.003889
0.003681
0.002569
0.005139
0.003472
0.004722
0.004444
0.002708
0.002986
0.006250
