0.070208
0.001042
0.004097
0.004653
0.002292
0.001944
0.013333
0.005139
0.000764
0.000417
0.003333
0.003333
0.001667
0.002778
0.005486
0.012222
0.002500
0.001528
0.002500
0.006944
0.001458
0.000903
0.007847
0.006806
0.001389
0.005139
0.003819
0.003264
0.001389
0.001042
0.007153
0.008611
0.005972
0.001319
0.001667
0.004236
0.003750
0.000903
0.012778
0.003194
0.001528
0.001667
0.005347
0.002292
0.004792
0.001181
0.007222
0.001806
0.002917
0.001042
0.003194
0.002708
0.004444
0.001111
0.013056
0.002083
0.002222
0.001250
0.003194
0.001806
0.013542
0.003403
0.004653
0.003194
0.006667
0.002222
0.000833
0.006111
0.001042
0.012500
0.002986
0.008472
0.001319
0.002847
0.003472
0.001875
0.000625
0.010833
0.002361
0.009444
0.001528
0.004722
0.000486
0.004097
0.001736
0.006528
0.002708
0.006042
0.001250
0.005417
0.001667
0.003889
0.003681
0.005139
0.002014
0.012014
0.004167
0.001389
0.001042
0.001944
0.003681
0.012847
0.002153
0.002778
0.003264
0.001250
0.001181
0.001458
0.007292
0.005972
0.002292
0.002014
0.003542
0.002431
0.000556
0.004028
0.007431
0.003542
0.001944
0.002500
0.002917
0.006736
0.003542
0.001736
0.019028
0.003333
0.002361
0.002222
0.001181
0.000625
0.003472
0.005486
0.001667
0.004236
0.008333
0.003264
0.000486
0.000417
0.003194
0.003472
0.002986
0.001319
0.001736
0.008750
0.001528
0.002083
0.003264
0.007917
0.000764
0.001458
0.006319
0.004792
0.001528
0.001250
0.005694
0.002917
0.001528
0.001389
0.003472
0.009167
0.011111
0.001389
0.003542
0.002569
0.002292
0.001181
0.007778
0.002708
0.001528
0.000556
0.008333
0.002014
0.004028
0.000903
0.003125
0.003403
0.001250
0.000556
0.001875
0.000903
0.002500
0.002222
0.006528
0.002153
0.002153
0.000278
0.002917
0.001111
0.007917
0.001389
0.001389
0.007153
0.007917
0.001597
0.001181
0.008333
0.001111
0.008125
0.002847
0.004167
0.001389
0.003125
0.001319
0.001458
0.001597
0.007153
0.001597
0.011181
0.001250
0.004306
0.000694
0.002292
0.001806
0.004444
0.004653
0.003125
0.000556
0.004792
0.001111
0.003333
0.006736
0.003056
0.001458
0.006597
0.008681
0.000694
0.001319
0.001111
0.002569
0.006736
0.004861
0.003194
0.003750
0.001528
0.000278
0.001042
0.006181
0.003542
0.001528
0.005764
0.003403
0.001528
0.000764
0.001111
0.003472
0.003056
0.002014
0.001806
0.003472
0.009028
0.000972
0.001181
0.013611
0.001875
0.001250
0.002361
