0.049167
0.001458
0.003264
0.005972
0.004861
0.002014
0.011250
0.002986
0.002778
0.001667
0.003542
0.002014
0.003958
0.001597
0.003542
0.007222
0.003472
0.001806
0.003333
0.004583
0.003819
0.001597
0.007361
0.004167
0.001944
0.004028
0.005625
0.001181
0.004375
0.001458
0.004583
0.008750
0.006042
0.001944
0.004375
0.009167
0.005694
0.000903
0.007431
0.002986
0.004375
0.004722
0.006806
0.003056
0.006181
0.001319
0.003750
0.002083
0.003333
0.001111
0.002431
0.002292
0.005347
0.002847
0.010972
0.003403
0.003542
0.001389
0.004306
0.001736
0.008958
0.002778
0.004514
0.005069
0.006042
0.002014
0.004583
0.006528
0.002153
0.003194
0.004028
0.002986
0.002639
0.003958
0.005625
0.002569
0.002083
0.002014
0.002639
0.004306
0.004236
0.002014
0.002569
0.003264
0.003889
0.006667
0.003819
0.004444
0.001875
0.001389
0.003403
0.001458
0.005208
0.002569
0.003611
0.010903
0.004097
0.002500
0.003264
0.003056
0.004028
0.008611
0.003403
0.002986
0.003403
0.001667
0.004167
0.001250
0.008472
0.002292
0.004167
0.002153
0.005139
0.002292
0.002153
0.003681
0.004028
0.005000
0.002778
0.002917
0.003264
0.003542
0.005278
0.000694
0.007361
0.002986
0.003403
0.002083
0.002083
0.001875
0.004375
0.005486
0.002500
0.004444
0.006736
0.001319
0.001944
0.001042
0.004861
0.003472
0.004931
0.001667
0.003750
0.005486
0.002014
0.001181
0.002083
0.006944
0.003264
0.001736
0.005764
0.004167
0.002847
0.001528
0.009097
0.002083
0.003889
0.000972
0.005764
0.007222
0.007708
0.002292
0.004653
0.004444
0.003750
0.002431
0.004444
0.001875
0.003611
0.001806
0.010139
0.003681
0.006181
0.002083
0.003681
0.004167
0.003542
0.000764
0.004444
0.001944
0.002431
0.004514
0.007292
0.001944
0.004653
0.000764
0.003681
0.002083
0.008958
0.002014
0.003611
0.008403
0.004375
0.001736
0.003264
0.008611
0.002083
0.003472
0.004931
0.001736
0.004444
0.007014
0.003125
0.003542
0.003750
0.002083
0.003819
0.003472
0.002083
0.001250
0.002778
0.002153
0.002569
0.004444
0.005208
0.002778
0.004375
0.001458
0.002083
0.001944
0.005556
0.002500
0.003403
0.005972
0.004028
0.002917
0.001597
0.001736
0.003056
0.003889
0.006597
0.001250
0.003819
0.001806
0.002014
0.001875
0.006111
0.002014
0.002847
0.005208
0.007083
0.001528
0.003056
0.001458
0.002639
0.002986
0.003681
0.001667
0.004167
0.007778
0.001806
0.001458
0.006875
0.001875
0.002569
0.003056
