0.077222
0.000972
0.004514
0.004167
0.001736
0.002708
0.013611
0.003958
0.001944
0.002569
0.005208
0.005000
0.001528
0.001667
0.004653
0.012639
0.003542
0.002431
0.002014
0.003750
0.002500
0.001458
0.008611
0.004861
0.002153
0.005556
0.006181
0.002986
0.003056
0.002708
0.004653
0.006875
0.002361
0.001528
0.002153
0.004792
0.002778
0.002292
0.006111
0.002639
0.001111
0.004792
0.004514
0.003264
0.003819
0.002361
0.002986
0.003889
0.002222
0.001042
0.003403
0.003056
0.003194
0.002569
0.013194
0.003125
0.001597
0.002778
0.004861
0.002361
0.010486
0.001736
0.003472
0.002917
0.003542
0.002569
0.003403
0.004653
0.001736
0.005764
0.002917
0.006181
0.001944
0.005069
0.005903
0.003958
0.000903
0.002917
0.003403
0.006458
0.000903
0.002917
0.002569
0.003403
0.001528
0.010069
0.003889
0.003681
0.001458
0.002708
0.004653
0.003403
0.001875
0.002292
0.004028
0.012847
0.001319
0.002917
0.002292
0.002361
0.002569
0.010694
0.003542
0.005556
0.002014
0.002431
0.003958
0.002639
0.008889
0.003472
0.002500
0.003958
0.002500
0.002222
0.002847
0.003958
0.002917
0.005000
0.003542
0.002778
0.001111
0.004583
0.008056
0.002361
0.003333
0.002083
0.002778
0.001875
0.001250
0.002639
0.004722
0.005000
0.001181
0.006181
0.007292
0.002708
0.000486
0.001944
0.002639
0.004583
0.004236
0.002014
0.004236
0.007569
0.002014
0.003611
0.002847
0.007917
0.001458
0.002917
0.005764
0.002986
0.002014
0.001944
0.008542
0.002708
0.003472
0.001458
0.003750
0.005694
0.004583
0.002639
0.002431
0.002778
0.001667
0.003125
0.007431
0.004097
0.001181
0.001667
0.006181
0.003264
0.003403
0.002083
0.003403
0.004861
0.000972
0.001597
0.002778
0.002917
0.002917
0.005556
0.006458
0.002986
0.001528
0.003264
0.002778
0.002083
0.003889
0.000972
0.004375
0.005556
0.000903
0.002222
0.003472
0.006875
0.000903
0.005625
0.004375
0.003333
0.002292
0.008333
0.004028
0.003889
0.002431
0.001806
0.003403
0.006319
0.001111
0.002569
0.002361
0.003194
0.001111
0.005903
0.007222
0.003403
0.000972
0.003125
0.002639
0.002778
0.004444
0.001806
0.003125
0.007222
0.001944
0.002708
0.002708
0.002292
0.002222
0.005417
0.006528
0.002917
0.002500
0.000972
0.003681
0.002778
0.004514
0.001458
0.002986
0.006667
0.004792
0.002083
0.003542
0.001875
0.002083
0.003611
0.004792
0.002500
0.000972
0.008542
0.003403
0.003264
0.004306
0.001736
0.003333
0.003056
