0.028889
0.001042
0.005347
0.003194
0.003264
0.001458
0.012292
0.002778
0.001528
0.002014
0.006875
0.002014
0.003056
0.002083
0.004583
0.008819
0.004306
0.000833
0.001111
0.005417
0.004028
0.000903
0.011944
0.005000
0.001389
0.003472
0.006389
0.001458
0.002778
0.001042
0.008472
0.008681
0.007917
0.001389
0.003889
0.004167
0.006181
0.001667
0.012153
0.001944
0.004583
0.004583
0.007014
0.002500
0.007014
0.001319
0.007222
0.001806
0.007083
0.000347
0.003056
0.001875
0.008056
0.001667
0.013958
0.002708
0.003611
0.001806
0.006667
0.000625
0.015208
0.002083
0.005833
0.003264
0.005208
0.000972
0.002500
0.005972
0.003472
0.004236
0.002778
0.005417
0.002361
0.006181
0.005347
0.003125
0.002361
0.002431
0.002500
0.006250
0.003611
0.000972
0.001250
0.002500
0.004514
0.008611
0.006458
0.004167
0.001319
0.002708
0.002639
0.001667
0.003681
0.001042
0.004861
0.009306
0.005139
0.001250
0.001319
0.001250
0.005694
0.008194
0.003472
0.002083
0.004306
0.002569
0.002847
0.001319
0.009514
0.001389
0.001944
0.001181
0.008819
0.000972
0.001389
0.003750
0.008194
0.004931
0.003750
0.001458
0.002292
0.004792
0.005417
0.001111
0.009514
0.003056
0.003611
0.001875
0.001389
0.000764
0.004514
0.005139
0.002361
0.003681
0.007222
0.003542
0.001736
0.000764
0.008403
0.001667
0.004653
0.001319
0.002639
0.005486
0.002222
0.000694
0.001597
0.007292
0.002014
0.001389
0.008403
0.004028
0.002292
0.000903
0.009583
0.001458
0.004236
0.000764
0.006528
0.004236
0.009444
0.001181
0.005208
0.001944
0.004931
0.001597
0.010486
0.000625
0.003333
0.000764
0.012153
0.001458
0.007292
0.001667
0.003681
0.001944
0.005278
0.000833
0.002708
0.000417
0.005556
0.004792
0.007014
0.003194
0.004931
0.000694
0.002708
0.000903
0.009028
0.001111
0.004653
0.005556
0.003194
0.001458
0.002847
0.009375
0.002500
0.003056
0.003472
0.002847
0.002639
0.007569
0.004653
0.005556
0.002986
0.001250
0.002222
0.005764
0.001806
0.000833
0.000972
0.002639
0.003264
0.003125
0.006944
0.003125
0.002639
0.002847
0.002083
0.001528
0.007083
0.001458
0.002708
0.005139
0.004028
0.001528
0.001944
0.000764
0.003889
0.002361
0.005764
0.000833
0.004236
0.002222
0.002014
0.001597
0.007153
0.001042
0.002222
0.004722
0.007153
0.001528
0.001667
0.000694
0.005764
0.003542
0.003542
0.001528
0.005208
0.007778
0.002153
0.001111
0.008750
0.001944
0.001736
0.001528
