0.049306
0.001319
0.004931
0.003611
0.002847
0.001875
0.008194
0.002778
0.003125
0.001944
0.005417
0.004028
0.003889
0.001875
0.005139
0.008542
0.004097
0.002014
0.003819
0.005208
0.003403
0.002222
0.007222
0.006458
0.001875
0.004097
0.005278
0.002569
0.003958
0.002292
0.005486
0.006111
0.005486
0.001806
0.005000
0.007083
0.003681
0.001458
0.004306
0.002500
0.003125
0.003819
0.006597
0.004444
0.003194
0.002153
0.003611
0.002986
0.004236
0.001875
0.003264
0.004167
0.004861
0.002708
0.009097
0.005069
0.002500
0.002014
0.003542
0.002014
0.009444
0.002222
0.003264
0.004028
0.005903
0.001875
0.004306
0.005556
0.002986
0.002153
0.003542
0.003264
0.001597
0.002569
0.005972
0.003958
0.002778
0.001250
0.003681
0.004722
0.002361
0.001875
0.002014
0.004444
0.004653
0.005486
0.005208
0.005556
0.002361
0.002014
0.003333
0.002847
0.005556
0.002778
0.006319
0.007917
0.004375
0.002569
0.002917
0.002222
0.003194
0.006111
0.002986
0.002986
0.003194
0.000972
0.002847
0.003056
0.006944
0.001875
0.002708
0.004097
0.004097
0.001667
0.002083
0.005486
0.005764
0.002639
0.004028
0.004236
0.002986
0.003403
0.005694
0.002153
0.008611
0.002292
0.002500
0.003056
0.001944
0.001181
0.004097
0.005486
0.002222
0.004097
0.005694
0.003333
0.002917
0.001319
0.004236
0.003750
0.004722
0.000903
0.004306
0.005208
0.002431
0.001667
0.002917
0.008611
0.002083
0.002361
0.005556
0.005000
0.001389
0.001389
0.009444
0.002847
0.003750
0.001736
0.003889
0.006458
0.010208
0.001458
0.004792
0.003542
0.003194
0.001250
0.004861
0.003611
0.003542
0.001667
0.010694
0.003194
0.005278
0.001597
0.003403
0.004028
0.003681
0.000972
0.002708
0.002292
0.003403
0.004028
0.006806
0.004861
0.002014
0.001597
0.002847
0.003194
0.006250
0.002431
0.002986
0.007361
0.004236
0.001528
0.003958
0.009653
0.002639
0.002222
0.002639
0.003403
0.002292
0.005556
0.004514
0.004514
0.003333
0.001528
0.002917
0.005208
0.002014
0.001389
0.002778
0.002917
0.001806
0.003750
0.007569
0.005278
0.002292
0.001597
0.002569
0.003125
0.005903
0.001528
0.004722
0.005694
0.006597
0.001250
0.002431
0.002708
0.003125
0.002292
0.005278
0.004514
0.002847
0.000903
0.003264
0.003333
0.004583
0.001597
0.002917
0.007014
0.005625
0.000833
0.003125
0.001875
0.003056
0.002569
0.003611
0.002778
0.003264
0.004931
0.003056
0.002361
0.007847
0.002153
0.003889
0.003542
