0.054792
0.001806
0.004028
0.003264
0.002778
0.001806
0.012917
0.002639
0.003958
0.004097
0.005139
0.003056
0.002708
0.002014
0.005000
0.011667
0.004097
0.001806
0.002639
0.004653
0.003333
0.001597
0.007917
0.002778
0.002986
0.002292
0.005764
0.002639
0.003125
0.001389
0.005139
0.005556
0.005694
0.001875
0.003889
0.002917
0.003542
0.002292
0.008819
0.002500
0.003194
0.002917
0.007083
0.002986
0.005556
0.003333
0.005069
0.001806
0.002778
0.002778
0.004097
0.003056
0.003819
0.003056
0.010833
0.002153
0.003125
0.003958
0.004097
0.002500
0.008403
0.002569
0.005139
0.001875
0.003264
0.001181
0.003403
0.004444
0.002986
0.003819
0.004653
0.002847
0.003611
0.004236
0.005972
0.001944
0.002431
0.001250
0.004444
0.006319
0.004861
0.002431
0.003750
0.002847
0.004167
0.006181
0.004097
0.002292
0.002431
0.002153
0.004931
0.002361
0.003472
0.000694
0.004722
0.007639
0.002500
0.001736
0.003889
0.002500
0.005972
0.007500
0.003542
0.003194
0.002639
0.002847
0.003611
0.002917
0.008403
0.002639
0.002569
0.002639
0.006597
0.002569
0.003125
0.002917
0.003958
0.003958
0.004792
0.001250
0.002639
0.005903
0.005972
0.002222
0.005139
0.001944
0.004653
0.001528
0.002708
0.001875
0.003958
0.003125
0.004236
0.002778
0.007361
0.003542
0.002708
0.001736
0.004722
0.001944
0.003681
0.002222
0.003333
0.006597
0.003472
0.002292
0.002361
0.008264
0.003750
0.003472
0.005764
0.002431
0.003819
0.001250
0.009375
0.001736
0.004167
0.002708
0.004653
0.003333
0.007222
0.003056
0.003472
0.001875
0.004306
0.004514
0.006597
0.003125
0.003889
0.002222
0.009722
0.002361
0.005208
0.002708
0.003611
0.001944
0.003889
0.002431
0.003056
0.001875
0.003472
0.002361
0.009028
0.002708
0.002569
0.002014
0.003333
0.003333
0.007292
0.002222
0.004306
0.003472
0.002361
0.000833
0.003681
0.006389
0.003542
0.002778
0.004375
0.002153
0.002917
0.007500
0.005139
0.001597
0.003403
0.000972
0.003056
0.004097
0.002708
0.001597
0.002847
0.001736
0.003264
0.004375
0.006458
0.002639
0.002222
0.002083
0.003681
0.002083
0.003472
0.001111
0.004167
0.006250
0.003889
0.001736
0.002847
0.001458
0.004583
0.006181
0.006389
0.002292
0.002500
0.002222
0.003542
0.001389
0.006597
0.001806
0.003611
0.003333
0.007639
0.002708
0.002222
0.001806
0.002986
0.002361
0.005833
0.002639
0.002361
0.006875
0.002639
0.001944
0.003889
0.001319
0.005486
0.003681
