0.045833
0.000417
0.004583
0.005208
0.003542
0.001250
0.013264
0.004028
0.002083
0.001181
0.006597
0.001944
0.001875
0.001597
0.003750
0.009236
0.002431
0.000833
0.002500
0.004236
0.002847
0.000903
0.009236
0.005417
0.001667
0.003472
0.008958
0.001042
0.002014
0.001389
0.007569
0.010972
0.008889
0.000694
0.004583
0.005000
0.007847
0.000764
0.010833
0.002361
0.002292
0.004444
0.011250
0.001181
0.009028
0.000833
0.003750
0.002083
0.004167
0.000417
0.002778
0.001319
0.005278
0.002361
0.012431
0.003611
0.002708
0.000903
0.006528
0.001319
0.016111
0.001597
0.007083
0.003125
0.004792
0.000833
0.002222
0.006458
0.001944
0.006667
0.002361
0.005903
0.001319
0.005903
0.007292
0.001875
0.001597
0.002986
0.002153
0.007153
0.002708
0.002292
0.001181
0.004167
0.003889
0.011250
0.003750
0.003542
0.002083
0.003125
0.002778
0.001597
0.002986
0.001319
0.003611
0.013681
0.004514
0.001319
0.001667
0.001111
0.004722
0.009167
0.002569
0.001458
0.002708
0.003333
0.003125
0.000556
0.009444
0.001875
0.001875
0.002083
0.007083
0.001181
0.001667
0.003750
0.008472
0.006875
0.002569
0.001111
0.002292
0.004653
0.003681
0.001042
0.011389
0.002917
0.002222
0.001597
0.000972
0.000556
0.004514
0.004792
0.002014
0.003819
0.009792
0.001806
0.001806
0.000556
0.005903
0.002083
0.002917
0.001319
0.002917
0.005069
0.000694
0.000833
0.002708
0.006806
0.001667
0.001667
0.010903
0.003125
0.001319
0.000486
0.008194
0.001736
0.003819
0.000556
0.004375
0.008056
0.008472
0.001111
0.002847
0.001389
0.003750
0.001181
0.009167
0.001111
0.002292
0.000625
0.013403
0.001597
0.008681
0.001181
0.004097
0.001458
0.003889
0.000556
0.003681
0.001181
0.003889
0.005139
0.012083
0.001250
0.002847
0.000347
0.004653
0.000764
0.007986
0.000486
0.003125
0.006597
0.001528
0.002083
0.003681
0.008750
0.001042
0.004861
0.003472
0.002500
0.003125
0.009931
0.002847
0.002431
0.003125
0.003125
0.003125
0.005972
0.001181
0.001597
0.001667
0.002639
0.001250
0.004792
0.007292
0.002500
0.001389
0.002569
0.001597
0.002639
0.006458
0.001944
0.002639
0.006528
0.003750
0.001528
0.001458
0.000972
0.002847
0.004236
0.004514
0.000833
0.004583
0.002500
0.001597
0.000625
0.008472
0.001736
0.002083
0.004167
0.007292
0.001736
0.002153
0.000903
0.002778
0.005833
0.003819
0.001042
0.002431
0.008681
0.001181
0.001319
0.010000
0.001597
0.002639
0.002917
