0.091806
0.001667
0.006181
0.003958
0.001875
0.003125
0.009583
0.004097
0.001181
0.002500
0.006597
0.003472
0.002222
0.001667
0.007153
0.007361
0.002708
0.001806
0.004167
0.004792
0.002361
0.003333
0.007292
0.009861
0.001944
0.004722
0.006528
0.002014
0.001597
0.002083
0.007431
0.004653
0.003889
0.002847
0.003611
0.004514
0.003264
0.001528
0.007708
0.001389
0.001597
0.006806
0.006319
0.002431
0.005208
0.002639
0.005556
0.002153
0.003056
0.002014
0.002569
0.001597
0.004167
0.003889
0.013125
0.002847
0.002222
0.001667
0.003750
0.000903
0.010000
0.002639
0.005833
0.001667
0.005139
0.002708
0.003472
0.003819
0.002500
0.008611
0.002222
0.002778
0.001250
0.006597
0.006111
0.002083
0.001944
0.006597
0.003194
0.003611
0.000486
0.003611
0.002083
0.002917
0.002708
0.012361
0.002639
0.002569
0.001667
0.003542
0.001806
0.001181
0.001736
0.003472
0.003611
0.007083
0.003750
0.002083
0.002569
0.001319
0.002639
0.012639
0.002500
0.002569
0.002500
0.006111
0.001806
0.000694
0.007778
0.004444
0.002014
0.001319
0.002986
0.001806
0.002083
0.002708
0.003750
0.008750
0.001944
0.002292
0.002639
0.004792
0.004653
0.001319
0.007222
0.003611
0.001875
0.000903
0.001111
0.001389
0.008681
0.006736
0.001806
0.005833
0.007847
0.003056
0.000903
0.001458
0.006389
0.003333
0.002778
0.002292
0.005972
0.004583
0.000764
0.001944
0.003889
0.005069
0.001944
0.003056
0.006806
0.007083
0.001389
0.002569
0.007639
0.002431
0.002778
0.002153
0.006806
0.005000
0.006111
0.001806
0.004167
0.002569
0.001597
0.002361
0.005625
0.002014
0.000903
0.003056
0.012986
0.002153
0.005903
0.001528
0.005208
0.001736
0.000903
0.001597
0.002014
0.000625
0.002361
0.007639
0.006528
0.001875
0.001389
0.001250
0.002708
0.000833
0.005764
0.002917
0.003958
0.004028
0.001806
0.002847
0.003056
0.005278
0.001667
0.007292
0.003125
0.002361
0.002014
0.010972
0.002917
0.002222
0.001944
0.003681
0.002778
0.001944
0.000903
0.003194
0.002222
0.001667
0.001597
0.007014
0.006806
0.002014
0.001111
0.003333
0.001319
0.001111
0.005278
0.002153
0.002222
0.004306
0.004236
0.001528
0.003056
0.000833
0.001667
0.006458
0.004236
0.002083
0.001736
0.003472
0.001736
0.001042
0.004722
0.002847
0.001667
0.003264
0.004167
0.002222
0.001528
0.001181
0.002153
0.009722
0.001042
0.002083
0.002639
0.008194
0.001389
0.001250
0.005764
0.002361
0.002639
0.002014
