0.062361
0.002431
0.003681
0.002500
0.002986
0.000972
0.014097
0.003958
0.002500
0.002083
0.005208
0.004028
0.002986
0.002431
0.002083
0.012847
0.005556
0.001944
0.001319
0.005069
0.002847
0.002361
0.009653
0.005069
0.002569
0.005208
0.004722
0.002986
0.001667
0.002569
0.003958
0.008125
0.005347
0.002986
0.002500
0.003194
0.005764
0.001944
0.008542
0.002639
0.003125
0.005625
0.004861
0.002292
0.007292
0.002153
0.005069
0.001111
0.004028
0.001250
0.001528
0.000972
0.004722
0.002431
0.010694
0.003056
0.002361
0.001806
0.002986
0.001597
0.010903
0.003056
0.005903
0.002986
0.004861
0.003681
0.002014
0.002917
0.002361
0.004236
0.002083
0.004514
0.002500
0.005069
0.004028
0.003472
0.002222
0.002847
0.001944
0.007778
0.002569
0.002778
0.000833
0.002431
0.004722
0.010833
0.003403
0.006111
0.001597
0.005417
0.001597
0.002639
0.004236
0.004375
0.003403
0.008472
0.005486
0.003125
0.001944
0.001806
0.002708
0.010000
0.001944
0.002847
0.003056
0.003333
0.002222
0.001736
0.011042
0.003750
0.002292
0.002153
0.005556
0.003194
0.002014
0.004792
0.005139
0.005764
0.001944
0.001875
0.002639
0.006528
0.004861
0.001736
0.008125
0.004097
0.002778
0.001944
0.001667
0.002361
0.003958
0.004653
0.002431
0.005625
0.009028
0.003125
0.002292
0.001319
0.005000
0.003750
0.004861
0.002361
0.002222
0.006875
0.002778
0.003194
0.001458
0.008264
0.003472
0.003056
0.004653
0.004028
0.002847
0.002708
0.007431
0.002153
0.003194
0.001528
0.003403
0.005486
0.008333
0.004306
0.002986
0.002153
0.003194
0.002153
0.005069
0.001806
0.002847
0.002986
0.006875
0.002083
0.005069
0.001944
0.003750
0.001597
0.003681
0.001250
0.003056
0.001319
0.003472
0.004861
0.007778
0.001389
0.002083
0.001319
0.002917
0.001181
0.007361
0.002222
0.002014
0.003681
0.002986
0.002361
0.002639
0.005347
0.002361
0.005556
0.003125
0.003264
0.002917
0.010208
0.001528
0.002500
0.002986
0.002639
0.002431
0.005833
0.001250
0.002361
0.001111
0.001528
0.003333
0.006667
0.003264
0.002778
0.001389
0.002500
0.001042
0.003056
0.005069
0.002500
0.002847
0.005278
0.006875
0.004653
0.001597
0.000833
0.003403
0.006042
0.005972
0.001944
0.002917
0.002153
0.001319
0.001250
0.005972
0.002431
0.001250
0.006111
0.005972
0.002639
0.001875
0.001875
0.004931
0.004444
0.004236
0.001597
0.001667
0.005486
0.002569
0.002292
0.003681
0.003611
0.002083
0.001875
