0.030625
0.002292
0.004236
0.005764
0.000833
0.003125
0.010764
0.003889
0.001944
0.003264
0.005694
0.004375
0.001736
0.002431
0.004167
0.006667
0.002847
0.003472
0.002014
0.003681
0.001875
0.003611
0.006736
0.005833
0.001736
0.005139
0.004375
0.002847
0.001875
0.002500
0.004306
0.008681
0.003056
0.002153
0.004028
0.006875
0.002292
0.003056
0.004792
0.004861
0.002014
0.004167
0.007083
0.003611
0.004167
0.003264
0.003264
0.003264
0.001250
0.003125
0.002569
0.004375
0.001458
0.004444
0.009444
0.006319
0.000833
0.003958
0.004167
0.002014
0.004792
0.004306
0.004097
0.005000
0.002778
0.003819
0.004861
0.008403
0.001736
0.006528
0.002500
0.004583
0.002361
0.006250
0.005278
0.004583
0.001181
0.004306
0.002847
0.006736
0.002500
0.003403
0.002361
0.002292
0.001806
0.010833
0.004722
0.004861
0.001458
0.004097
0.003472
0.002639
0.003264
0.005000
0.005417
0.011736
0.001806
0.004028
0.002847
0.004167
0.001667
0.008056
0.003264
0.002639
0.002361
0.004583
0.002986
0.002222
0.007014
0.004028
0.002778
0.001875
0.002917
0.002083
0.002292
0.003403
0.002500
0.008333
0.002014
0.002847
0.001458
0.006806
0.004236
0.002778
0.004306
0.002917
0.004375
0.003056
0.001597
0.001944
0.003681
0.004861
0.000972
0.004375
0.005278
0.003264
0.001319
0.003958
0.004444
0.004861
0.002986
0.002778
0.003472
0.005764
0.002292
0.003333
0.002569
0.006042
0.002014
0.004514
0.005486
0.004444
0.001667
0.003194
0.009931
0.003611
0.002083
0.002361
0.003611
0.006319
0.003750
0.002778
0.003611
0.005069
0.002014
0.003750
0.004583
0.003264
0.001528
0.002569
0.010486
0.004514
0.003819
0.003125
0.003333
0.003889
0.001667
0.002292
0.003403
0.002361
0.002500
0.003611
0.007153
0.004792
0.001250
0.002292
0.004653
0.003681
0.003056
0.003819
0.003611
0.007431
0.002986
0.003125
0.004236
0.008333
0.001944
0.005556
0.003542
0.004375
0.002222
0.010694
0.004167
0.004375
0.002083
0.004514
0.003542
0.004236
0.000972
0.002847
0.002153
0.002639
0.002361
0.006667
0.006181
0.003542
0.000972
0.002639
0.002083
0.003750
0.003750
0.002708
0.003750
0.008264
0.002639
0.003750
0.002014
0.003681
0.001458
0.007361
0.005833
0.002014
0.001806
0.005208
0.002431
0.002847
0.002639
0.003125
0.002153
0.003125
0.004722
0.002083
0.002500
0.003264
0.002153
0.004861
0.003611
0.002292
0.000694
0.008611
0.001806
0.003542
0.003611
0.004167
0.002986
0.004444
