0.057014
0.001250
0.002778
0.002569
0.003750
0.001806
0.012153
0.003264
0.001042
0.000833
0.004722
0.004097
0.004444
0.001806
0.006667
0.010556
0.005903
0.002292
0.004514
0.004028
0.002639
0.000972
0.008611
0.002708
0.003056
0.007222
0.005903
0.003611
0.002500
0.002083
0.006389
0.005417
0.004931
0.001944
0.002569
0.004236
0.005972
0.001736
0.008819
0.003611
0.002014
0.001597
0.007569
0.003194
0.009792
0.000903
0.007847
0.003750
0.004653
0.001458
0.004514
0.001875
0.004306
0.000833
0.012986
0.002431
0.002986
0.000972
0.004097
0.002431
0.011250
0.001458
0.005833
0.002917
0.003472
0.001042
0.003542
0.002847
0.002014
0.005903
0.003403
0.005972
0.001389
0.001736
0.007222
0.002917
0.001736
0.002153
0.003194
0.006667
0.002639
0.002292
0.003542
0.002292
0.003472
0.005694
0.003056
0.002153
0.002569
0.002222
0.003403
0.002708
0.002778
0.002500
0.005486
0.006458
0.004167
0.001597
0.002083
0.002500
0.003542
0.011597
0.003264
0.003750
0.001806
0.000625
0.003264
0.001667
0.011389
0.001528
0.004444
0.003958
0.005000
0.002222
0.004097
0.003958
0.004306
0.002361
0.002639
0.001806
0.003819
0.005000
0.005278
0.002153
0.008056
0.003750
0.003542
0.002222
0.001528
0.001458
0.003681
0.003889
0.001944
0.008125
0.008264
0.003611
0.000903
0.000903
0.003194
0.002431
0.006181
0.001667
0.003819
0.006389
0.001806
0.002292
0.004514
0.006944
0.001875
0.001458
0.006736
0.003403
0.003819
0.002292
0.008333
0.002847
0.003194
0.000833
0.003958
0.004861
0.008194
0.002014
0.003264
0.002083
0.003194
0.002083
0.007639
0.003333
0.001944
0.001042
0.010139
0.002708
0.007292
0.000556
0.004722
0.003403
0.002708
0.000764
0.004028
0.002569
0.002361
0.002778
0.008403
0.002431
0.002847
0.000417
0.003611
0.001875
0.006736
0.001042
0.002986
0.004861
0.001458
0.002153
0.003611
0.006181
0.001875
0.005764
0.004028
0.003125
0.001319
0.005347
0.002778
0.001875
0.003056
0.000972
0.003472
0.005208
0.001528
0.001250
0.003750
0.001250
0.002083
0.003472
0.008403
0.003264
0.001528
0.001667
0.002431
0.001806
0.005347
0.001319
0.004028
0.003611
0.002917
0.002778
0.002222
0.001875
0.002708
0.006181
0.006181
0.002847
0.001736
0.001319
0.002708
0.001667
0.007083
0.001319
0.003681
0.006042
0.009236
0.001181
0.004236
0.003125
0.003403
0.002292
0.004236
0.002014
0.003750
0.009653
0.004722
0.003194
0.006597
0.001181
0.003125
0.002708
