0.076111
0.001597
0.002708
0.004028
0.003125
0.002361
0.006736
0.004861
0.001042
0.002153
0.004583
0.002500
0.002014
0.003333
0.003403
0.008889
0.009167
0.003819
0.003056
0.006042
0.002153
0.001597
0.007778
0.004931
0.001875
0.004167
0.003611
0.003750
0.002639
0.003056
0.004583
0.008333
0.004097
0.001181
0.003542
0.006111
0.004097
0.002500
0.006458
0.002153
0.002083
0.003750
0.005486
0.001528
0.006597
0.003264
0.002569
0.002361
0.003889
0.002569
0.003056
0.002986
0.004444
0.002014
0.011250
0.002292
0.003819
0.002014
0.002153
0.002014
0.009167
0.002153
0.003264
0.002292
0.004444
0.001944
0.001806
0.004375
0.003958
0.004583
0.002083
0.004861
0.002014
0.003194
0.005972
0.003194
0.002708
0.003472
0.003194
0.006111
0.004167
0.003819
0.002361
0.004514
0.002361
0.007083
0.001944
0.004028
0.001319
0.002917
0.002153
0.003403
0.002708
0.004028
0.002083
0.007986
0.002778
0.002014
0.001319
0.003333
0.005486
0.007708
0.003056
0.004375
0.003264
0.001458
0.001806
0.001806
0.010278
0.003681
0.002292
0.004097
0.005694
0.003681
0.002500
0.005972
0.003681
0.007500
0.002431
0.002708
0.001806
0.003681
0.003264
0.004167
0.007153
0.003194
0.002222
0.002847
0.002292
0.001736
0.002292
0.003819
0.002986
0.003819
0.005139
0.005000
0.002917
0.001667
0.002014
0.002639
0.008333
0.002917
0.002917
0.007917
0.005208
0.002569
0.003056
0.007639
0.002083
0.003264
0.005417
0.002778
0.004097
0.002014
0.003889
0.004375
0.003333
0.002500
0.003542
0.005694
0.004444
0.002153
0.001736
0.002500
0.002014
0.004097
0.004236
0.002361
0.001667
0.004097
0.009931
0.002569
0.005833
0.002222
0.003333
0.004236
0.001528
0.002014
0.001944
0.002431
0.002361
0.004583
0.005833
0.002292
0.002986
0.001597
0.001736
0.002500
0.007153
0.001528
0.002778
0.005000
0.003750
0.001944
0.002708
0.007569
0.002569
0.003889
0.003056
0.002986
0.002986
0.004931
0.002639
0.002153
0.003681
0.003611
0.002014
0.007014
0.001806
0.001667
0.001806
0.004583
0.001667
0.005417
0.007014
0.002500
0.002847
0.001944
0.002153
0.003472
0.004444
0.001806
0.002361
0.005278
0.004097
0.001736
0.001528
0.001875
0.002153
0.004861
0.003472
0.004028
0.002431
0.002153
0.001458
0.002014
0.008403
0.004306
0.002917
0.007431
0.008125
0.001944
0.003333
0.004444
0.001736
0.005278
0.002500
0.001736
0.001736
0.005208
0.002569
0.003819
0.007014
0.002847
0.002153
0.003681
