0.058056
0.001597
0.002917
0.002778
0.002500
0.001528
0.006389
0.006042
0.002014
0.001250
0.004097
0.002708
0.003819
0.002361
0.003125
0.010486
0.005069
0.001875
0.001944
0.004792
0.002917
0.002153
0.008125
0.005000
0.002639
0.003194
0.002083
0.002639
0.003750
0.002569
0.002986
0.007569
0.005347
0.003472
0.003125
0.004375
0.004861
0.002361
0.007083
0.003125
0.003333
0.006181
0.003819
0.002014
0.011042
0.001944
0.003542
0.001597
0.006111
0.001319
0.002778
0.002569
0.006389
0.001389
0.012431
0.002708
0.002847
0.001250
0.003333
0.001944
0.013542
0.003611
0.004028
0.002986
0.004861
0.002153
0.002431
0.003125
0.003056
0.005764
0.002500
0.003264
0.003472
0.004097
0.005833
0.002431
0.002639
0.002847
0.002222
0.006458
0.003333
0.003750
0.002014
0.003750
0.002986
0.012500
0.003472
0.003194
0.001736
0.001042
0.002986
0.002986
0.002292
0.004236
0.002153
0.010694
0.004028
0.002500
0.002153
0.002847
0.005000
0.010000
0.002778
0.002639
0.003958
0.002847
0.001597
0.002014
0.012014
0.004444
0.002778
0.002500
0.004444
0.001875
0.002431
0.005903
0.004722
0.004722
0.004028
0.002778
0.002639
0.001528
0.003681
0.002361
0.006944
0.002847
0.003472
0.002639
0.002361
0.001250
0.002708
0.003819
0.002083
0.003750
0.004167
0.003194
0.002639
0.001389
0.001806
0.001944
0.006389
0.001944
0.002778
0.008125
0.004514
0.001597
0.001736
0.005556
0.002153
0.002569
0.005694
0.004444
0.002986
0.001944
0.003472
0.002361
0.003333
0.003194
0.002986
0.005347
0.006597
0.004097
0.002361
0.001736
0.004306
0.002569
0.003333
0.002431
0.004028
0.002917
0.008403
0.003333
0.009375
0.001806
0.002083
0.004167
0.005833
0.001667
0.004653
0.002083
0.004792
0.006111
0.006597
0.002153
0.002292
0.001111
0.003264
0.002917
0.008889
0.001458
0.003750
0.004514
0.003403
0.002014
0.002847
0.004167
0.001458
0.003333
0.003056
0.002153
0.003681
0.008403
0.004097
0.002847
0.004097
0.001875
0.003056
0.006181
0.003403
0.004167
0.002361
0.002778
0.002569
0.006250
0.006597
0.002431
0.002986
0.001319
0.002222
0.002708
0.006597
0.001597
0.001875
0.005833
0.003958
0.001736
0.002431
0.001944
0.003194
0.006528
0.002986
0.001389
0.003681
0.000833
0.002014
0.002639
0.009792
0.003125
0.002431
0.005903
0.006042
0.001944
0.003819
0.002292
0.003194
0.003542
0.003819
0.002361
0.002014
0.002917
0.003403
0.003958
0.007014
0.001736
0.002569
0.003750
