0.074861
0.001806
0.002778
0.003750
0.002292
0.002708
0.012431
0.004375
0.001944
0.002639
0.004792
0.003958
0.002083
0.003125
0.004028
0.008958
0.004167
0.002361
0.002847
0.003889
0.001944
0.002500
0.006875
0.003125
0.003125
0.006458
0.004861
0.002986
0.002569
0.002569
0.003611
0.007361
0.002083
0.001875
0.002917
0.005417
0.002986
0.001944
0.008264
0.003056
0.001944
0.003125
0.005278
0.003889
0.003889
0.001667
0.004097
0.002917
0.001181
0.001181
0.003542
0.003333
0.002431
0.001806
0.012361
0.002431
0.001667
0.002569
0.004306
0.003194
0.009375
0.002431
0.004444
0.002917
0.003333
0.002222
0.002917
0.004375
0.002708
0.007569
0.004792
0.004514
0.001944
0.002500
0.007083
0.003819
0.001944
0.003403
0.003819
0.006250
0.001458
0.002153
0.003056
0.003125
0.002431
0.008681
0.003819
0.004028
0.002014
0.004028
0.003472
0.002986
0.001319
0.002917
0.003472
0.011806
0.001736
0.003125
0.001944
0.002847
0.002569
0.014028
0.004444
0.004236
0.002014
0.001944
0.003819
0.001806
0.007569
0.002569
0.003125
0.004028
0.002431
0.001667
0.004028
0.003333
0.002431
0.005486
0.003264
0.002361
0.002014
0.004861
0.007292
0.003472
0.003958
0.002569
0.003542
0.002153
0.000833
0.002014
0.003611
0.003403
0.001667
0.008403
0.007153
0.003542
0.001944
0.001667
0.001806
0.002917
0.004583
0.001667
0.004444
0.006806
0.002708
0.003611
0.003472
0.005625
0.001667
0.003403
0.006458
0.003264
0.002292
0.003819
0.007292
0.001458
0.003333
0.001667
0.003819
0.006111
0.004375
0.002986
0.002778
0.003264
0.003056
0.002153
0.006319
0.002847
0.001597
0.002083
0.007847
0.002778
0.003403
0.001736
0.003194
0.004722
0.001319
0.002083
0.004167
0.001944
0.002500
0.003889
0.008125
0.002361
0.001389
0.002708
0.003403
0.002222
0.005556
0.001250
0.003819
0.006181
0.000972
0.002639
0.003056
0.006111
0.001597
0.006111
0.004931
0.003194
0.002083
0.004722
0.004306
0.003264
0.002222
0.002361
0.004236
0.005278
0.001111
0.002431
0.003889
0.003403
0.001389
0.004514
0.006528
0.002847
0.001667
0.004028
0.003056
0.003611
0.004653
0.001944
0.002708
0.006667
0.002500
0.002778
0.002500
0.003056
0.003542
0.007361
0.005764
0.002639
0.001667
0.001458
0.002569
0.002500
0.004444
0.001736
0.003542
0.005556
0.005694
0.001736
0.003750
0.002222
0.001667
0.003125
0.003681
0.003056
0.002014
0.009653
0.004236
0.004167
0.004514
0.001597
0.003056
0.003264
