0.044583
0.000903
0.003333
0.002778
0.001458
0.002431
0.016944
0.004236
0.001319
0.002083
0.005417
0.002917
0.001111
0.002917
0.006250
0.007847
0.002778
0.001667
0.002569
0.002708
0.002014
0.001667
0.020139
0.002986
0.001944
0.005347
0.007222
0.001389
0.001389
0.002986
0.011111
0.006042
0.004236
0.001875
0.002083
0.004444
0.004375
0.002778
0.007500
0.001597
0.002778
0.006736
0.005903
0.002778
0.003958
0.002292
0.003264
0.000764
0.002361
0.001597
0.003194
0.001806
0.006181
0.002083
0.024375
0.000972
0.003681
0.003750
0.004028
0.001597
0.016806
0.001319
0.007847
0.001597
0.004861
0.000833
0.002431
0.004722
0.001458
0.006806
0.002639
0.003472
0.001458
0.004931
0.008264
0.001597
0.000694
0.004653
0.003889
0.002778
0.001389
0.001458
0.001667
0.002083
0.002431
0.012778
0.005347
0.004444
0.001250
0.004375
0.003889
0.000625
0.002153
0.003333
0.006597
0.009167
0.004028
0.001389
0.002222
0.002917
0.004306
0.012778
0.003333
0.002569
0.002292
0.003958
0.004931
0.001319
0.008611
0.003403
0.001597
0.000625
0.003611
0.001250
0.001806
0.001736
0.009167
0.007083
0.003264
0.002014
0.001667
0.006528
0.003819
0.001250
0.010139
0.002361
0.003125
0.000486
0.001042
0.001042
0.003611
0.002708
0.001042
0.006389
0.007986
0.001806
0.002431
0.001389
0.006250
0.002361
0.002917
0.001042
0.002500
0.003403
0.001181
0.003403
0.002917
0.005347
0.002014
0.005000
0.011528
0.002500
0.001597
0.003194
0.007708
0.000972
0.001806
0.001597
0.006736
0.004028
0.009375
0.003472
0.001806
0.001667
0.002292
0.005000
0.004306
0.001944
0.003194
0.004306
0.010486
0.002500
0.003819
0.001528
0.002083
0.002778
0.001319
0.001806
0.002569
0.001528
0.005139
0.006250
0.012639
0.001736
0.002569
0.002222
0.002986
0.001597
0.008194
0.001319
0.004375
0.004444
0.002014
0.001319
0.003542
0.007569
0.001250
0.006111
0.003681
0.001250
0.002292
0.007917
0.005972
0.000694
0.000972
0.002431
0.003264
0.002986
0.000833
0.001736
0.002222
0.002431
0.002153
0.007014
0.006319
0.003542
0.000972
0.003611
0.002292
0.001944
0.005833
0.001944
0.003681
0.005347
0.003889
0.001806
0.002639
0.001319
0.002500
0.008056
0.003750
0.002222
0.002361
0.002917
0.003194
0.001389
0.004306
0.002083
0.002569
0.002569
0.005972
0.002500
0.002500
0.001389
0.003681
0.005347
0.005486
0.001528
0.001042
0.008125
0.002361
0.001875
0.007917
0.002361
0.003194
0.002222
