0.080972
0.001667
0.001667
0.005278
0.003542
0.002431
0.009444
0.003819
0.002569
0.002292
0.003472
0.003264
0.003681
0.002222
0.005625
0.010139
0.004931
0.001597
0.002639
0.005278
0.003611
0.002153
0.006319
0.003958
0.003542
0.004097
0.003819
0.002708
0.003750
0.002361
0.003681
0.007847
0.004375
0.002708
0.002014
0.007083
0.003125
0.002639
0.005833
0.001667
0.002778
0.005139
0.002778
0.002847
0.005556
0.002083
0.003403
0.001667
0.003958
0.001875
0.003750
0.003819
0.004583
0.002361
0.009444
0.002986
0.002847
0.001806
0.003333
0.001597
0.012014
0.002083
0.002986
0.002986
0.006389
0.002708
0.002569
0.006111
0.003333
0.006042
0.002361
0.002847
0.002917
0.003819
0.003819
0.003264
0.002917
0.003542
0.002708
0.006528
0.002986
0.002639
0.001736
0.002639
0.002639
0.010417
0.003056
0.004375
0.001875
0.001667
0.001181
0.002431
0.003750
0.003472
0.004167
0.013750
0.003819
0.001597
0.003264
0.003819
0.003125
0.009236
0.002361
0.002153
0.002292
0.002431
0.002569
0.002014
0.010972
0.003681
0.002708
0.001667
0.004375
0.001597
0.002708
0.004931
0.002917
0.004167
0.002986
0.003125
0.003194
0.003403
0.006250
0.002847
0.006181
0.002986
0.002222
0.002917
0.001944
0.001667
0.002847
0.005833
0.002917
0.005208
0.007361
0.003125
0.002361
0.001458
0.001667
0.003958
0.005694
0.002083
0.002986
0.005903
0.003333
0.002431
0.001806
0.007569
0.003264
0.002847
0.003681
0.003681
0.003681
0.000694
0.006111
0.001944
0.004722
0.002014
0.002361
0.007500
0.006181
0.002847
0.002292
0.002431
0.002847
0.003472
0.004375
0.002431
0.002639
0.001597
0.006736
0.005208
0.004375
0.002639
0.002500
0.003472
0.001528
0.001736
0.002569
0.001458
0.003125
0.004444
0.006597
0.003264
0.002847
0.000903
0.002014
0.002500
0.006875
0.001458
0.003403
0.007847
0.003472
0.001667
0.003194
0.008681
0.002778
0.005833
0.003333
0.002778
0.003194
0.007569
0.001875
0.002569
0.003472
0.002708
0.002014
0.004583
0.002431
0.001736
0.002500
0.001806
0.002847
0.005139
0.005069
0.004236
0.002222
0.000833
0.002014
0.003403
0.005903
0.002569
0.002292
0.008403
0.002778
0.001736
0.001319
0.002361
0.003264
0.005833
0.005417
0.002431
0.002222
0.001181
0.001319
0.002639
0.008264
0.002014
0.002431
0.005069
0.004444
0.001597
0.002292
0.002222
0.002431
0.003611
0.004097
0.002431
0.002986
0.005278
0.003264
0.002431
0.006042
0.001875
0.002847
0.003819
