0.056319
0.002708
0.003194
0.005903
0.003403
0.001667
0.011806
0.003958
0.001736
0.001111
0.001944
0.002500
0.003681
0.001944
0.006111
0.018472
0.007500
0.002083
0.002222
0.008125
0.001875
0.001319
0.005347
0.004861
0.002292
0.002917
0.004236
0.002083
0.003403
0.002222
0.005694
0.010903
0.006181
0.002639
0.001458
0.008194
0.006319
0.001042
0.012639
0.002639
0.001875
0.002292
0.003333
0.003125
0.016389
0.001458
0.006528
0.002778
0.007708
0.000694
0.002500
0.004792
0.004861
0.001806
0.009792
0.003750
0.003125
0.000972
0.002986
0.001944
0.011806
0.001944
0.004583
0.004792
0.005556
0.002014
0.002500
0.006667
0.002292
0.003194
0.002917
0.004375
0.001389
0.002847
0.002847
0.001597
0.002431
0.001736
0.002847
0.008819
0.003125
0.002083
0.001389
0.004236
0.002014
0.008750
0.002361
0.004653
0.001389
0.001458
0.002431
0.002292
0.003472
0.003403
0.002917
0.013611
0.003819
0.001667
0.001458
0.005069
0.003611
0.007500
0.003333
0.003333
0.001458
0.001250
0.001875
0.002083
0.010139
0.002778
0.004028
0.003542
0.005069
0.001250
0.001875
0.007222
0.004375
0.004792
0.001250
0.002847
0.000833
0.002847
0.003403
0.002361
0.007222
0.002014
0.001528
0.004583
0.003264
0.001181
0.002708
0.004861
0.001806
0.003681
0.007917
0.002639
0.001736
0.000625
0.002292
0.003542
0.006181
0.001528
0.003056
0.009931
0.002639
0.003125
0.002569
0.011597
0.001944
0.002292
0.003819
0.003403
0.004236
0.002083
0.005764
0.002153
0.005417
0.002639
0.002778
0.009653
0.005625
0.003125
0.001944
0.008611
0.004514
0.001806
0.006458
0.002292
0.001528
0.000625
0.004306
0.004861
0.011736
0.001042
0.002014
0.005694
0.005000
0.000417
0.001250
0.002847
0.001181
0.002917
0.004236
0.003264
0.002292
0.000694
0.001458
0.002222
0.009514
0.001528
0.002986
0.006944
0.002083
0.000764
0.003472
0.009792
0.001597
0.002917
0.002292
0.001944
0.002569
0.005486
0.002569
0.001319
0.004583
0.001319
0.002292
0.006458
0.001667
0.001181
0.002083
0.003056
0.001250
0.003472
0.003056
0.003264
0.002778
0.001250
0.002292
0.002431
0.005625
0.002083
0.001667
0.008750
0.002083
0.001875
0.001319
0.004236
0.001597
0.004861
0.003819
0.002014
0.001806
0.001042
0.001319
0.002639
0.009167
0.000972
0.002292
0.006944
0.005069
0.000764
0.002361
0.005972
0.001389
0.002153
0.002153
0.001806
0.001528
0.004722
0.003264
0.003542
0.007361
0.001597
0.001806
0.006667
