0.078819
0.001806
0.004375
0.001875
0.002569
0.002292
0.009931
0.003333
0.002778
0.002847
0.005764
0.003125
0.002014
0.002778
0.004306
0.006736
0.003056
0.003403
0.003750
0.004792
0.002778
0.003542
0.005625
0.002917
0.001944
0.001667
0.006042
0.001597
0.004028
0.002153
0.005486
0.006875
0.004514
0.002569
0.002986
0.004583
0.002847
0.003194
0.006111
0.002778
0.003819
0.004236
0.006597
0.003125
0.004861
0.002014
0.005000
0.002292
0.001806
0.002569
0.003750
0.002500
0.003611
0.003472
0.011458
0.002639
0.002778
0.003056
0.004375
0.002778
0.008681
0.002431
0.005625
0.002708
0.003681
0.001736
0.004444
0.005347
0.002361
0.004722
0.003958
0.002778
0.002708
0.005347
0.006181
0.001597
0.002361
0.002083
0.004722
0.004028
0.002917
0.002569
0.003056
0.001736
0.002917
0.010903
0.003194
0.002708
0.002639
0.001736
0.003611
0.002014
0.002986
0.003333
0.004236
0.010278
0.002917
0.002639
0.003611
0.002292
0.004236
0.009097
0.003958
0.002431
0.002569
0.002986
0.003333
0.002083
0.006806
0.001667
0.005347
0.002153
0.004306
0.002153
0.004236
0.002639
0.004028
0.003819
0.003750
0.002014
0.000972
0.004306
0.004097
0.002222
0.006181
0.001806
0.004444
0.001736
0.002083
0.001597
0.003125
0.001806
0.002778
0.001944
0.008056
0.002708
0.002083
0.002014
0.003958
0.002431
0.003264
0.002153
0.003472
0.004583
0.002083
0.002569
0.002847
0.007431
0.002778
0.003264
0.004931
0.002847
0.004306
0.002917
0.008611
0.001944
0.003750
0.002569
0.005764
0.004514
0.007361
0.002986
0.003056
0.002986
0.003264
0.004792
0.004583
0.003194
0.001875
0.002292
0.009583
0.003819
0.003750
0.002292
0.003403
0.003194
0.002083
0.002569
0.004097
0.001806
0.002361
0.004583
0.008194
0.002500
0.002222
0.002500
0.004375
0.001806
0.007222
0.002431
0.006250
0.004444
0.002778
0.001528
0.004444
0.008194
0.002639
0.001944
0.005486
0.001736
0.003750
0.010764
0.003056
0.002153
0.004514
0.001319
0.004236
0.003819
0.001806
0.002014
0.002222
0.001875
0.002083
0.005972
0.005486
0.003403
0.002500
0.001736
0.002014
0.001875
0.003819
0.001111
0.003333
0.006389
0.003403
0.001875
0.003611
0.001667
0.002778
0.005486
0.004792
0.002639
0.001806
0.002292
0.002639
0.003125
0.006319
0.001736
0.003611
0.003750
0.005833
0.001042
0.003819
0.001806
0.002222
0.003958
0.004514
0.001944
0.001667
0.009028
0.002986
0.002917
0.005347
0.001458
0.004306
0.002083
