0.083750
0.000694
0.003056
0.005486
0.002431
0.003264
0.009583
0.003958
0.000903
0.001458
0.004722
0.004375
0.002222
0.002014
0.006042
0.006528
0.004514
0.001389
0.002222
0.002083
0.002361
0.001458
0.009722
0.006806
0.001250
0.009375
0.007222
0.001389
0.002292
0.001458
0.006250
0.005764
0.004236
0.000833
0.002778
0.004861
0.005625
0.001181
0.008264
0.001389
0.002986
0.001389
0.006806
0.001806
0.010000
0.000556
0.008889
0.000625
0.004028
0.000764
0.003264
0.001597
0.005694
0.000972
0.014167
0.001806
0.003750
0.001319
0.005556
0.001042
0.016042
0.000972
0.004097
0.001597
0.003681
0.001944
0.001181
0.004792
0.001875
0.018819
0.001736
0.001736
0.000417
0.003542
0.005347
0.002986
0.001667
0.005278
0.002778
0.002708
0.002778
0.001597
0.001597
0.001458
0.001458
0.006528
0.002361
0.003472
0.000764
0.007778
0.002153
0.001667
0.001736
0.004375
0.004306
0.011042
0.003125
0.002083
0.001250
0.002014
0.005000
0.017778
0.002222
0.001667
0.002639
0.002014
0.002292
0.000764
0.012153
0.003681
0.002431
0.001042
0.005278
0.001736
0.002083
0.001667
0.009514
0.006389
0.001667
0.001736
0.002917
0.007014
0.005139
0.000972
0.014306
0.002361
0.002986
0.001111
0.001250
0.001458
0.003889
0.005278
0.002153
0.008125
0.008333
0.001806
0.001597
0.001319
0.003472
0.003056
0.004375
0.001389
0.003056
0.004792
0.002292
0.002153
0.001944
0.002361
0.001528
0.001111
0.009514
0.004653
0.001181
0.005903
0.006319
0.000764
0.002500
0.001042
0.003472
0.006528
0.009514
0.001319
0.002431
0.001458
0.004514
0.000833
0.008264
0.001250
0.004306
0.001111
0.010139
0.001944
0.008056
0.001111
0.003264
0.001806
0.002847
0.000556
0.002222
0.000625
0.003125
0.001319
0.009861
0.002222
0.004306
0.001389
0.003403
0.000903
0.007292
0.001042
0.003542
0.005556
0.001181
0.002639
0.002986
0.007431
0.001250
0.015486
0.002222
0.002153
0.001111
0.004653
0.001875
0.001736
0.002153
0.002639
0.001042
0.003264
0.000625
0.002500
0.001111
0.001319
0.001250
0.004861
0.006042
0.002778
0.001042
0.006042
0.001042
0.001042
0.004236
0.002153
0.002708
0.004583
0.004167
0.001458
0.001736
0.000833
0.004167
0.008264
0.005347
0.000764
0.002361
0.000903
0.001042
0.001111
0.008611
0.002778
0.001111
0.002292
0.007014
0.002431
0.001597
0.000972
0.003542
0.003542
0.003125
0.001667
0.002847
0.014306
0.001736
0.000694
0.006181
0.003403
0.001319
0.001875
