0.057500
0.000208
0.006597
0.002708
0.003333
0.002083
0.013889
0.001736
0.001875
0.001458
0.007014
0.000972
0.001389
0.001806
0.006806
0.009514
0.004444
0.000694
0.002569
0.003056
0.002708
0.000764
0.012014
0.001736
0.001806
0.003889
0.010347
0.000764
0.001667
0.001042
0.010486
0.003958
0.007292
0.001458
0.003681
0.003889
0.005764
0.001528
0.012917
0.001389
0.004097
0.003611
0.010764
0.000903
0.005486
0.001319
0.007847
0.000486
0.006250
0.000903
0.003611
0.000556
0.006736
0.001597
0.019653
0.000764
0.002569
0.001528
0.011528
0.000208
0.013819
0.001597
0.013750
0.001319
0.004653
0.000347
0.002569
0.002708
0.002431
0.003958
0.002639
0.001250
0.002708
0.003958
0.006736
0.000278
0.001458
0.002708
0.002014
0.003333
0.003611
0.001389
0.001528
0.000903
0.003264
0.007222
0.003542
0.001458
0.001042
0.002500
0.003472
0.000903
0.002361
0.002083
0.003472
0.007639
0.007569
0.001389
0.001667
0.000903
0.006111
0.011667
0.004167
0.000972
0.003403
0.002500
0.002153
0.000486
0.011667
0.006250
0.003333
0.000972
0.008542
0.001736
0.001389
0.002986
0.008125
0.005208
0.003681
0.000278
0.003056
0.005000
0.005000
0.000208
0.010417
0.004028
0.003611
0.000486
0.001875
0.000972
0.005694
0.002500
0.001458
0.004722
0.010972
0.001528
0.002431
0.000556
0.006250
0.002153
0.005278
0.000694
0.004167
0.004653
0.003264
0.001389
0.003958
0.005486
0.001875
0.001319
0.012014
0.001736
0.001597
0.001319
0.008333
0.001458
0.002639
0.000625
0.005417
0.002361
0.011806
0.001389
0.003958
0.001111
0.005903
0.001944
0.013264
0.000625
0.004653
0.000556
0.014514
0.001250
0.005347
0.001042
0.003611
0.001389
0.005903
0.000764
0.005417
0.000903
0.003264
0.003264
0.014722
0.000625
0.003333
0.000903
0.008333
0.000208
0.009514
0.000625
0.005486
0.003403
0.002778
0.000417
0.002847
0.005625
0.002083
0.003889
0.003056
0.001042
0.002569
0.007361
0.002014
0.000417
0.002292
0.001111
0.002083
0.002778
0.001042
0.002083
0.002639
0.001250
0.002431
0.003403
0.007569
0.001181
0.000764
0.001458
0.002361
0.000694
0.006389
0.001042
0.002083
0.002639
0.009861
0.001806
0.001250
0.000486
0.004722
0.004583
0.007153
0.000278
0.006944
0.002292
0.001667
0.000556
0.007847
0.001111
0.002153
0.003958
0.012292
0.001250
0.002708
0.000694
0.004306
0.003611
0.003264
0.000417
0.003125
0.007014
0.002222
0.000486
0.008819
0.001458
0.001319
0.000486
