0.026181
0.001181
0.005417
0.003750
0.002569
0.002500
0.017361
0.003125
0.001111
0.001319
0.010556
0.003750
0.002986
0.001944
0.006389
0.012847
0.004028
0.001181
0.003403
0.003125
0.001597
0.001736
0.021597
0.005139
0.000417
0.003750
0.009028
0.002222
0.001389
0.001458
0.014514
0.014583
0.003681
0.001875
0.002708
0.004375
0.003611
0.001528
0.007778
0.001111
0.001597
0.005208
0.007847
0.001389
0.011875
0.001875
0.007639
0.002361
0.005000
0.001181
0.002292
0.001250
0.001597
0.003750
0.013472
0.002639
0.002292
0.001181
0.005694
0.001250
0.011736
0.001944
0.007083
0.002639
0.003750
0.002361
0.002222
0.004653
0.001389
0.005000
0.002847
0.002361
0.002014
0.005556
0.005417
0.002083
0.002292
0.002986
0.001875
0.004375
0.002639
0.003542
0.001111
0.002361
0.002639
0.011944
0.005833
0.003889
0.001458
0.003889
0.002986
0.001319
0.003681
0.002847
0.004375
0.010486
0.005903
0.002778
0.000903
0.001389
0.004931
0.009583
0.002500
0.001181
0.002708
0.004861
0.001736
0.000764
0.010903
0.004514
0.003194
0.001319
0.004653
0.003611
0.000625
0.003264
0.003472
0.005972
0.003194
0.002083
0.002153
0.005833
0.005347
0.000903
0.006319
0.003264
0.002083
0.001736
0.000903
0.001250
0.007917
0.004583
0.001181
0.004444
0.009236
0.003125
0.001042
0.001389
0.007847
0.006111
0.004514
0.002014
0.004167
0.006042
0.002500
0.001944
0.003819
0.005903
0.000764
0.001389
0.016806
0.003264
0.001875
0.003333
0.010903
0.003333
0.002500
0.001597
0.007153
0.008403
0.008125
0.002014
0.004097
0.002292
0.001806
0.002708
0.006319
0.000486
0.002361
0.002708
0.009931
0.002569
0.007292
0.001736
0.005208
0.001042
0.003889
0.001528
0.003889
0.001319
0.001736
0.006944
0.006181
0.001042
0.003611
0.001528
0.004722
0.000486
0.005417
0.001458
0.003333
0.004861
0.001944
0.002847
0.002569
0.006667
0.000972
0.003472
0.002361
0.002153
0.002083
0.010347
0.002431
0.003264
0.001250
0.002431
0.001944
0.003681
0.001389
0.004514
0.001111
0.001875
0.001944
0.005139
0.006389
0.002847
0.001389
0.004792
0.000903
0.001111
0.004931
0.001528
0.001667
0.004792
0.003958
0.005208
0.001181
0.001111
0.001319
0.004931
0.004236
0.000833
0.002778
0.005903
0.000764
0.001597
0.007431
0.003472
0.001944
0.003681
0.006111
0.004444
0.001528
0.001389
0.002778
0.004931
0.001597
0.000903
0.002222
0.008542
0.001944
0.001319
0.003958
0.001597
0.001042
0.001250
