0.032708
0.001528
0.001597
0.006250
0.001944
0.002431
0.012917
0.004028
0.000625
0.002431
0.003750
0.003403
0.001597
0.003056
0.004792
0.012500
0.002014
0.002222
0.002569
0.006667
0.001875
0.002292
0.007847
0.008542
0.001181
0.003125
0.008056
0.002014
0.000764
0.002708
0.008472
0.013611
0.004653
0.002361
0.001389
0.005625
0.003194
0.002222
0.009236
0.002292
0.000764
0.005208
0.005139
0.002500
0.004097
0.002083
0.004653
0.002083
0.001389
0.001736
0.002292
0.002222
0.002569
0.003125
0.009722
0.003889
0.002431
0.003194
0.005764
0.001042
0.009167
0.003681
0.006181
0.004722
0.005139
0.004028
0.001597
0.009167
0.001319
0.014653
0.002500
0.007917
0.001111
0.007639
0.002708
0.003194
0.001250
0.008125
0.002014
0.009861
0.001319
0.003750
0.001528
0.005278
0.001736
0.014097
0.001944
0.006806
0.000972
0.003125
0.001806
0.002431
0.001944
0.007014
0.002431
0.017778
0.001667
0.003403
0.001944
0.003125
0.001319
0.011111
0.004167
0.002569
0.001458
0.005278
0.002639
0.001458
0.004653
0.004583
0.002639
0.002222
0.003056
0.003264
0.002014
0.004167
0.001806
0.009653
0.002292
0.002153
0.001319
0.007222
0.004722
0.000625
0.003819
0.005903
0.001944
0.002569
0.000556
0.001042
0.002361
0.004792
0.001667
0.004514
0.009306
0.002569
0.000556
0.001250
0.003889
0.005347
0.002431
0.001667
0.002639
0.005625
0.000833
0.002014
0.003056
0.009236
0.001181
0.002708
0.005000
0.003125
0.001319
0.001181
0.010625
0.002014
0.001528
0.001667
0.003333
0.009514
0.008403
0.002361
0.003819
0.002361
0.001875
0.002917
0.008681
0.001181
0.001528
0.002153
0.007847
0.003125
0.001944
0.001389
0.001944
0.002083
0.002431
0.002153
0.002639
0.001250
0.002083
0.006111
0.005069
0.002708
0.002014
0.001042
0.005069
0.001389
0.004375
0.002639
0.003056
0.008333
0.001667
0.002639
0.001736
0.011250
0.001250
0.008056
0.002778
0.004375
0.001667
0.009375
0.001875
0.003194
0.001806
0.005417
0.001597
0.008056
0.000972
0.004583
0.000903
0.004236
0.001458
0.009861
0.003889
0.003681
0.000833
0.003681
0.001181
0.002917
0.005069
0.006042
0.001944
0.011250
0.001597
0.002569
0.001806
0.001597
0.001389
0.007500
0.006944
0.001944
0.001111
0.003403
0.001944
0.001319
0.004236
0.002708
0.002361
0.005833
0.004028
0.002639
0.002083
0.001944
0.001389
0.007639
0.001667
0.001458
0.001389
0.009167
0.003403
0.001597
0.003611
0.004375
0.001667
0.002847
