0.065417
0.002639
0.002917
0.004097
0.004236
0.002639
0.007708
0.003958
0.002569
0.002847
0.003264
0.003125
0.004861
0.002569
0.002986
0.008125
0.005208
0.001875
0.002569
0.006458
0.003542
0.001875
0.005486
0.003611
0.003056
0.002153
0.005417
0.003611
0.004653
0.001667
0.003611
0.005069
0.007431
0.001944
0.003403
0.004861
0.003681
0.001667
0.005903
0.004028
0.002292
0.002639
0.007431
0.002847
0.004306
0.002083
0.003472
0.003889
0.004653
0.002917
0.003264
0.003333
0.002917
0.003264
0.009931
0.003056
0.002361
0.002708
0.004931
0.002500
0.007431
0.002917
0.003958
0.003264
0.004722
0.002222
0.003472
0.004722
0.003125
0.002639
0.003542
0.003681
0.003681
0.004931
0.007917
0.002778
0.004306
0.001458
0.002222
0.004097
0.002639
0.001597
0.002708
0.003333
0.003125
0.007569
0.003542
0.003333
0.002986
0.001458
0.004236
0.002569
0.003542
0.001944
0.003681
0.007153
0.003819
0.001458
0.002847
0.003542
0.004097
0.005764
0.004583
0.003819
0.002014
0.001875
0.003472
0.001944
0.007569
0.002500
0.004722
0.003681
0.005694
0.001736
0.002708
0.005000
0.003611
0.003889
0.002569
0.003819
0.002639
0.003611
0.005694
0.002153
0.005000
0.002569
0.002569
0.003125
0.002014
0.001389
0.002708
0.003750
0.002569
0.002639
0.004514
0.003125
0.003056
0.002500
0.002292
0.003611
0.005208
0.002361
0.003958
0.004236
0.003611
0.002222
0.002986
0.009028
0.003681
0.002986
0.006111
0.002222
0.002847
0.001736
0.008403
0.002778
0.004722
0.002014
0.002639
0.005694
0.008542
0.001806
0.003333
0.002917
0.001944
0.002708
0.005278
0.003819
0.002569
0.002778
0.013403
0.002292
0.005694
0.002292
0.005417
0.003403
0.003681
0.002014
0.003125
0.002014
0.003056
0.003750
0.005764
0.003194
0.003056
0.002500
0.003889
0.002222
0.004722
0.002431
0.003958
0.005625
0.003403
0.002083
0.003542
0.007222
0.003056
0.003125
0.003611
0.002500
0.002847
0.008056
0.002639
0.002153
0.004583
0.002500
0.003958
0.004097
0.003125
0.001597
0.002917
0.002778
0.003125
0.004514
0.008611
0.002778
0.002431
0.001875
0.004236
0.003125
0.004792
0.001597
0.004306
0.004444
0.005069
0.001181
0.002569
0.002153
0.002361
0.003056
0.006528
0.002708
0.002569
0.002361
0.003472
0.002153
0.003958
0.002431
0.003472
0.006181
0.009306
0.002014
0.003750
0.001944
0.002569
0.003056
0.003611
0.003333
0.002917
0.005556
0.003056
0.002708
0.004306
0.002431
0.002917
0.003750
