0.044444
0.001181
0.000972
0.001181
0.003611
0.004514
0.022292
0.002847
0.001667
0.002083
0.003819
0.000556
0.001389
0.003681
0.004861
0.011806
0.001944
0.001250
0.001667
0.003889
0.002708
0.001528
0.007639
0.001319
0.002639
0.005417
0.007014
0.001319
0.000764
0.001806
0.002917
0.002639
0.005556
0.001736
0.001111
0.002986
0.008403
0.001736
0.020556
0.001806
0.002431
0.005208
0.005069
0.001806
0.004444
0.002569
0.009653
0.001250
0.001250
0.000833
0.002847
0.000625
0.007569
0.001389
0.021528
0.001042
0.003750
0.002222
0.006597
0.000764
0.014375
0.002986
0.005208
0.000972
0.003472
0.002014
0.001806
0.003542
0.002639
0.007778
0.001806
0.002083
0.001875
0.005972
0.003889
0.000833
0.000833
0.009375
0.002222
0.005278
0.001389
0.002847
0.000833
0.002431
0.004514
0.016250
0.001944
0.001319
0.001528
0.005556
0.003542
0.001458
0.001944
0.006667
0.002014
0.009722
0.003472
0.005208
0.001806
0.000417
0.007778
0.011111
0.005417
0.002361
0.002500
0.004514
0.002986
0.001111
0.005417
0.004722
0.003889
0.001736
0.003403
0.002153
0.002014
0.004653
0.007222
0.012917
0.001667
0.001389
0.001875
0.004306
0.011806
0.000625
0.011389
0.009792
0.003056
0.000972
0.001667
0.001944
0.001389
0.001597
0.001875
0.006181
0.011944
0.000972
0.001736
0.002361
0.002431
0.001250
0.001736
0.002153
0.002014
0.004514
0.002917
0.003403
0.001944
0.009444
0.001806
0.003125
0.003264
0.000417
0.003125
0.005833
0.012569
0.002917
0.001944
0.001667
0.001667
0.001806
0.007222
0.004306
0.001389
0.000972
0.004583
0.004236
0.011389
0.000972
0.003125
0.002083
0.006111
0.002153
0.002153
0.001458
0.002014
0.000903
0.001736
0.002014
0.003333
0.001250
0.003542
0.005903
0.010208
0.000556
0.003125
0.002778
0.007083
0.001042
0.005417
0.002014
0.002639
0.003333
0.002639
0.002083
0.002431
0.007500
0.001667
0.006597
0.004097
0.001111
0.002222
0.011389
0.002153
0.000417
0.001181
0.003542
0.002222
0.002639
0.001389
0.004306
0.000556
0.004028
0.001944
0.009444
0.003333
0.000833
0.001181
0.005625
0.002014
0.002708
0.004097
0.004653
0.001667
0.004306
0.004375
0.004722
0.002986
0.000347
0.003472
0.007917
0.009375
0.001111
0.001806
0.003403
0.002361
0.000556
0.002778
0.002153
0.002292
0.004444
0.005556
0.002708
0.003472
0.002083
0.003958
0.006597
0.003958
0.000764
0.000694
0.006042
0.006597
0.001250
0.003472
0.004722
0.001736
0.000972
