0.043264
0.002083
0.003611
0.006736
0.003681
0.001736
0.010903
0.003750
0.001736
0.001250
0.002431
0.002292
0.004375
0.002153
0.005833
0.017569
0.007708
0.001875
0.002500
0.008403
0.002222
0.001736
0.005069
0.004931
0.001944
0.002639
0.005278
0.002500
0.003889
0.002153
0.004861
0.009375
0.006458
0.002917
0.002153
0.007431
0.006319
0.000903
0.012292
0.002431
0.002292
0.002708
0.003542
0.002917
0.014444
0.001458
0.005833
0.003819
0.007500
0.000833
0.002639
0.005139
0.004306
0.001875
0.008889
0.004167
0.003056
0.001181
0.002153
0.002014
0.011111
0.002083
0.004514
0.004306
0.005486
0.001944
0.002361
0.006111
0.002431
0.002986
0.002569
0.003819
0.002222
0.003542
0.002917
0.002014
0.002708
0.001736
0.003681
0.007847
0.003542
0.001736
0.001458
0.005069
0.002431
0.009653
0.002292
0.004514
0.001250
0.001458
0.002778
0.001944
0.004167
0.002917
0.003819
0.012917
0.004444
0.001736
0.001597
0.004444
0.003750
0.007361
0.003889
0.002847
0.001458
0.001389
0.001458
0.001806
0.010764
0.002361
0.004792
0.003542
0.007083
0.001111
0.002431
0.007361
0.004097
0.003681
0.001458
0.003264
0.000903
0.002847
0.003750
0.002431
0.006875
0.002153
0.002292
0.004444
0.002778
0.001250
0.002431
0.004097
0.002778
0.002639
0.007917
0.002361
0.002083
0.000417
0.002431
0.004583
0.007708
0.001597
0.002431
0.009653
0.003472
0.003056
0.003056
0.012500
0.002222
0.002639
0.002778
0.003333
0.004028
0.001389
0.006042
0.001319
0.005000
0.002500
0.002292
0.009097
0.005556
0.002708
0.001736
0.008194
0.003889
0.002222
0.006250
0.002986
0.001597
0.000972
0.004653
0.004792
0.011458
0.001111
0.002083
0.006042
0.005278
0.000486
0.001458
0.003056
0.001181
0.003125
0.004653
0.002986
0.002153
0.000486
0.002014
0.002500
0.009097
0.002569
0.002778
0.007292
0.002778
0.000417
0.003472
0.010972
0.001528
0.002917
0.002708
0.001667
0.002361
0.006736
0.002986
0.001528
0.003194
0.001597
0.002431
0.005972
0.001458
0.001319
0.001667
0.003819
0.001806
0.004306
0.003542
0.002917
0.002847
0.001111
0.002361
0.002500
0.006528
0.001736
0.002222
0.009444
0.002500
0.002014
0.001597
0.004583
0.001458
0.004375
0.004375
0.002014
0.001458
0.001042
0.001458
0.002500
0.009653
0.001250
0.002292
0.006944
0.006597
0.000764
0.002222
0.005556
0.000833
0.002500
0.001597
0.002222
0.001319
0.005556
0.003125
0.004028
0.006944
0.001597
0.002292
0.006944
