0.045625
0.000903
0.004097
0.002639
0.005139
0.001319
0.011597
0.003958
0.001875
0.002292
0.004792
0.002778
0.003958
0.002153
0.005625
0.011597
0.004375
0.001181
0.002917
0.004097
0.003056
0.000417
0.008264
0.003681
0.002778
0.002986
0.006181
0.001250
0.002847
0.001806
0.007500
0.006875
0.007708
0.000972
0.002778
0.004097
0.004931
0.001667
0.006319
0.001597
0.004097
0.004514
0.006042
0.001319
0.009097
0.001389
0.005694
0.001181
0.003958
0.001181
0.002778
0.001944
0.006944
0.001806
0.011319
0.002153
0.004236
0.002222
0.004514
0.001250
0.013264
0.001458
0.006250
0.001875
0.004375
0.001319
0.002569
0.005069
0.003333
0.004028
0.001875
0.003681
0.002708
0.004375
0.005000
0.002014
0.002708
0.002222
0.003056
0.006250
0.004097
0.001389
0.002153
0.003125
0.005278
0.008542
0.005139
0.004028
0.002431
0.002361
0.003125
0.001806
0.002708
0.003819
0.005000
0.009722
0.006250
0.001181
0.001736
0.002500
0.004861
0.008819
0.004236
0.002639
0.004861
0.003333
0.002708
0.000903
0.012153
0.001944
0.004444
0.002083
0.007292
0.001250
0.002569
0.004236
0.009444
0.004236
0.003333
0.001319
0.003472
0.002986
0.006250
0.001181
0.009792
0.003472
0.003542
0.002083
0.002153
0.000556
0.003958
0.003056
0.004028
0.003403
0.008194
0.001250
0.002569
0.000833
0.002569
0.000972
0.005347
0.002083
0.002292
0.007222
0.002639
0.002292
0.003403
0.007639
0.003403
0.002222
0.007847
0.003819
0.002639
0.000972
0.006528
0.000764
0.005764
0.001250
0.003333
0.005625
0.008750
0.001736
0.002986
0.001667
0.003958
0.003542
0.006458
0.002222
0.002569
0.001806
0.008125
0.001528
0.006458
0.001458
0.003125
0.003681
0.003819
0.001111
0.003750
0.000833
0.004028
0.004653
0.009861
0.001806
0.002222
0.001111
0.002083
0.001250
0.010556
0.001042
0.004722
0.005069
0.002847
0.001806
0.003333
0.006875
0.002847
0.003958
0.004444
0.001875
0.003472
0.007222
0.003611
0.001597
0.004514
0.001111
0.002431
0.004861
0.001875
0.001111
0.002569
0.002569
0.002569
0.003819
0.005694
0.003403
0.002431
0.001389
0.002153
0.002847
0.006181
0.002361
0.002986
0.005417
0.006458
0.001736
0.003056
0.000625
0.003958
0.005069
0.006389
0.002083
0.005069
0.002847
0.001319
0.001181
0.008403
0.001111
0.003194
0.005208
0.009375
0.001806
0.003403
0.000764
0.004792
0.003819
0.004097
0.001458
0.002361
0.004583
0.003472
0.001528
0.007847
0.001597
0.002917
0.002153
