0.073542
0.000972
0.002986
0.002917
0.002431
0.003403
0.009792
0.005208
0.001319
0.001944
0.003542
0.003264
0.002083
0.003403
0.003750
0.012292
0.004722
0.002569
0.003194
0.005972
0.002153
0.002361
0.009583
0.004583
0.001250
0.005278
0.002986
0.002222
0.001875
0.002778
0.005625
0.008056
0.002083
0.001319
0.003542
0.006597
0.002917
0.001667
0.006597
0.002361
0.001875
0.006181
0.005556
0.002292
0.005278
0.003958
0.003472
0.003264
0.002569
0.001806
0.003333
0.002222
0.003472
0.002847
0.015625
0.001806
0.003056
0.002917
0.003333
0.001250
0.007431
0.002639
0.005278
0.004097
0.004097
0.002917
0.002639
0.004167
0.002500
0.006528
0.002361
0.004722
0.001944
0.005069
0.005208
0.003194
0.001528
0.005139
0.002500
0.009583
0.001736
0.003472
0.001389
0.004444
0.001944
0.009792
0.003889
0.003681
0.001250
0.005347
0.001875
0.002917
0.001944
0.004167
0.003542
0.010000
0.001875
0.002778
0.002361
0.002569
0.003681
0.010764
0.002431
0.003333
0.002431
0.004236
0.002639
0.001667
0.008681
0.005069
0.003472
0.004167
0.003889
0.002847
0.001736
0.006181
0.003542
0.005556
0.003333
0.002847
0.002708
0.004931
0.003472
0.002083
0.006319
0.004028
0.002500
0.002778
0.002083
0.001389
0.003472
0.003750
0.001458
0.007014
0.007222
0.003056
0.001875
0.000833
0.002500
0.003056
0.003889
0.002569
0.002083
0.007986
0.002153
0.002708
0.002222
0.006042
0.002639
0.004306
0.006042
0.003333
0.001806
0.002083
0.005417
0.003958
0.002917
0.001806
0.003611
0.006944
0.004375
0.001875
0.002986
0.002431
0.001458
0.004444
0.006389
0.001250
0.002222
0.002222
0.008056
0.002292
0.005139
0.002639
0.002778
0.003819
0.000833
0.002292
0.002986
0.001806
0.002986
0.006875
0.007500
0.002639
0.002361
0.002014
0.002361
0.001736
0.005556
0.001875
0.003472
0.005069
0.003194
0.002569
0.003542
0.006597
0.001528
0.007986
0.002361
0.002639
0.002708
0.008125
0.003333
0.003194
0.002778
0.002153
0.002153
0.008472
0.001528
0.002083
0.002361
0.001458
0.002222
0.007292
0.005972
0.002292
0.002083
0.001458
0.000764
0.002986
0.005764
0.002431
0.002639
0.006944
0.003333
0.001181
0.002083
0.001458
0.002153
0.007917
0.005694
0.003125
0.001458
0.002014
0.001042
0.001667
0.004514
0.001597
0.002083
0.006667
0.003750
0.002431
0.002014
0.002778
0.002361
0.006667
0.003333
0.002569
0.001806
0.005764
0.001389
0.003472
0.006319
0.002153
0.002500
0.003056
