0.042014
0.001736
0.002292
0.001111
0.004097
0.002500
0.013958
0.005347
0.002847
0.001806
0.003958
0.002917
0.003958
0.003611
0.003542
0.012083
0.005417
0.002292
0.001528
0.004792
0.002292
0.002847
0.005208
0.002500
0.002361
0.003750
0.006597
0.002569
0.002708
0.002292
0.003056
0.007639
0.005556
0.004375
0.002569
0.002639
0.003750
0.002292
0.008403
0.002431
0.002569
0.003611
0.004514
0.003542
0.007153
0.002778
0.004306
0.000972
0.003264
0.002431
0.002917
0.002361
0.005417
0.003819
0.012639
0.002361
0.002986
0.001667
0.003333
0.001667
0.013542
0.004028
0.002708
0.001806
0.005208
0.002847
0.002292
0.002639
0.003472
0.005278
0.002222
0.002847
0.002222
0.003889
0.006389
0.001597
0.004236
0.003611
0.002500
0.004444
0.003056
0.002986
0.002222
0.002986
0.004097
0.011458
0.002639
0.003681
0.001944
0.001806
0.002917
0.002500
0.003056
0.006319
0.003472
0.009444
0.004097
0.004583
0.002361
0.001944
0.003125
0.012014
0.002014
0.003403
0.003403
0.002361
0.002639
0.001736
0.016319
0.005069
0.002778
0.001458
0.005486
0.002917
0.003264
0.004167
0.004653
0.005972
0.001458
0.001944
0.001667
0.004028
0.005556
0.001667
0.007778
0.002222
0.001736
0.001597
0.001458
0.002014
0.000833
0.002500
0.001875
0.004653
0.008125
0.002083
0.002014
0.002083
0.002292
0.002639
0.006319
0.001736
0.001875
0.008472
0.004306
0.003958
0.001667
0.009028
0.003681
0.002917
0.004514
0.001319
0.003125
0.001806
0.006736
0.003125
0.003472
0.001667
0.002292
0.002639
0.006319
0.006181
0.001875
0.001875
0.002847
0.003403
0.005486
0.001597
0.002569
0.004514
0.008264
0.004097
0.005139
0.002292
0.002569
0.003542
0.004514
0.001944
0.002431
0.001111
0.003264
0.004792
0.009583
0.001250
0.001736
0.000833
0.003819
0.001875
0.007986
0.003333
0.003056
0.003958
0.003333
0.002500
0.003472
0.006250
0.002292
0.005069
0.003611
0.001042
0.005208
0.006944
0.003472
0.002153
0.004097
0.002431
0.001319
0.002431
0.002500
0.002500
0.001944
0.003125
0.003542
0.006528
0.006736
0.000903
0.002431
0.001597
0.002083
0.003958
0.005139
0.003333
0.002500
0.005833
0.004375
0.004653
0.001111
0.001111
0.002292
0.007986
0.006042
0.001875
0.003958
0.002917
0.002014
0.001389
0.007917
0.002292
0.002014
0.004792
0.010347
0.002083
0.006944
0.001458
0.002431
0.004792
0.004444
0.001875
0.002500
0.006667
0.004583
0.004167
0.005278
0.003125
0.003403
0.003889
