0.096345
0.002553
0.003359
0.003762
0.003292
0.003023
0.007323
0.004367
0.001680
0.003628
0.003628
0.003225
0.003964
0.003494
0.003494
0.007122
0.005509
0.002553
0.003023
0.006584
0.002755
0.002486
0.006114
0.004166
0.002083
0.004770
0.005509
0.002284
0.001747
0.001881
0.003964
0.004703
0.003695
0.002755
0.002419
0.006920
0.002755
0.002419
0.003628
0.003091
0.002419
0.004434
0.003897
0.001814
0.003426
0.003292
0.002687
0.001209
0.003762
0.002016
0.002419
0.004770
0.001680
0.003023
0.007323
0.004233
0.001747
0.002822
0.003426
0.002419
0.006853
0.003897
0.002889
0.004166
0.004569
0.003695
0.002755
0.006248
0.003023
0.004569
0.001814
0.004434
0.002352
0.003897
0.004367
0.003359
0.002956
0.004703
0.002217
0.004367
0.003292
0.003225
0.002217
0.003964
0.003225
0.008130
0.003628
0.002956
0.001209
0.002889
0.002822
0.002083
0.002486
0.002419
0.002889
0.007122
0.003762
0.002687
0.001814
0.004031
0.003964
0.007458
0.002889
0.003158
0.002352
0.003762
0.002889
0.001881
0.006181
0.003494
0.002822
0.003897
0.005778
0.003830
0.002553
0.006047
0.002217
0.004905
0.002620
0.002889
0.002620
0.005509
0.005106
0.003091
0.003426
0.003494
0.002956
0.002687
0.002150
0.002486
0.003158
0.003830
0.003091
0.005241
0.005241
0.003225
0.002419
0.002419
0.003359
0.002419
0.006853
0.002822
0.002755
0.005845
0.002352
0.002822
0.002687
0.006920
0.002687
0.003494
0.004233
0.002687
0.002822
0.002284
0.007458
0.002419
0.003091
0.002016
0.002755
0.005241
0.005845
0.002419
0.001680
0.003628
0.002687
0.003292
0.004770
0.001814
0.001814
0.002687
0.007189
0.003359
0.003964
0.002016
0.002755
0.004300
0.001881
0.002016
0.002553
0.003292
0.002284
0.005845
0.003695
0.002822
0.001948
0.002486
0.002284
0.002016
0.003897
0.001948
0.002822
0.008465
0.002486
0.002822
0.002553
0.007525
0.001209
0.004837
0.003964
0.002083
0.002687
0.007055
0.002956
0.002889
0.003359
0.004636
0.002217
0.005442
0.001948
0.002956
0.001747
0.003964
0.002016
0.005375
0.005375
0.002150
0.002352
0.003426
0.002284
0.003830
0.005778
0.003830
0.002419
0.005644
0.003830
0.002822
0.002083
0.003292
0.003561
0.004434
0.007323
0.002620
0.002889
0.002889
0.001948
0.002755
0.004098
0.004636
0.002419
0.007390
0.005778
0.004098
0.002217
0.003292
0.002486
0.004166
0.003359
0.002284
0.002956
0.005644
0.001881
0.003628
0.003426
0.003695
0.001545
0.005644
