0.083580
0.002083
0.002956
0.002889
0.003964
0.004166
0.006786
0.003359
0.002687
0.003964
0.004098
0.001747
0.004837
0.003023
0.003426
0.006584
0.006316
0.002486
0.003897
0.003494
0.002352
0.002284
0.004703
0.003091
0.003628
0.005576
0.005576
0.001948
0.002687
0.002150
0.002755
0.004166
0.004703
0.003292
0.003091
0.005375
0.003494
0.002553
0.005308
0.002419
0.002889
0.004367
0.004905
0.001881
0.006786
0.002755
0.003830
0.001344
0.004905
0.002687
0.002620
0.002822
0.004300
0.003225
0.006383
0.003494
0.003561
0.003292
0.003830
0.001948
0.007995
0.003561
0.003964
0.003091
0.004569
0.003292
0.002687
0.004367
0.003158
0.005173
0.002553
0.002553
0.002486
0.004367
0.004703
0.002419
0.002755
0.004031
0.002486
0.003628
0.003695
0.002419
0.002620
0.002419
0.003494
0.007458
0.003426
0.003695
0.002889
0.003225
0.003426
0.001881
0.004837
0.002419
0.003292
0.009003
0.003897
0.002553
0.002822
0.003292
0.004434
0.008197
0.004636
0.002150
0.002486
0.003695
0.003762
0.002553
0.009406
0.003426
0.004569
0.002553
0.005845
0.003762
0.003292
0.003628
0.003695
0.004703
0.003494
0.001747
0.003225
0.003964
0.004166
0.001344
0.006987
0.003225
0.003359
0.002284
0.002889
0.002284
0.002620
0.003628
0.004166
0.005576
0.006114
0.001948
0.002553
0.002889
0.003158
0.002553
0.006987
0.002822
0.003762
0.004098
0.003762
0.002217
0.003897
0.003830
0.003762
0.002822
0.005241
0.002687
0.003494
0.001411
0.005241
0.001680
0.003695
0.002755
0.003158
0.004837
0.005106
0.002284
0.002419
0.002217
0.004972
0.003292
0.004703
0.002419
0.003292
0.002687
0.007726
0.002889
0.005845
0.002687
0.003695
0.003897
0.003426
0.002419
0.002755
0.001478
0.003091
0.004972
0.005375
0.003494
0.002956
0.001478
0.002553
0.002284
0.004837
0.002889
0.002620
0.006181
0.002553
0.002284
0.002553
0.006316
0.003494
0.004837
0.002822
0.002822
0.003091
0.006651
0.002620
0.001814
0.003359
0.003091
0.003225
0.002687
0.002352
0.001881
0.001948
0.002016
0.003158
0.004636
0.006248
0.002687
0.003158
0.002150
0.002217
0.001612
0.004501
0.002956
0.003830
0.005308
0.005173
0.001747
0.002352
0.002016
0.004434
0.005644
0.004972
0.001680
0.003225
0.002553
0.002889
0.001747
0.006316
0.002620
0.004166
0.004703
0.008533
0.003023
0.001948
0.001747
0.003830
0.003762
0.004367
0.002822
0.002620
0.006248
0.003091
0.001881
0.004636
0.003023
0.002620
0.002755
