0.067186
0.000941
0.004636
0.006316
0.003561
0.001545
0.007390
0.003426
0.002755
0.001008
0.008869
0.003964
0.003292
0.001747
0.005442
0.010884
0.002822
0.000941
0.004233
0.007659
0.002755
0.000470
0.009339
0.006181
0.001680
0.001814
0.008869
0.002352
0.002150
0.001344
0.006651
0.009137
0.007055
0.000672
0.003292
0.005241
0.004434
0.000806
0.005509
0.003158
0.004233
0.002822
0.009809
0.001747
0.005106
0.000806
0.005980
0.002486
0.003292
0.001075
0.003964
0.002889
0.003897
0.001545
0.009540
0.003359
0.003494
0.002150
0.005778
0.002419
0.009272
0.001344
0.005912
0.002352
0.003964
0.000739
0.002755
0.008062
0.001680
0.003695
0.001545
0.004837
0.002620
0.003695
0.005039
0.003426
0.001881
0.001814
0.002016
0.007122
0.002755
0.000739
0.002486
0.005241
0.003628
0.006316
0.004367
0.004166
0.001277
0.001344
0.003023
0.002217
0.002352
0.001747
0.003762
0.009137
0.005442
0.000873
0.002016
0.003225
0.003695
0.005442
0.003023
0.002687
0.004098
0.002150
0.003426
0.002217
0.007390
0.000941
0.003628
0.002620
0.006584
0.000672
0.002217
0.004972
0.005308
0.002083
0.002553
0.002687
0.002620
0.004031
0.003426
0.001881
0.004569
0.001411
0.004569
0.002486
0.002352
0.000672
0.007525
0.006987
0.002822
0.002217
0.007256
0.002822
0.001680
0.000605
0.006114
0.002889
0.003426
0.000873
0.006114
0.007122
0.002419
0.000605
0.003494
0.010951
0.002620
0.001142
0.007861
0.005173
0.002217
0.000336
0.008801
0.002956
0.002687
0.001209
0.004972
0.007525
0.011287
0.000806
0.004770
0.002755
0.004636
0.001680
0.006047
0.003426
0.004434
0.000806
0.012094
0.002352
0.005173
0.000806
0.005509
0.003359
0.004233
0.000269
0.004031
0.002083
0.004031
0.002419
0.007726
0.002755
0.003561
0.000470
0.005644
0.001545
0.006786
0.001411
0.005039
0.005308
0.002352
0.001075
0.003830
0.010683
0.001545
0.002016
0.003426
0.003628
0.002486
0.007592
0.003158
0.003158
0.002419
0.002083
0.002956
0.005778
0.001545
0.001008
0.001545
0.005778
0.002755
0.002755
0.004233
0.004367
0.001411
0.001948
0.001948
0.002822
0.004636
0.001344
0.002822
0.006987
0.005778
0.001142
0.001545
0.001747
0.003762
0.003091
0.003561
0.001612
0.004031
0.001881
0.002419
0.001209
0.004972
0.001075
0.002822
0.005442
0.009205
0.000672
0.002419
0.002284
0.005778
0.001881
0.002889
0.002553
0.003762
0.006651
0.001948
0.000941
0.005308
0.001747
0.001948
0.002956
