0.054690
0.000470
0.003762
0.006987
0.002620
0.000537
0.007458
0.004636
0.001814
0.001209
0.004905
0.005509
0.002352
0.001747
0.005509
0.011556
0.003695
0.000403
0.002687
0.010347
0.002822
0.000739
0.006450
0.007189
0.002486
0.002083
0.007861
0.002956
0.002284
0.001209
0.008331
0.011892
0.011354
0.000941
0.002620
0.003695
0.007928
0.000739
0.005375
0.001545
0.005509
0.003023
0.006450
0.001814
0.010145
0.001277
0.005442
0.001344
0.007390
0.001209
0.004434
0.001881
0.007323
0.002620
0.008801
0.003091
0.005442
0.000739
0.004703
0.000941
0.013437
0.001747
0.005106
0.003091
0.004367
0.000672
0.001075
0.008667
0.001814
0.002620
0.001411
0.003426
0.001680
0.004636
0.003292
0.002889
0.001612
0.002352
0.002822
0.004233
0.002553
0.000605
0.001545
0.004367
0.002217
0.006047
0.001814
0.004972
0.002553
0.001008
0.002284
0.002486
0.002553
0.002419
0.003292
0.011489
0.006987
0.001209
0.001142
0.001478
0.005644
0.006450
0.001612
0.000672
0.004031
0.002889
0.001881
0.000806
0.010951
0.002889
0.001814
0.001478
0.008331
0.001008
0.002016
0.002822
0.007592
0.003158
0.001612
0.001008
0.003830
0.004367
0.003225
0.000470
0.010414
0.004233
0.002083
0.001209
0.002419
0.000470
0.004636
0.009205
0.003292
0.002553
0.006517
0.004367
0.001948
0.000739
0.004233
0.007189
0.004367
0.000806
0.004031
0.007390
0.002284
0.000470
0.003091
0.010548
0.003023
0.001075
0.004501
0.007189
0.002083
0.000470
0.010212
0.003292
0.003561
0.000537
0.005241
0.005509
0.014378
0.001478
0.004031
0.003561
0.005980
0.000806
0.005241
0.001344
0.004703
0.002016
0.009406
0.002217
0.008062
0.001612
0.003964
0.002150
0.007323
0.000403
0.003830
0.001008
0.005173
0.003897
0.005039
0.002889
0.004837
0.000470
0.005912
0.001075
0.009339
0.000739
0.004636
0.003762
0.003091
0.000873
0.002083
0.011959
0.002217
0.001612
0.002284
0.002352
0.002150
0.007928
0.001948
0.002620
0.002352
0.001344
0.001747
0.005106
0.001881
0.000605
0.001142
0.005644
0.002284
0.003158
0.002956
0.003494
0.001612
0.001747
0.001411
0.003091
0.005442
0.001814
0.001814
0.006047
0.009339
0.001814
0.001814
0.001008
0.003964
0.003426
0.003292
0.000672
0.007659
0.003830
0.001545
0.000739
0.007189
0.001478
0.002822
0.002687
0.010414
0.001142
0.001612
0.001478
0.005241
0.002553
0.002419
0.001344
0.003897
0.007861
0.001545
0.001075
0.006719
0.001478
0.002620
0.001545
