0.057713
0.000739
0.003695
0.007726
0.002956
0.000672
0.008936
0.005778
0.001881
0.001075
0.007861
0.004367
0.002150
0.001747
0.005576
0.011220
0.003292
0.000873
0.003830
0.009137
0.001814
0.000403
0.010683
0.008936
0.001277
0.002284
0.006181
0.003628
0.001814
0.000739
0.007390
0.011086
0.010615
0.000873
0.003225
0.004300
0.007458
0.000605
0.008533
0.001814
0.004367
0.003091
0.006047
0.001612
0.011959
0.001277
0.005576
0.001411
0.006651
0.001209
0.003830
0.002016
0.008062
0.001612
0.011623
0.001814
0.003628
0.001545
0.005241
0.001478
0.012228
0.001008
0.005711
0.001478
0.003359
0.000672
0.000941
0.006383
0.002284
0.003023
0.001344
0.004233
0.001277
0.004501
0.002889
0.002687
0.001680
0.004367
0.002284
0.005039
0.002217
0.001277
0.000873
0.004905
0.002284
0.008264
0.001948
0.005106
0.001545
0.001881
0.001411
0.003023
0.001948
0.003561
0.001209
0.010347
0.007726
0.001411
0.000605
0.001881
0.005509
0.007794
0.000941
0.001478
0.004367
0.003158
0.001344
0.001209
0.012429
0.002755
0.001142
0.000873
0.007592
0.000806
0.000739
0.002553
0.008600
0.003830
0.001478
0.001612
0.004031
0.005644
0.002150
0.001344
0.008734
0.004434
0.000873
0.001478
0.001680
0.000605
0.002486
0.006584
0.002352
0.002553
0.006719
0.005509
0.001612
0.000672
0.008533
0.004703
0.003561
0.001075
0.004972
0.007525
0.001948
0.000605
0.003225
0.010078
0.002150
0.000941
0.007592
0.006987
0.001411
0.000336
0.008465
0.003225
0.002553
0.001142
0.006047
0.006987
0.011556
0.001075
0.002217
0.001209
0.006181
0.001680
0.005711
0.002217
0.004233
0.001478
0.010683
0.001209
0.009205
0.001075
0.004300
0.001814
0.006719
0.000605
0.003695
0.001008
0.006651
0.003494
0.006853
0.001814
0.005375
0.000202
0.005308
0.001411
0.009473
0.001478
0.005375
0.003494
0.001814
0.002486
0.000873
0.008667
0.001881
0.002217
0.002217
0.004501
0.001344
0.008398
0.001948
0.002755
0.003426
0.002016
0.001411
0.005442
0.001277
0.001881
0.000806
0.004501
0.001747
0.003628
0.002620
0.003897
0.001680
0.002620
0.000739
0.003091
0.003897
0.002956
0.001008
0.006786
0.007928
0.001948
0.000336
0.000806
0.005576
0.004031
0.001747
0.001814
0.005778
0.003897
0.001209
0.001075
0.008667
0.002352
0.001277
0.003695
0.009473
0.001612
0.000739
0.001277
0.006450
0.003762
0.001612
0.001075
0.003426
0.006584
0.000806
0.001142
0.007525
0.003426
0.000941
0.001209
