0.052204
0.001881
0.004098
0.007323
0.001478
0.002486
0.010817
0.004837
0.000605
0.002687
0.006987
0.003561
0.000941
0.003091
0.006383
0.009137
0.002352
0.001344
0.004031
0.005980
0.000806
0.001814
0.010078
0.007794
0.000873
0.002486
0.009137
0.003964
0.000806
0.002217
0.008264
0.012362
0.004367
0.001411
0.002352
0.003359
0.003964
0.001814
0.005980
0.001814
0.000941
0.002956
0.006987
0.000873
0.002620
0.002352
0.004905
0.001344
0.002352
0.002083
0.002755
0.001612
0.003359
0.002016
0.009540
0.001881
0.001814
0.002553
0.005509
0.001612
0.006987
0.003023
0.005173
0.001612
0.002419
0.005173
0.001075
0.006987
0.000941
0.012429
0.001142
0.006181
0.000403
0.010347
0.003628
0.003091
0.000873
0.006920
0.002419
0.007592
0.001277
0.003964
0.001881
0.004636
0.001277
0.011825
0.001881
0.005644
0.001209
0.006584
0.002150
0.003091
0.001344
0.008130
0.001478
0.012094
0.004434
0.004636
0.001209
0.001612
0.003359
0.012631
0.001142
0.000873
0.002486
0.006987
0.001612
0.000672
0.006987
0.006114
0.001411
0.001344
0.005173
0.004098
0.000806
0.001948
0.005039
0.007928
0.001277
0.001142
0.001814
0.008869
0.003023
0.000739
0.004905
0.007525
0.001612
0.001478
0.001075
0.002150
0.005308
0.008667
0.001075
0.003292
0.006651
0.004703
0.000739
0.002217
0.006651
0.002755
0.002620
0.002620
0.004703
0.007323
0.000470
0.001277
0.003225
0.008533
0.000941
0.002217
0.006248
0.005644
0.000537
0.002083
0.009272
0.003494
0.000605
0.002284
0.007189
0.007592
0.007256
0.002284
0.003023
0.002217
0.002150
0.002352
0.005711
0.001545
0.001478
0.001344
0.008130
0.000873
0.002822
0.002284
0.003426
0.001680
0.002620
0.001478
0.003292
0.000806
0.002553
0.003897
0.006584
0.001411
0.001881
0.001545
0.005576
0.000605
0.003628
0.001881
0.004905
0.002687
0.000873
0.005912
0.001680
0.009540
0.001814
0.008600
0.002419
0.005442
0.000941
0.012429
0.001478
0.002352
0.001478
0.006047
0.001680
0.005711
0.000806
0.004703
0.001478
0.004770
0.000941
0.009070
0.003091
0.005173
0.000605
0.006316
0.000806
0.003225
0.003091
0.006987
0.001948
0.006316
0.004837
0.006248
0.001008
0.001277
0.002620
0.008398
0.003359
0.001008
0.002822
0.005778
0.000672
0.000067
0.004367
0.005375
0.001478
0.002150
0.007256
0.003359
0.001075
0.001209
0.003762
0.006786
0.001747
0.001411
0.001277
0.010078
0.000941
0.000739
0.003964
0.006651
0.000941
0.001814
