0.074913
0.002083
0.002822
0.002083
0.003023
0.002755
0.006853
0.001814
0.002822
0.003158
0.004166
0.001680
0.002419
0.002620
0.002822
0.004905
0.006181
0.002419
0.001948
0.003964
0.003897
0.003897
0.005106
0.002150
0.002352
0.003091
0.005442
0.000403
0.004434
0.001948
0.003964
0.003494
0.007122
0.003762
0.003426
0.004233
0.003695
0.002486
0.006853
0.001344
0.003830
0.005442
0.006584
0.003561
0.005576
0.003292
0.004703
0.001344
0.004501
0.002956
0.003091
0.002016
0.004166
0.004972
0.009876
0.002553
0.003494
0.002150
0.004367
0.001008
0.008197
0.003830
0.004636
0.003292
0.005980
0.002687
0.003897
0.004300
0.002956
0.003830
0.003091
0.003091
0.004300
0.005912
0.006651
0.002687
0.003695
0.002755
0.003023
0.003561
0.004434
0.002755
0.002083
0.001478
0.005442
0.008398
0.004636
0.002889
0.002419
0.002687
0.002016
0.001209
0.004434
0.003426
0.003494
0.007592
0.004098
0.003158
0.003561
0.003091
0.003964
0.007794
0.003494
0.001209
0.003426
0.004098
0.003830
0.002284
0.007256
0.003628
0.002822
0.001545
0.006719
0.002755
0.001948
0.004031
0.004636
0.005576
0.003292
0.002755
0.002620
0.004636
0.004703
0.001277
0.007323
0.002889
0.003359
0.002419
0.003897
0.002083
0.003023
0.002217
0.002217
0.003695
0.004770
0.000806
0.004233
0.002016
0.003561
0.001545
0.005442
0.002150
0.002016
0.003158
0.002419
0.002083
0.002150
0.005644
0.003762
0.004569
0.005912
0.001545
0.003494
0.001948
0.007323
0.001008
0.004569
0.003158
0.003292
0.002822
0.008869
0.004569
0.003023
0.003091
0.003225
0.002352
0.005778
0.002016
0.005039
0.003830
0.008130
0.003225
0.006248
0.002822
0.003494
0.002083
0.003426
0.001881
0.002889
0.001209
0.003225
0.005778
0.007592
0.002620
0.003292
0.001948
0.003359
0.001411
0.006651
0.004434
0.003830
0.004367
0.003695
0.002284
0.003762
0.006786
0.003091
0.002956
0.003561
0.001411
0.003628
0.007189
0.004972
0.002352
0.004636
0.002553
0.003023
0.003091
0.002822
0.002083
0.001747
0.002016
0.004300
0.005039
0.006517
0.002150
0.003023
0.002016
0.001948
0.001209
0.005845
0.002687
0.003964
0.004434
0.004367
0.002486
0.003091
0.001881
0.002419
0.003830
0.005308
0.001747
0.002889
0.002620
0.002150
0.002016
0.005442
0.003359
0.003628
0.004166
0.008331
0.001747
0.002352
0.000739
0.003964
0.005644
0.004233
0.002083
0.002419
0.007189
0.002083
0.000941
0.007055
0.003695
0.003695
0.003426
