0.048307
0.001411
0.006114
0.006047
0.003426
0.001277
0.009473
0.003158
0.003023
0.001277
0.006383
0.004837
0.002217
0.000941
0.005576
0.012497
0.002755
0.000806
0.003426
0.007928
0.001612
0.000873
0.008465
0.005644
0.002620
0.002486
0.007390
0.002486
0.002284
0.001075
0.008331
0.011422
0.007659
0.001344
0.005039
0.004501
0.005778
0.000806
0.007928
0.002217
0.003359
0.001881
0.008130
0.002352
0.006987
0.001545
0.007458
0.001478
0.005173
0.001209
0.004031
0.002419
0.003830
0.001142
0.012161
0.003091
0.004031
0.001948
0.004300
0.001680
0.011892
0.001478
0.006316
0.002889
0.003091
0.000941
0.002352
0.007794
0.002553
0.003494
0.001747
0.003494
0.002016
0.004031
0.003359
0.003762
0.001478
0.001814
0.003628
0.007390
0.003830
0.001277
0.003091
0.004166
0.002822
0.005711
0.003628
0.003158
0.001881
0.001814
0.002755
0.002284
0.001680
0.001277
0.004569
0.012362
0.004972
0.001075
0.002553
0.002889
0.004166
0.005576
0.002889
0.002687
0.003494
0.001411
0.003359
0.001881
0.009608
0.002150
0.004905
0.002687
0.008667
0.000941
0.001814
0.003091
0.003830
0.002284
0.002150
0.001612
0.004031
0.004569
0.003091
0.001008
0.007055
0.001814
0.003695
0.001478
0.002352
0.000739
0.005442
0.007525
0.003023
0.002620
0.006719
0.003695
0.001747
0.000806
0.006248
0.005442
0.002755
0.000873
0.004837
0.007592
0.002889
0.000941
0.003628
0.010683
0.002419
0.000873
0.006651
0.004300
0.002284
0.001612
0.009742
0.003158
0.002889
0.001142
0.005912
0.006450
0.011959
0.000336
0.004300
0.003830
0.004703
0.000941
0.005845
0.002284
0.003830
0.001142
0.010615
0.002486
0.005308
0.001075
0.005644
0.003225
0.008130
0.001008
0.003897
0.002016
0.003426
0.002755
0.008130
0.002687
0.005039
0.000739
0.004972
0.001478
0.006584
0.001680
0.004905
0.004972
0.001545
0.001478
0.002956
0.009137
0.002150
0.002352
0.003695
0.002755
0.001948
0.007861
0.002687
0.003023
0.002553
0.001478
0.003561
0.004233
0.002687
0.000672
0.001948
0.006248
0.002822
0.003292
0.004703
0.003762
0.001747
0.003359
0.002083
0.003830
0.003628
0.001209
0.003762
0.005778
0.005845
0.001680
0.002822
0.001747
0.003628
0.002553
0.003964
0.001747
0.003561
0.001881
0.002217
0.001411
0.006987
0.001008
0.003225
0.003762
0.012698
0.001008
0.002419
0.001545
0.002755
0.001478
0.002284
0.001680
0.003628
0.007055
0.002284
0.001680
0.004166
0.001411
0.003359
0.001344
