0.076794
0.002016
0.002687
0.004166
0.004031
0.002553
0.009473
0.002083
0.002755
0.002822
0.003695
0.001612
0.002620
0.002553
0.003359
0.009339
0.003561
0.002016
0.002150
0.004434
0.003897
0.001545
0.006383
0.004098
0.003292
0.004434
0.006114
0.001142
0.002352
0.001814
0.004233
0.006181
0.007122
0.002486
0.003023
0.004569
0.004569
0.002150
0.008130
0.001142
0.003561
0.003494
0.005644
0.001881
0.005375
0.002553
0.006719
0.001411
0.004367
0.001747
0.003158
0.002687
0.004569
0.001612
0.009406
0.003426
0.002889
0.002956
0.003762
0.001142
0.009272
0.003897
0.004972
0.002956
0.003964
0.001209
0.001680
0.006248
0.003292
0.006181
0.002217
0.002419
0.002687
0.008197
0.003964
0.001814
0.001948
0.004501
0.002553
0.005576
0.003628
0.002486
0.002486
0.002822
0.004905
0.008197
0.001881
0.003830
0.002217
0.004770
0.002687
0.001142
0.002889
0.001881
0.003494
0.012094
0.004434
0.001814
0.002620
0.002016
0.003561
0.009339
0.002956
0.003359
0.003158
0.002620
0.003023
0.001612
0.009944
0.002016
0.003964
0.001411
0.007256
0.002419
0.002217
0.004837
0.005308
0.004031
0.002419
0.002687
0.003023
0.006920
0.003628
0.001344
0.005980
0.003292
0.002083
0.001680
0.003158
0.002822
0.002016
0.004300
0.003426
0.003762
0.005509
0.001612
0.002956
0.001747
0.003762
0.002217
0.003561
0.001814
0.003091
0.005106
0.003897
0.003628
0.002822
0.006651
0.002620
0.003023
0.005308
0.001747
0.003292
0.002620
0.008465
0.001747
0.005039
0.002083
0.003292
0.003897
0.009339
0.001881
0.002755
0.002755
0.003964
0.002822
0.004770
0.001680
0.004031
0.001545
0.009406
0.002889
0.004367
0.001545
0.003762
0.003628
0.004905
0.002553
0.002822
0.001612
0.003426
0.004367
0.005980
0.001478
0.002553
0.002755
0.003695
0.001545
0.006920
0.002755
0.002620
0.004300
0.002284
0.003158
0.001881
0.007861
0.002217
0.003494
0.002419
0.001209
0.003426
0.011153
0.002150
0.001411
0.004233
0.001478
0.002822
0.003897
0.002284
0.002620
0.001612
0.002956
0.003091
0.006316
0.004770
0.001545
0.003158
0.005375
0.002150
0.002889
0.003762
0.002419
0.002553
0.006114
0.005980
0.003628
0.001948
0.001411
0.003158
0.005644
0.003830
0.001545
0.004636
0.003225
0.002016
0.001344
0.005644
0.002419
0.003292
0.004770
0.010011
0.002687
0.003359
0.001881
0.003628
0.002083
0.002889
0.001948
0.002217
0.010279
0.002755
0.001680
0.004434
0.002486
0.002553
0.001814
