0.046426
0.004098
0.003359
0.004501
0.001948
0.003023
0.007861
0.004569
0.001277
0.007055
0.003897
0.006450
0.001075
0.004300
0.002284
0.008936
0.002217
0.002419
0.002284
0.006517
0.001545
0.004098
0.004300
0.006651
0.001075
0.003695
0.006651
0.004166
0.001008
0.004501
0.003359
0.007122
0.003897
0.003695
0.001545
0.004098
0.001612
0.002083
0.002553
0.003023
0.001411
0.005241
0.006853
0.005039
0.002016
0.003158
0.002486
0.002486
0.001612
0.002150
0.001680
0.003359
0.001411
0.004569
0.006450
0.004569
0.000739
0.005442
0.003091
0.003494
0.005039
0.005845
0.002553
0.003561
0.001545
0.004569
0.002687
0.009406
0.001142
0.003964
0.001948
0.004233
0.001814
0.009742
0.003762
0.007323
0.000739
0.003628
0.002217
0.007390
0.001545
0.002755
0.003292
0.005644
0.002620
0.010212
0.003494
0.004770
0.001478
0.004166
0.004367
0.005980
0.001075
0.006248
0.004905
0.008533
0.001814
0.003426
0.002083
0.003494
0.001277
0.005442
0.002217
0.003091
0.000739
0.006248
0.003494
0.003628
0.005711
0.003158
0.002553
0.003762
0.003897
0.002620
0.001814
0.003964
0.002956
0.006316
0.002486
0.003628
0.001008
0.006450
0.003158
0.003292
0.004636
0.004837
0.002755
0.003359
0.001277
0.003292
0.003225
0.008600
0.001881
0.004837
0.005173
0.004972
0.000941
0.003292
0.005442
0.004300
0.001680
0.003023
0.002217
0.006719
0.001411
0.002150
0.002083
0.009876
0.002150
0.005509
0.004703
0.007659
0.001209
0.001948
0.006786
0.004098
0.001612
0.003897
0.003762
0.004367
0.006248
0.004166
0.003158
0.003897
0.002150
0.003897
0.002822
0.004031
0.001545
0.004233
0.008062
0.003762
0.001478
0.002889
0.002755
0.002889
0.002016
0.002687
0.002956
0.002687
0.001545
0.006786
0.005509
0.005106
0.000941
0.001948
0.004501
0.002822
0.003494
0.003830
0.002352
0.003830
0.001680
0.004770
0.003023
0.012631
0.001478
0.004031
0.003225
0.007122
0.001814
0.012295
0.003292
0.004636
0.001680
0.003628
0.002284
0.004569
0.000806
0.004098
0.002217
0.005845
0.002486
0.007390
0.004703
0.006987
0.000739
0.004367
0.001747
0.005845
0.001680
0.004703
0.003225
0.006987
0.002755
0.004972
0.002217
0.002687
0.001478
0.005912
0.002284
0.004972
0.000941
0.006853
0.002217
0.002889
0.002822
0.003023
0.001209
0.003561
0.006047
0.002889
0.001881
0.002822
0.002956
0.006853
0.003023
0.003695
0.001075
0.004905
0.001948
0.002687
0.001545
0.004233
0.001612
0.004031
