0.051868
0.000605
0.003695
0.007659
0.003091
0.000605
0.008465
0.005576
0.001478
0.001948
0.006920
0.004905
0.002150
0.001344
0.005442
0.011287
0.002889
0.000873
0.003426
0.007928
0.002352
0.000806
0.010817
0.009137
0.001478
0.002284
0.006450
0.003897
0.001478
0.001142
0.007390
0.012228
0.010011
0.000806
0.003225
0.003426
0.006517
0.000739
0.007390
0.002419
0.005644
0.002956
0.007189
0.001142
0.011086
0.001344
0.005308
0.001209
0.005912
0.001277
0.003091
0.002083
0.008197
0.001344
0.012228
0.002016
0.004569
0.001747
0.005039
0.001612
0.011758
0.002083
0.005173
0.002016
0.003225
0.000739
0.001008
0.006786
0.002553
0.003695
0.001747
0.004166
0.001612
0.004501
0.003158
0.002822
0.001478
0.003158
0.001747
0.006248
0.003292
0.001747
0.000941
0.005442
0.002889
0.007525
0.001948
0.004300
0.002284
0.002553
0.002419
0.003292
0.002083
0.002822
0.001612
0.010414
0.006920
0.002284
0.000806
0.002352
0.005442
0.008062
0.001209
0.001209
0.004636
0.003762
0.001545
0.000941
0.012362
0.002486
0.001277
0.001612
0.008264
0.001948
0.000873
0.002687
0.007726
0.003628
0.002083
0.002486
0.003292
0.004770
0.001881
0.001545
0.008734
0.004569
0.001612
0.001814
0.001612
0.000873
0.002687
0.008264
0.002284
0.002620
0.006651
0.004703
0.002150
0.000806
0.007525
0.005241
0.003292
0.000941
0.004837
0.006987
0.001478
0.000537
0.003695
0.010145
0.001478
0.001277
0.007189
0.006651
0.001478
0.000537
0.008465
0.003292
0.002620
0.001209
0.005912
0.007055
0.011489
0.000806
0.002822
0.001209
0.006316
0.001344
0.005375
0.001881
0.006047
0.001344
0.009608
0.001545
0.008869
0.001075
0.005241
0.002083
0.006853
0.001075
0.003964
0.001142
0.006584
0.003292
0.006584
0.001948
0.004636
0.000537
0.005375
0.001545
0.008600
0.001814
0.004972
0.003897
0.001680
0.001612
0.000403
0.007189
0.002419
0.002687
0.002150
0.003426
0.001411
0.008533
0.002486
0.003225
0.002889
0.001612
0.001344
0.005845
0.000806
0.002016
0.000941
0.004837
0.002150
0.003158
0.002486
0.003897
0.001881
0.002755
0.000873
0.002486
0.004031
0.002822
0.001344
0.006450
0.006987
0.001545
0.000403
0.001075
0.005308
0.004166
0.002419
0.001948
0.006584
0.004367
0.001411
0.001209
0.007189
0.001612
0.000739
0.003830
0.010011
0.001680
0.001545
0.000873
0.006181
0.003561
0.001948
0.001411
0.003091
0.007323
0.000941
0.000941
0.007055
0.002486
0.001142
0.001612
