0.105348
0.001344
0.002486
0.003561
0.004031
0.002083
0.007189
0.003091
0.002419
0.002755
0.003091
0.002553
0.003023
0.003023
0.005173
0.011354
0.005173
0.002284
0.001411
0.004569
0.002956
0.001545
0.005173
0.003091
0.002822
0.005241
0.003359
0.002284
0.002620
0.002553
0.003158
0.004770
0.004636
0.001612
0.003292
0.005980
0.007122
0.002486
0.005106
0.002419
0.002822
0.004233
0.004300
0.002016
0.009608
0.002822
0.003897
0.002822
0.003023
0.002284
0.001344
0.003292
0.003494
0.002352
0.008600
0.002889
0.003561
0.002889
0.002755
0.002486
0.008465
0.002620
0.003494
0.002687
0.004166
0.002620
0.003158
0.003561
0.002284
0.006114
0.002620
0.004233
0.001881
0.004837
0.004569
0.002486
0.002486
0.003830
0.003359
0.005576
0.002083
0.002956
0.001948
0.002822
0.002553
0.008264
0.003292
0.003897
0.001881
0.002755
0.002889
0.003091
0.002553
0.004166
0.003830
0.011220
0.002755
0.002620
0.002284
0.002352
0.006316
0.008533
0.002486
0.003359
0.002284
0.003359
0.003091
0.001814
0.011556
0.003292
0.003292
0.003292
0.004837
0.001881
0.001545
0.005241
0.003830
0.005778
0.001747
0.002486
0.003561
0.004300
0.003225
0.002956
0.006248
0.003762
0.002889
0.002620
0.002083
0.002016
0.002083
0.003359
0.002217
0.004569
0.004770
0.002956
0.001814
0.001612
0.002352
0.002889
0.005980
0.002553
0.001747
0.006920
0.004166
0.002755
0.001612
0.006114
0.001814
0.002620
0.005711
0.002083
0.002822
0.002150
0.002486
0.002822
0.002956
0.001545
0.002956
0.005711
0.005308
0.002956
0.001814
0.003695
0.004233
0.003830
0.005241
0.002956
0.001747
0.001881
0.007861
0.003561
0.007928
0.002352
0.002217
0.003091
0.002486
0.001142
0.003359
0.001680
0.002620
0.004905
0.006853
0.002553
0.003695
0.001545
0.002150
0.002083
0.006920
0.001881
0.002620
0.006316
0.003830
0.002553
0.002687
0.005644
0.001814
0.004031
0.004098
0.003023
0.002822
0.008197
0.003158
0.001680
0.003426
0.002083
0.001881
0.004703
0.001411
0.002083
0.001948
0.002083
0.001344
0.006181
0.006047
0.002419
0.001948
0.002889
0.001142
0.002889
0.004031
0.002352
0.002083
0.006651
0.003292
0.002419
0.001478
0.002620
0.002687
0.006181
0.004905
0.003561
0.001948
0.003695
0.002553
0.002352
0.009003
0.002486
0.001814
0.004233
0.006450
0.002284
0.002553
0.002620
0.002150
0.004300
0.003964
0.002016
0.003292
0.005173
0.002822
0.003897
0.004905
0.002956
0.001344
0.002687
