0.131013
0.000873
0.001478
0.003225
0.002687
0.001881
0.007458
0.004905
0.001680
0.002150
0.004031
0.002553
0.002687
0.002889
0.003561
0.010750
0.005375
0.001545
0.002083
0.003897
0.003091
0.001747
0.005912
0.003426
0.002553
0.005308
0.005173
0.002553
0.002016
0.002150
0.003158
0.005576
0.005980
0.002150
0.001209
0.003964
0.004972
0.001747
0.004300
0.001747
0.002016
0.004636
0.004837
0.002755
0.006450
0.001814
0.004233
0.002217
0.003359
0.001478
0.002016
0.002016
0.003628
0.002083
0.009876
0.002083
0.002553
0.002016
0.003830
0.001948
0.010683
0.002889
0.004569
0.002956
0.006584
0.002016
0.001478
0.004636
0.001411
0.008130
0.001814
0.003695
0.002150
0.004233
0.005980
0.002687
0.002016
0.004770
0.002150
0.007592
0.002822
0.001814
0.001209
0.002956
0.002755
0.006584
0.002150
0.003762
0.001814
0.002352
0.002822
0.002620
0.004098
0.003292
0.002553
0.008734
0.003830
0.002150
0.002150
0.002956
0.003695
0.011019
0.001948
0.002956
0.002352
0.002217
0.003359
0.002419
0.010817
0.003494
0.003225
0.003695
0.005308
0.001478
0.001411
0.004098
0.004166
0.005644
0.001545
0.001948
0.003225
0.004098
0.005241
0.002352
0.007995
0.003762
0.002755
0.002217
0.002150
0.001411
0.002486
0.003091
0.002687
0.005308
0.006651
0.002553
0.002150
0.001277
0.001680
0.002956
0.005039
0.001881
0.001948
0.006047
0.003292
0.002687
0.003225
0.006047
0.002687
0.002755
0.004905
0.002016
0.002217
0.001612
0.006181
0.002150
0.003426
0.001478
0.002016
0.004636
0.005980
0.002889
0.002419
0.002419
0.002284
0.003225
0.005576
0.002083
0.002284
0.002284
0.007861
0.002352
0.007055
0.001747
0.002687
0.003897
0.002083
0.001881
0.001948
0.001881
0.002620
0.004569
0.006987
0.002755
0.002620
0.001008
0.001948
0.001612
0.006719
0.001881
0.002553
0.004166
0.004636
0.002016
0.002284
0.005442
0.003091
0.005912
0.003091
0.002620
0.002150
0.007122
0.002486
0.002150
0.003359
0.001814
0.001881
0.005375
0.002016
0.001411
0.002755
0.002620
0.002083
0.004636
0.005576
0.001814
0.002352
0.002352
0.001344
0.002352
0.006517
0.002284
0.001545
0.005576
0.004837
0.002419
0.001478
0.001747
0.002687
0.006383
0.006248
0.002150
0.002486
0.002284
0.001008
0.001948
0.006853
0.002217
0.001612
0.004703
0.005442
0.002620
0.002217
0.002150
0.003628
0.004636
0.003964
0.002956
0.002217
0.007256
0.002083
0.002553
0.007390
0.001680
0.002419
0.002553
