0.080892
0.001277
0.003023
0.001411
0.002687
0.001612
0.012026
0.002956
0.001008
0.002217
0.008667
0.000470
0.001545
0.002352
0.004972
0.004972
0.002620
0.001209
0.003964
0.002755
0.002419
0.001209
0.011153
0.003023
0.001680
0.004166
0.010817
0.000470
0.001680
0.002150
0.006450
0.002016
0.009003
0.001142
0.004501
0.002083
0.005039
0.001747
0.010414
0.001209
0.003561
0.001881
0.010951
0.000470
0.007659
0.002016
0.008264
0.001344
0.004972
0.001344
0.004031
0.001075
0.006719
0.001277
0.015386
0.001008
0.003023
0.002016
0.009137
0.000605
0.012497
0.001545
0.005845
0.000739
0.004501
0.001948
0.001075
0.003158
0.002889
0.005106
0.002016
0.001948
0.001277
0.006181
0.004300
0.000403
0.001814
0.004501
0.002687
0.002889
0.002956
0.003628
0.001948
0.001209
0.002486
0.007055
0.002016
0.002016
0.001612
0.004569
0.002687
0.000941
0.002352
0.005039
0.002217
0.004703
0.007256
0.002889
0.001747
0.000941
0.005778
0.011623
0.002889
0.001008
0.002687
0.005576
0.002822
0.000336
0.010481
0.005711
0.004166
0.001075
0.008130
0.003292
0.001612
0.001948
0.004569
0.005711
0.002486
0.000605
0.002486
0.007726
0.004770
0.000672
0.009003
0.007055
0.003023
0.000806
0.001478
0.001612
0.003225
0.003023
0.002419
0.004703
0.009272
0.000739
0.001209
0.001612
0.007055
0.000537
0.002620
0.002956
0.005106
0.003561
0.001277
0.001142
0.004031
0.003830
0.001814
0.001411
0.009473
0.001075
0.002016
0.001680
0.013169
0.000739
0.003426
0.001344
0.003359
0.001814
0.009675
0.001411
0.005039
0.000806
0.003830
0.002687
0.009003
0.000941
0.003426
0.001008
0.014848
0.000672
0.006047
0.001545
0.004703
0.001344
0.005576
0.001411
0.005509
0.000470
0.004300
0.001209
0.013908
0.000403
0.003292
0.001747
0.008465
0.000806
0.008801
0.001680
0.005308
0.002150
0.002150
0.003225
0.001948
0.003762
0.001881
0.005442
0.003158
0.000873
0.001411
0.009540
0.001814
0.000470
0.003023
0.004233
0.002352
0.001881
0.001948
0.003158
0.002083
0.001075
0.002352
0.004972
0.004972
0.000941
0.001881
0.004166
0.001948
0.001545
0.004300
0.004300
0.001478
0.002419
0.006987
0.004636
0.001881
0.000605
0.003628
0.007189
0.005711
0.000806
0.002284
0.004300
0.001411
0.000202
0.007726
0.004166
0.003158
0.002150
0.008533
0.004972
0.002620
0.000672
0.003292
0.003225
0.003830
0.000873
0.003494
0.012295
0.001814
0.000336
0.007659
0.003964
0.001948
0.000806
