0.068396
0.002956
0.003695
0.005173
0.003830
0.001881
0.006987
0.001277
0.003158
0.003628
0.006584
0.001881
0.002755
0.002889
0.003023
0.003897
0.003762
0.001277
0.001747
0.005106
0.004233
0.002150
0.006181
0.004166
0.002620
0.002352
0.007390
0.001478
0.003023
0.002217
0.003762
0.007323
0.006584
0.002352
0.006047
0.006248
0.002755
0.001075
0.005173
0.002352
0.003695
0.001881
0.009406
0.003494
0.003158
0.001612
0.004703
0.002486
0.004233
0.002150
0.003225
0.004166
0.003561
0.002687
0.007323
0.004770
0.003830
0.002150
0.004703
0.002016
0.007726
0.003091
0.004703
0.005644
0.005778
0.002889
0.004703
0.007458
0.003494
0.002755
0.002822
0.002352
0.002620
0.005173
0.005576
0.002889
0.002486
0.002016
0.003091
0.002687
0.003897
0.001344
0.004098
0.002687
0.002822
0.005241
0.006383
0.003023
0.003225
0.002150
0.004837
0.000873
0.004367
0.002755
0.006719
0.008130
0.003830
0.001747
0.004098
0.005644
0.003762
0.005980
0.002889
0.002284
0.002687
0.002150
0.006316
0.001545
0.006114
0.001411
0.004098
0.002284
0.005912
0.001545
0.002755
0.002956
0.002889
0.003359
0.005039
0.003292
0.003225
0.005308
0.004031
0.001411
0.004233
0.001008
0.003897
0.003023
0.003561
0.002150
0.003561
0.006047
0.003494
0.002352
0.004972
0.001814
0.003091
0.001344
0.004972
0.002352
0.003830
0.002150
0.003628
0.003695
0.003225
0.001344
0.003091
0.007525
0.004166
0.002822
0.004837
0.002687
0.002419
0.001545
0.008331
0.001411
0.005039
0.002620
0.004501
0.005039
0.009003
0.002553
0.004098
0.004636
0.004905
0.002150
0.003897
0.002687
0.003091
0.002083
0.010817
0.003830
0.003023
0.002083
0.003292
0.003225
0.004501
0.001411
0.003225
0.001680
0.003762
0.002419
0.006719
0.003561
0.002755
0.001814
0.004972
0.002284
0.005980
0.003897
0.005845
0.005845
0.003426
0.002352
0.003964
0.010884
0.003023
0.001277
0.004636
0.001680
0.003023
0.008465
0.004501
0.003292
0.002755
0.001948
0.004300
0.002486
0.002553
0.001478
0.002620
0.002822
0.004166
0.002956
0.005173
0.002217
0.002687
0.003628
0.002553
0.000941
0.005912
0.002352
0.005442
0.005711
0.004300
0.001277
0.003091
0.002419
0.003091
0.003561
0.002553
0.002217
0.002016
0.002956
0.004233
0.002284
0.004703
0.000941
0.003426
0.003359
0.008264
0.001478
0.002822
0.001612
0.003426
0.002553
0.005778
0.001881
0.002620
0.008331
0.002083
0.001680
0.004837
0.001948
0.003964
0.003561
