0.042663
0.001948
0.003158
0.002419
0.004098
0.002217
0.006114
0.001680
0.002822
0.004098
0.003964
0.001075
0.004367
0.003091
0.004501
0.005106
0.004434
0.001747
0.002352
0.004501
0.003292
0.002755
0.004972
0.002553
0.002419
0.004031
0.006047
0.001411
0.002217
0.002956
0.003628
0.001814
0.008734
0.002822
0.003225
0.003494
0.005980
0.002486
0.005509
0.001747
0.003628
0.005241
0.005644
0.001747
0.007659
0.002956
0.005241
0.001612
0.005778
0.001814
0.004098
0.001478
0.005509
0.004367
0.008398
0.001612
0.004233
0.003964
0.005039
0.001814
0.008936
0.004166
0.004703
0.001142
0.004569
0.003628
0.002419
0.005576
0.004367
0.003897
0.002755
0.002284
0.003091
0.009070
0.003292
0.002150
0.003158
0.004166
0.003158
0.002687
0.004837
0.001881
0.002620
0.002083
0.005308
0.008398
0.003292
0.001680
0.001881
0.005308
0.002956
0.001411
0.003628
0.004905
0.002956
0.006248
0.005308
0.003158
0.003158
0.003091
0.004098
0.007189
0.003426
0.002083
0.003964
0.006853
0.002822
0.001747
0.008197
0.003023
0.004166
0.001680
0.008130
0.002553
0.002687
0.002687
0.006114
0.006987
0.001814
0.001142
0.003964
0.007458
0.004031
0.000739
0.006987
0.005509
0.002889
0.000806
0.003225
0.002217
0.003830
0.002284
0.003292
0.004300
0.005778
0.000739
0.003023
0.003158
0.004098
0.001612
0.004434
0.001948
0.003897
0.002687
0.003158
0.001747
0.003292
0.005173
0.003830
0.003225
0.003158
0.002083
0.003628
0.001747
0.007794
0.001411
0.004367
0.001478
0.004569
0.002419
0.009070
0.002620
0.003964
0.001545
0.005308
0.004233
0.005308
0.001478
0.005442
0.002486
0.009339
0.001545
0.005241
0.002419
0.005442
0.001881
0.006316
0.001411
0.005509
0.001411
0.005375
0.006517
0.005241
0.002083
0.004300
0.001814
0.005173
0.001008
0.008734
0.002553
0.003695
0.003628
0.002553
0.005106
0.001814
0.007122
0.002419
0.004636
0.002553
0.002217
0.003091
0.010347
0.002419
0.001680
0.005375
0.002822
0.002284
0.001948
0.003158
0.002822
0.002553
0.002486
0.003964
0.007458
0.003091
0.002217
0.002016
0.004905
0.001948
0.002217
0.005912
0.003695
0.002687
0.003292
0.005644
0.004233
0.002217
0.000873
0.004569
0.005845
0.004837
0.001747
0.004434
0.006383
0.001881
0.000605
0.006920
0.003023
0.002755
0.003964
0.008130
0.001814
0.003561
0.000739
0.005644
0.006450
0.002889
0.001881
0.004905
0.009272
0.002352
0.001075
0.006987
0.004636
0.002486
0.001411
