0.073367
0.000537
0.004166
0.007794
0.002419
0.000605
0.007726
0.004501
0.001142
0.000941
0.004905
0.005711
0.003091
0.001142
0.006383
0.011287
0.003359
0.000672
0.004300
0.008264
0.002284
0.000672
0.006517
0.008734
0.001747
0.002150
0.007525
0.003426
0.002016
0.001277
0.008869
0.010548
0.009675
0.001008
0.002419
0.003494
0.008465
0.000672
0.005576
0.001008
0.005576
0.002956
0.007189
0.001209
0.011690
0.000470
0.007055
0.001344
0.006719
0.000672
0.005173
0.001545
0.007726
0.002352
0.009137
0.002419
0.006181
0.000873
0.004569
0.000806
0.014042
0.002016
0.004501
0.002755
0.004031
0.001142
0.000941
0.007458
0.001881
0.003158
0.001545
0.004098
0.001478
0.003830
0.002956
0.002016
0.001680
0.003292
0.001747
0.005106
0.002352
0.000605
0.001075
0.004905
0.001277
0.006383
0.002083
0.004569
0.001747
0.001344
0.001948
0.003023
0.002889
0.003292
0.003091
0.011086
0.008600
0.001277
0.001142
0.001545
0.005106
0.007189
0.001478
0.000941
0.004569
0.003091
0.001411
0.000806
0.010683
0.002419
0.001545
0.001142
0.007390
0.000403
0.001612
0.002956
0.007726
0.003426
0.001344
0.001209
0.003695
0.004166
0.002687
0.000873
0.010414
0.004300
0.001948
0.001344
0.001680
0.000336
0.005039
0.009675
0.001814
0.002486
0.005576
0.004703
0.001881
0.001008
0.004031
0.007525
0.003897
0.000672
0.003561
0.007726
0.002083
0.000269
0.002486
0.010481
0.002822
0.000672
0.003762
0.006584
0.001344
0.000269
0.009272
0.003695
0.002150
0.000873
0.005711
0.006719
0.013236
0.001344
0.003494
0.002956
0.007323
0.000605
0.005912
0.001612
0.005509
0.001545
0.009003
0.002150
0.009205
0.001478
0.004031
0.001478
0.006517
0.000537
0.004837
0.001142
0.005845
0.003695
0.005912
0.002083
0.006450
0.000269
0.004770
0.000672
0.009473
0.000873
0.005576
0.003091
0.002553
0.000336
0.001881
0.011892
0.002486
0.001612
0.001881
0.002889
0.002150
0.008734
0.001814
0.003695
0.002889
0.001209
0.001478
0.003964
0.000806
0.000537
0.001008
0.004837
0.001075
0.003023
0.002956
0.003561
0.002083
0.001478
0.001008
0.002553
0.003897
0.001747
0.002352
0.005576
0.009137
0.001747
0.001680
0.000739
0.005241
0.003426
0.003023
0.000537
0.005912
0.003426
0.001277
0.000739
0.008398
0.001680
0.001881
0.003023
0.011153
0.001008
0.001075
0.001344
0.004703
0.002620
0.001142
0.001209
0.003695
0.006920
0.001142
0.001075
0.006786
0.002083
0.001747
0.001209
