0.088014
0.002419
0.003225
0.004031
0.004300
0.002016
0.008062
0.001881
0.001478
0.002016
0.004905
0.002016
0.002889
0.002486
0.004031
0.005912
0.005241
0.001344
0.002620
0.005980
0.003359
0.002419
0.005912
0.003830
0.002486
0.002486
0.006719
0.001814
0.003023
0.002822
0.005039
0.005912
0.006316
0.002352
0.004501
0.004098
0.004434
0.001277
0.006114
0.002217
0.003426
0.003830
0.006517
0.002217
0.004770
0.001948
0.005442
0.002486
0.005576
0.001478
0.002755
0.004501
0.003830
0.003494
0.009003
0.003426
0.002687
0.002083
0.004233
0.002083
0.008264
0.003426
0.003494
0.003830
0.006248
0.002687
0.002150
0.006517
0.003225
0.003494
0.002822
0.002956
0.002419
0.005442
0.004636
0.002956
0.002755
0.002553
0.002217
0.004300
0.004031
0.002553
0.001612
0.003830
0.004233
0.006383
0.003292
0.003762
0.002217
0.003023
0.002889
0.001411
0.003292
0.003091
0.004569
0.007659
0.004098
0.003561
0.001948
0.003561
0.003091
0.006719
0.003292
0.002822
0.001612
0.002889
0.002284
0.001344
0.008197
0.002083
0.003225
0.003158
0.007861
0.002016
0.002217
0.004434
0.005039
0.005173
0.002352
0.001948
0.003091
0.003897
0.004166
0.001411
0.005106
0.002822
0.003158
0.002956
0.002284
0.001478
0.002755
0.005711
0.003158
0.003158
0.004905
0.001814
0.002687
0.001747
0.006383
0.001881
0.005778
0.002419
0.002956
0.004636
0.003426
0.001142
0.003561
0.008130
0.002553
0.002016
0.005509
0.003762
0.002419
0.001747
0.009003
0.002284
0.004031
0.002889
0.003964
0.005442
0.009137
0.001948
0.003158
0.003897
0.003695
0.001814
0.005509
0.002419
0.003695
0.003158
0.011489
0.002284
0.004367
0.002016
0.004300
0.003225
0.004031
0.001075
0.002687
0.001881
0.002016
0.003158
0.004972
0.003359
0.003292
0.001008
0.004031
0.002217
0.006114
0.003091
0.003561
0.004905
0.002352
0.003091
0.002889
0.008801
0.001881
0.002687
0.002217
0.002083
0.002687
0.008869
0.002150
0.003225
0.003225
0.002889
0.001747
0.004501
0.002755
0.001747
0.001948
0.002956
0.002755
0.003426
0.004501
0.002620
0.003023
0.003628
0.002486
0.002486
0.005039
0.003561
0.003426
0.004031
0.004300
0.002956
0.001747
0.002956
0.003158
0.002822
0.003897
0.001612
0.002687
0.003561
0.002150
0.002083
0.006450
0.002822
0.002553
0.005442
0.010615
0.001747
0.002284
0.001277
0.003897
0.003897
0.002687
0.002352
0.003225
0.006114
0.001680
0.001478
0.005039
0.004434
0.002620
0.003091
