0.077802
0.001680
0.003091
0.002419
0.003830
0.002822
0.007726
0.002553
0.001545
0.003091
0.003426
0.002083
0.001948
0.003426
0.003561
0.012631
0.001814
0.001344
0.002150
0.004905
0.001881
0.001142
0.006047
0.005644
0.002150
0.002687
0.004300
0.001478
0.002889
0.002352
0.005039
0.008130
0.007995
0.001680
0.002956
0.003561
0.006114
0.001948
0.009944
0.001075
0.003897
0.003158
0.005106
0.001142
0.007794
0.001948
0.006584
0.001142
0.004770
0.002352
0.001948
0.001680
0.004905
0.002150
0.010347
0.004031
0.003023
0.003158
0.002755
0.000605
0.012026
0.003023
0.005442
0.003830
0.003359
0.001209
0.000672
0.005173
0.003762
0.006853
0.001612
0.003897
0.002284
0.008869
0.002352
0.001612
0.002889
0.005241
0.001411
0.004905
0.004233
0.001814
0.001075
0.003762
0.005039
0.009876
0.001747
0.003158
0.002553
0.004434
0.001545
0.001075
0.002284
0.003628
0.002956
0.010683
0.005845
0.002284
0.001209
0.001411
0.006987
0.009003
0.002419
0.003158
0.003292
0.003494
0.002352
0.001142
0.011959
0.003494
0.003561
0.001545
0.008062
0.002217
0.001344
0.003158
0.005845
0.006719
0.001612
0.001545
0.002352
0.006853
0.002620
0.001209
0.006987
0.003091
0.002352
0.001411
0.001881
0.003426
0.002419
0.004501
0.002217
0.002822
0.004300
0.000941
0.002217
0.001948
0.003762
0.003561
0.001948
0.002083
0.001680
0.004972
0.003359
0.002822
0.002352
0.007458
0.003158
0.002352
0.003897
0.001209
0.004367
0.002419
0.008331
0.002352
0.003494
0.002016
0.003158
0.005039
0.012362
0.002755
0.002553
0.002755
0.004300
0.002620
0.005845
0.002016
0.004300
0.001478
0.008600
0.002419
0.004837
0.002755
0.003561
0.001612
0.007458
0.003225
0.003023
0.001344
0.003292
0.002956
0.005442
0.001142
0.004636
0.003158
0.003897
0.001075
0.007323
0.001612
0.003426
0.004300
0.002486
0.002150
0.001881
0.007861
0.002284
0.003762
0.001344
0.001612
0.003695
0.010279
0.002620
0.002352
0.004501
0.001881
0.001411
0.002419
0.002150
0.004233
0.000873
0.004098
0.003091
0.004770
0.003023
0.001209
0.002486
0.007458
0.001881
0.002284
0.002889
0.002553
0.001478
0.004703
0.007995
0.004569
0.001881
0.000941
0.003023
0.004770
0.003494
0.001411
0.004837
0.005308
0.001948
0.001612
0.008465
0.002284
0.002553
0.002956
0.012497
0.005173
0.002217
0.002352
0.003158
0.002419
0.001142
0.000873
0.004636
0.010145
0.003158
0.002150
0.004098
0.002419
0.001411
0.001680
