0.048912
0.002889
0.004905
0.004636
0.001881
0.002352
0.012967
0.003628
0.001680
0.002217
0.004434
0.004434
0.001075
0.003023
0.006383
0.011422
0.003561
0.002150
0.003964
0.005308
0.002284
0.001881
0.007323
0.002755
0.002486
0.003292
0.006651
0.002150
0.002150
0.002620
0.007323
0.007592
0.003628
0.003091
0.002352
0.003561
0.002755
0.001814
0.009137
0.003023
0.001209
0.001411
0.006383
0.003225
0.006853
0.001881
0.007256
0.003359
0.002352
0.002620
0.004233
0.003762
0.002083
0.002150
0.012631
0.002755
0.001612
0.002419
0.004837
0.002687
0.010750
0.002150
0.005980
0.002889
0.003225
0.002620
0.002486
0.004770
0.002352
0.005375
0.004233
0.004434
0.002150
0.003695
0.003628
0.002620
0.002016
0.003158
0.004300
0.006719
0.003830
0.002486
0.003225
0.004300
0.003091
0.009003
0.004367
0.003964
0.002217
0.002956
0.003023
0.003494
0.003830
0.001948
0.004098
0.009540
0.003023
0.003091
0.002284
0.003561
0.001948
0.008062
0.003897
0.003023
0.001680
0.002150
0.003091
0.002150
0.008734
0.002553
0.004501
0.003225
0.004972
0.002755
0.003830
0.003897
0.002956
0.005173
0.002687
0.003023
0.001209
0.005644
0.003158
0.003292
0.005980
0.002217
0.003494
0.002553
0.001545
0.002620
0.002687
0.003225
0.001881
0.003359
0.007861
0.003225
0.002486
0.001344
0.003964
0.003225
0.002217
0.003023
0.004434
0.009272
0.002956
0.003225
0.004703
0.007458
0.003225
0.002755
0.005980
0.002553
0.003628
0.002083
0.008331
0.002150
0.005241
0.003225
0.004166
0.004098
0.005778
0.003964
0.003091
0.004233
0.001008
0.002755
0.006853
0.004367
0.000739
0.001881
0.008331
0.004972
0.003628
0.001881
0.003426
0.005375
0.002956
0.001680
0.004569
0.002822
0.002217
0.002016
0.007861
0.002620
0.001478
0.001277
0.004837
0.003359
0.009272
0.002284
0.004837
0.003964
0.002486
0.001680
0.002553
0.006114
0.002217
0.002889
0.004703
0.002553
0.002620
0.006383
0.002687
0.001948
0.003158
0.002687
0.003158
0.004300
0.002016
0.002486
0.003426
0.003158
0.002284
0.004905
0.004300
0.002956
0.002352
0.003091
0.002083
0.002822
0.004434
0.002553
0.003561
0.007122
0.003695
0.003359
0.002553
0.003091
0.001344
0.005509
0.004569
0.004031
0.001747
0.003091
0.002150
0.003158
0.006383
0.002284
0.002755
0.003830
0.006114
0.001478
0.003426
0.003091
0.001881
0.002889
0.004233
0.002284
0.001411
0.007861
0.003091
0.002889
0.003830
0.001948
0.003695
0.004031
