0.073233
0.001545
0.001545
0.005509
0.003695
0.001948
0.008062
0.003628
0.003897
0.001948
0.004098
0.003426
0.003762
0.001612
0.003426
0.007794
0.004098
0.001344
0.002217
0.006114
0.002889
0.001612
0.006450
0.004703
0.002553
0.002822
0.007525
0.003225
0.002486
0.001008
0.005039
0.009070
0.009137
0.001478
0.002553
0.004501
0.007323
0.001478
0.005644
0.002352
0.004569
0.002620
0.005576
0.002016
0.007122
0.002620
0.004501
0.001680
0.007458
0.001680
0.002016
0.002419
0.006383
0.002217
0.007928
0.004367
0.004837
0.002150
0.005711
0.001814
0.008667
0.001612
0.003225
0.003830
0.004098
0.001008
0.001814
0.007390
0.002553
0.003292
0.002150
0.003830
0.003292
0.003830
0.003091
0.003292
0.002284
0.002217
0.002284
0.004300
0.003897
0.001948
0.001747
0.004367
0.004166
0.005711
0.002352
0.004501
0.002486
0.002687
0.003158
0.003359
0.003225
0.001814
0.003628
0.011019
0.007055
0.002553
0.001545
0.002620
0.005845
0.006920
0.002889
0.002486
0.004166
0.002419
0.003158
0.001747
0.008801
0.002755
0.002889
0.002352
0.007458
0.001277
0.002284
0.003225
0.006181
0.002419
0.001948
0.001612
0.002956
0.005039
0.004569
0.001612
0.005980
0.002486
0.002217
0.001747
0.002755
0.001545
0.003359
0.005980
0.002620
0.004434
0.005241
0.002687
0.002284
0.001075
0.003023
0.004905
0.004770
0.001344
0.002352
0.004972
0.002956
0.001008
0.002822
0.007525
0.003225
0.001747
0.006517
0.004972
0.003091
0.001680
0.008936
0.003695
0.003426
0.001075
0.003091
0.008197
0.011489
0.001209
0.002217
0.002284
0.005912
0.001881
0.006786
0.001747
0.004367
0.001478
0.009070
0.002217
0.006517
0.001612
0.004166
0.002553
0.006316
0.000739
0.002553
0.001344
0.005711
0.002352
0.005509
0.002620
0.003897
0.001142
0.004837
0.001814
0.007659
0.001478
0.002352
0.005106
0.002687
0.001411
0.001747
0.010078
0.002083
0.002956
0.003426
0.003628
0.003494
0.007189
0.002150
0.004434
0.004569
0.002083
0.001612
0.004233
0.002553
0.001209
0.001680
0.003494
0.003225
0.002956
0.004837
0.004031
0.002284
0.002620
0.001680
0.002956
0.004434
0.001680
0.002486
0.006181
0.007525
0.001814
0.001612
0.001680
0.005106
0.003628
0.004166
0.002553
0.004972
0.003292
0.001680
0.001612
0.008197
0.001814
0.002083
0.003225
0.010548
0.001277
0.001411
0.001411
0.005173
0.002889
0.003023
0.001545
0.003897
0.007928
0.001545
0.002284
0.004501
0.001411
0.002016
0.002083
