0.073905
0.001612
0.003023
0.002553
0.004972
0.001948
0.010347
0.001747
0.003091
0.002687
0.003225
0.001545
0.002620
0.003023
0.004300
0.007861
0.004501
0.002217
0.002083
0.004972
0.003158
0.001747
0.007861
0.003695
0.002755
0.004367
0.004098
0.001209
0.003426
0.002419
0.003359
0.006853
0.006450
0.002553
0.002755
0.004233
0.004703
0.001411
0.006248
0.001478
0.003561
0.003359
0.005711
0.001747
0.005442
0.001881
0.005509
0.002620
0.003762
0.002419
0.002083
0.003359
0.004031
0.003897
0.009339
0.003830
0.003359
0.002352
0.002822
0.001747
0.011086
0.003494
0.005106
0.003091
0.003695
0.001881
0.001747
0.004031
0.003023
0.005644
0.002083
0.004031
0.003158
0.006383
0.004166
0.002016
0.001545
0.004770
0.002956
0.005308
0.004367
0.002352
0.001747
0.003762
0.004434
0.007794
0.002889
0.003628
0.002352
0.004166
0.003023
0.001277
0.003830
0.002755
0.003561
0.012228
0.004367
0.002553
0.002016
0.002083
0.003964
0.008734
0.002419
0.002217
0.003897
0.003964
0.002687
0.001209
0.009137
0.003091
0.002419
0.002956
0.005778
0.002889
0.002150
0.003830
0.005845
0.005241
0.002284
0.002150
0.002822
0.006248
0.003628
0.001277
0.007525
0.002755
0.002687
0.001680
0.003359
0.002620
0.002083
0.006047
0.003091
0.003561
0.003628
0.001075
0.002822
0.003023
0.003494
0.002486
0.003897
0.002150
0.002553
0.003830
0.004031
0.003225
0.002553
0.007323
0.003964
0.003628
0.005509
0.001948
0.004098
0.002755
0.008197
0.001612
0.005778
0.002352
0.002486
0.004434
0.009809
0.003158
0.002889
0.003091
0.003897
0.003830
0.004300
0.001209
0.004367
0.002352
0.007861
0.003225
0.004233
0.002284
0.003359
0.002419
0.004098
0.002284
0.002217
0.002016
0.003494
0.003695
0.005845
0.002352
0.002620
0.002486
0.003225
0.001747
0.007928
0.002687
0.002553
0.004569
0.003292
0.002755
0.002419
0.007323
0.003426
0.003225
0.002016
0.001612
0.004098
0.008398
0.003426
0.001948
0.004031
0.002956
0.002352
0.003830
0.003091
0.003091
0.002553
0.004031
0.003225
0.005039
0.004434
0.002083
0.002755
0.004837
0.001680
0.002083
0.003359
0.002217
0.002889
0.004905
0.005509
0.003225
0.001747
0.001814
0.003158
0.005912
0.004770
0.001545
0.004098
0.004233
0.001411
0.001478
0.006316
0.002687
0.002486
0.003964
0.007794
0.003695
0.003695
0.001881
0.003964
0.003561
0.002755
0.002217
0.002755
0.010011
0.002419
0.001411
0.003292
0.002083
0.002352
0.002956
