0.052607
0.000672
0.003964
0.005375
0.003494
0.000941
0.007928
0.003762
0.003359
0.001478
0.005375
0.002284
0.002822
0.002217
0.003561
0.009137
0.003762
0.001209
0.003762
0.007055
0.003292
0.000941
0.006383
0.005308
0.002083
0.002755
0.006517
0.002822
0.002083
0.001008
0.006651
0.006584
0.010011
0.000873
0.004031
0.004166
0.003830
0.001277
0.005576
0.002284
0.004569
0.003628
0.008600
0.002486
0.006853
0.002150
0.004905
0.001948
0.005173
0.001142
0.005241
0.003359
0.004569
0.001612
0.006987
0.004434
0.003830
0.001411
0.005442
0.002889
0.010951
0.002083
0.006584
0.003091
0.004434
0.000470
0.002889
0.008331
0.002755
0.002217
0.002016
0.002889
0.003561
0.004166
0.004367
0.002284
0.002687
0.001881
0.003091
0.004636
0.003897
0.001411
0.002687
0.004166
0.003359
0.006584
0.002956
0.003225
0.003225
0.001545
0.004501
0.002822
0.002016
0.002217
0.005241
0.008398
0.004770
0.000605
0.003426
0.003964
0.003023
0.005375
0.004300
0.002687
0.003091
0.002822
0.005173
0.002016
0.008130
0.002083
0.003762
0.001612
0.007861
0.000806
0.002620
0.003628
0.004837
0.002620
0.002822
0.002217
0.004031
0.003426
0.003830
0.002284
0.006316
0.001680
0.003762
0.001612
0.002553
0.000537
0.004905
0.006181
0.003897
0.002419
0.005980
0.003091
0.003158
0.001277
0.007659
0.003225
0.003494
0.001411
0.003628
0.006114
0.002486
0.000403
0.003158
0.009608
0.004233
0.001612
0.005576
0.004501
0.001948
0.000672
0.009003
0.003292
0.004434
0.001545
0.005173
0.004367
0.012900
0.000873
0.005308
0.002486
0.005375
0.002217
0.005576
0.002352
0.004501
0.001680
0.012698
0.002217
0.004770
0.001478
0.003762
0.002486
0.004703
0.001478
0.003830
0.002150
0.004837
0.003023
0.006920
0.003897
0.005173
0.000806
0.004434
0.001680
0.008331
0.001612
0.003897
0.004233
0.003225
0.000672
0.003897
0.010750
0.002889
0.001948
0.003158
0.002620
0.002150
0.007122
0.003830
0.003494
0.003762
0.001612
0.003628
0.004905
0.002419
0.000873
0.002620
0.004434
0.004233
0.003359
0.004300
0.002620
0.002352
0.001277
0.002217
0.003091
0.004837
0.001411
0.003292
0.005912
0.005912
0.001545
0.003897
0.002083
0.003897
0.002687
0.004166
0.001948
0.004770
0.002687
0.003359
0.002889
0.005442
0.001814
0.003426
0.003561
0.008331
0.001209
0.003359
0.002150
0.004031
0.002687
0.004300
0.002016
0.003561
0.006181
0.002284
0.002016
0.004905
0.001612
0.003897
0.001948
