0.051465
0.000672
0.003494
0.007928
0.002217
0.000806
0.008667
0.005241
0.002150
0.001277
0.006651
0.003695
0.002620
0.001612
0.005442
0.012698
0.002755
0.000537
0.003628
0.008801
0.002620
0.000739
0.010750
0.009742
0.001277
0.002284
0.006181
0.003762
0.001612
0.001411
0.008667
0.011153
0.010683
0.000739
0.003091
0.004031
0.007323
0.000470
0.008197
0.002150
0.005039
0.002822
0.007122
0.001008
0.010481
0.001277
0.005845
0.001344
0.006584
0.001209
0.003628
0.002016
0.007794
0.001411
0.011758
0.001881
0.004098
0.001344
0.005173
0.001411
0.012497
0.001344
0.004905
0.001612
0.003225
0.001612
0.001008
0.007122
0.002284
0.003628
0.001277
0.005106
0.001209
0.004233
0.003023
0.002620
0.001612
0.003964
0.001814
0.006248
0.002553
0.001075
0.001411
0.005173
0.003359
0.008197
0.001814
0.003091
0.001680
0.002419
0.001680
0.003158
0.001747
0.003494
0.001545
0.010481
0.007189
0.002553
0.000806
0.001814
0.006719
0.008331
0.001411
0.001680
0.004501
0.003561
0.001948
0.000941
0.012900
0.002083
0.000941
0.001411
0.008331
0.001612
0.000941
0.002889
0.007525
0.004770
0.001680
0.001344
0.003426
0.005106
0.001948
0.001075
0.008130
0.004972
0.001142
0.001344
0.002486
0.000672
0.002620
0.007122
0.002486
0.002419
0.006719
0.005106
0.001881
0.001075
0.008936
0.005375
0.003494
0.001277
0.003830
0.007256
0.001948
0.000806
0.003695
0.009272
0.002150
0.000873
0.007794
0.006853
0.001478
0.000537
0.007659
0.003561
0.002284
0.000672
0.004837
0.007323
0.011220
0.000806
0.001881
0.001075
0.005173
0.001545
0.005980
0.001747
0.005912
0.001209
0.009205
0.001612
0.009003
0.001142
0.005845
0.002150
0.006517
0.000403
0.002956
0.000941
0.006450
0.003359
0.007055
0.002083
0.005106
0.000672
0.005173
0.001478
0.009137
0.001075
0.005241
0.003964
0.001478
0.001411
0.000605
0.007189
0.001814
0.002352
0.002419
0.003426
0.002083
0.008465
0.002217
0.002217
0.002822
0.001948
0.001680
0.005778
0.001344
0.001680
0.000605
0.004837
0.001680
0.003158
0.002553
0.003964
0.001545
0.002687
0.000672
0.003158
0.004636
0.003091
0.001545
0.006316
0.007794
0.002419
0.000470
0.000537
0.005308
0.004569
0.001680
0.001545
0.005778
0.004166
0.000873
0.001142
0.008801
0.003091
0.001612
0.003762
0.009137
0.000941
0.001008
0.001209
0.006316
0.003359
0.001612
0.001277
0.003964
0.008062
0.001277
0.000873
0.007726
0.003628
0.001277
0.001075
