0.056235
0.001948
0.003762
0.005845
0.003964
0.002016
0.007995
0.004569
0.003494
0.003158
0.004367
0.002352
0.004031
0.002553
0.004569
0.008869
0.005576
0.001612
0.004098
0.006920
0.002956
0.001344
0.005644
0.004703
0.002553
0.002284
0.009070
0.004972
0.001948
0.001747
0.004569
0.005778
0.006181
0.002150
0.003091
0.005308
0.003695
0.001545
0.005106
0.003023
0.002083
0.002217
0.009003
0.002083
0.004569
0.002419
0.004434
0.002755
0.005039
0.001680
0.004837
0.004770
0.002822
0.002083
0.007995
0.004703
0.002419
0.003225
0.005711
0.003426
0.007995
0.003561
0.003561
0.002889
0.002620
0.002620
0.003561
0.008062
0.002755
0.002822
0.002822
0.004098
0.002150
0.004300
0.002687
0.002620
0.002083
0.003091
0.003359
0.003426
0.003292
0.001814
0.004233
0.004905
0.003023
0.005039
0.004233
0.002889
0.002217
0.002956
0.004501
0.002419
0.002352
0.002217
0.004434
0.006383
0.002217
0.001612
0.002419
0.004031
0.002620
0.006853
0.004501
0.004434
0.002150
0.001545
0.004300
0.001948
0.007794
0.003023
0.004905
0.003695
0.006584
0.001344
0.004166
0.004972
0.002956
0.002486
0.002553
0.002755
0.002755
0.004837
0.004569
0.003023
0.004367
0.003091
0.001948
0.001881
0.002284
0.000739
0.003830
0.005980
0.003628
0.002083
0.005980
0.003830
0.002620
0.001344
0.004569
0.003023
0.004636
0.002217
0.004098
0.005308
0.002284
0.003359
0.003628
0.011556
0.002755
0.001747
0.004972
0.004367
0.003628
0.001814
0.011959
0.004367
0.003897
0.001612
0.004367
0.004770
0.007323
0.002419
0.004031
0.002755
0.002150
0.002284
0.004972
0.002553
0.002150
0.001344
0.010683
0.001747
0.004166
0.002217
0.005576
0.003292
0.005845
0.001209
0.004300
0.003023
0.002016
0.002284
0.005308
0.003897
0.003023
0.002150
0.008600
0.002620
0.005845
0.002284
0.003628
0.004098
0.002755
0.001680
0.002419
0.009675
0.002016
0.003023
0.003426
0.003628
0.002822
0.007928
0.004367
0.003292
0.003023
0.002889
0.004098
0.004501
0.002755
0.002150
0.003359
0.005106
0.002150
0.003494
0.004905
0.003494
0.001612
0.002956
0.002687
0.003494
0.002889
0.001814
0.004098
0.005509
0.003561
0.001814
0.002486
0.001814
0.001680
0.003830
0.004031
0.003561
0.001545
0.002822
0.002687
0.001948
0.005442
0.001478
0.004166
0.004770
0.008869
0.002150
0.003830
0.002486
0.001881
0.002755
0.002956
0.002553
0.002822
0.007323
0.002687
0.002620
0.003762
0.003158
0.003225
0.004031
