0.055026
0.001344
0.002889
0.003225
0.002620
0.002217
0.011354
0.002620
0.000739
0.002284
0.007458
0.001142
0.002352
0.002620
0.005308
0.008130
0.003091
0.001814
0.003091
0.003964
0.001344
0.002150
0.006987
0.004031
0.000873
0.003561
0.007390
0.000806
0.001142
0.002284
0.004972
0.004300
0.007189
0.001277
0.003158
0.002419
0.007995
0.001747
0.010078
0.000941
0.003023
0.004434
0.009675
0.000537
0.009675
0.001814
0.009540
0.000537
0.007458
0.002083
0.003225
0.001075
0.005980
0.003158
0.013034
0.001209
0.003762
0.002419
0.006920
0.000403
0.007928
0.002822
0.005980
0.000873
0.001747
0.002889
0.001344
0.004166
0.001344
0.008197
0.001411
0.003897
0.000470
0.007928
0.003762
0.001209
0.001277
0.006719
0.001680
0.003091
0.001277
0.004367
0.001142
0.003225
0.001209
0.011354
0.001881
0.002822
0.001277
0.006248
0.002217
0.001680
0.001142
0.006316
0.001545
0.007390
0.006450
0.003561
0.001344
0.001948
0.005442
0.011825
0.002620
0.002016
0.003225
0.008936
0.001478
0.000941
0.010884
0.006719
0.001612
0.001545
0.006383
0.003897
0.001612
0.003494
0.005509
0.010145
0.002150
0.000806
0.003023
0.009742
0.003225
0.000605
0.006316
0.008533
0.001814
0.001142
0.001277
0.001881
0.003762
0.003225
0.001075
0.003561
0.007256
0.001680
0.000672
0.001680
0.005106
0.001612
0.003561
0.001545
0.003292
0.003091
0.001747
0.001680
0.003695
0.008398
0.001680
0.002687
0.006853
0.002889
0.000605
0.001612
0.009809
0.001277
0.001277
0.001680
0.003897
0.003359
0.008600
0.001075
0.004703
0.000403
0.005241
0.001948
0.007861
0.000470
0.003494
0.001747
0.010817
0.000806
0.007794
0.002419
0.007122
0.001142
0.008936
0.001747
0.005241
0.000672
0.005845
0.004770
0.007794
0.001344
0.002352
0.001142
0.007592
0.000336
0.005845
0.001881
0.004367
0.002687
0.001277
0.003158
0.001344
0.007794
0.000605
0.007726
0.001747
0.002352
0.000403
0.009540
0.001612
0.000806
0.001814
0.005375
0.001881
0.004501
0.001008
0.004098
0.001277
0.003561
0.001277
0.008197
0.004031
0.002083
0.000403
0.008600
0.000739
0.001545
0.002620
0.004031
0.001142
0.003762
0.004703
0.003494
0.001075
0.000537
0.004770
0.007592
0.003897
0.001277
0.002755
0.005509
0.001075
0.000672
0.006383
0.007055
0.001545
0.003628
0.010078
0.004837
0.001747
0.000873
0.005106
0.011220
0.001344
0.001545
0.001948
0.011220
0.001680
0.000470
0.006316
0.006383
0.001411
0.001277
