0.131551
0.001277
0.001814
0.002956
0.002284
0.001814
0.007726
0.004434
0.001411
0.001948
0.004098
0.002486
0.002553
0.003292
0.003628
0.011086
0.005173
0.001680
0.002217
0.003762
0.002620
0.002284
0.005778
0.003426
0.002284
0.005308
0.004905
0.002956
0.002553
0.002217
0.003292
0.005711
0.005711
0.002284
0.001209
0.003964
0.004300
0.001545
0.004703
0.001881
0.001612
0.004703
0.004905
0.002889
0.006047
0.001680
0.004233
0.002284
0.003494
0.001411
0.002217
0.002016
0.004031
0.002083
0.010212
0.002889
0.002620
0.002217
0.003494
0.001814
0.010145
0.002956
0.004434
0.002687
0.006450
0.002150
0.001344
0.004300
0.001680
0.007458
0.001747
0.003494
0.002217
0.003695
0.005375
0.002620
0.002217
0.004703
0.002419
0.008197
0.002687
0.001344
0.001075
0.002889
0.002822
0.006987
0.002486
0.003695
0.002083
0.002217
0.002889
0.002352
0.003762
0.002822
0.002553
0.010078
0.003830
0.002352
0.002217
0.002352
0.003359
0.011153
0.001814
0.003225
0.002217
0.002352
0.003091
0.002687
0.011690
0.003091
0.003225
0.004098
0.004905
0.001478
0.001680
0.003964
0.004367
0.005308
0.001545
0.002083
0.003091
0.003897
0.005778
0.002150
0.008197
0.004501
0.002486
0.002083
0.001948
0.001008
0.002150
0.003292
0.002687
0.005509
0.006517
0.002083
0.002217
0.001277
0.001814
0.002352
0.005241
0.001612
0.002083
0.007189
0.002956
0.002553
0.003023
0.006047
0.002822
0.002755
0.004905
0.002217
0.002822
0.001680
0.006114
0.002083
0.004031
0.001277
0.001881
0.004837
0.006383
0.002755
0.002083
0.002553
0.002956
0.003091
0.005644
0.001747
0.002352
0.002956
0.007861
0.002352
0.006853
0.001344
0.002687
0.003628
0.002419
0.001344
0.002352
0.002284
0.002755
0.004837
0.006920
0.002352
0.002083
0.001209
0.001545
0.001545
0.007055
0.001680
0.002889
0.003964
0.004837
0.002016
0.002352
0.005980
0.002889
0.005509
0.003158
0.002217
0.002016
0.007323
0.002822
0.002419
0.003091
0.002083
0.002217
0.005375
0.001814
0.001814
0.002486
0.002486
0.002217
0.004636
0.005375
0.001948
0.002083
0.002352
0.001545
0.002419
0.006719
0.001881
0.001545
0.004905
0.004770
0.002150
0.001612
0.001142
0.002486
0.006114
0.006181
0.002553
0.002889
0.002419
0.001142
0.001948
0.006719
0.002217
0.001814
0.004233
0.005308
0.002284
0.001948
0.002419
0.003628
0.004905
0.004098
0.002822
0.002016
0.007390
0.001612
0.002150
0.007794
0.002016
0.002419
0.002553
