0.036617
0.002755
0.004166
0.003964
0.004703
0.002620
0.005644
0.002755
0.003964
0.002284
0.005308
0.001612
0.002956
0.003225
0.003426
0.006517
0.005106
0.001545
0.002822
0.005980
0.004098
0.001948
0.006316
0.003426
0.002822
0.001948
0.007861
0.001411
0.003426
0.001948
0.004905
0.004837
0.010212
0.002150
0.004501
0.005375
0.005241
0.002419
0.004434
0.002352
0.004367
0.003158
0.008600
0.001411
0.005644
0.002486
0.004367
0.001277
0.005845
0.001680
0.003426
0.002486
0.006316
0.002822
0.007794
0.005644
0.003158
0.003023
0.003628
0.001948
0.008734
0.003695
0.004569
0.004233
0.006719
0.002150
0.002687
0.005980
0.003359
0.006047
0.001948
0.002889
0.004031
0.004636
0.004905
0.002822
0.002284
0.003628
0.002889
0.004098
0.006047
0.001478
0.002822
0.001814
0.006047
0.005912
0.004703
0.002956
0.003023
0.003292
0.004166
0.001008
0.004703
0.003359
0.004031
0.006651
0.005912
0.002083
0.003830
0.002486
0.003023
0.006383
0.003628
0.002083
0.003494
0.002150
0.004031
0.002083
0.005980
0.002486
0.004770
0.001881
0.008331
0.001747
0.002889
0.003225
0.005442
0.002687
0.002822
0.001545
0.003830
0.006651
0.002150
0.001612
0.006047
0.001814
0.003964
0.001411
0.003426
0.001142
0.005576
0.003964
0.003561
0.002486
0.003964
0.001545
0.003426
0.001948
0.005845
0.002687
0.005375
0.002419
0.004166
0.004098
0.003494
0.001478
0.002620
0.007726
0.003494
0.001814
0.004837
0.003561
0.002620
0.001881
0.008667
0.001612
0.005173
0.002553
0.004636
0.004367
0.010347
0.002016
0.005980
0.002352
0.004166
0.001680
0.003359
0.001814
0.005308
0.002150
0.010548
0.002687
0.006047
0.002352
0.004972
0.001881
0.005106
0.001411
0.003091
0.001680
0.003964
0.003628
0.006181
0.003292
0.003762
0.001411
0.006987
0.000873
0.009272
0.001814
0.003359
0.005980
0.004233
0.001277
0.004636
0.010011
0.003494
0.003225
0.003158
0.002553
0.005778
0.007726
0.003023
0.003964
0.005241
0.002016
0.002889
0.003225
0.002620
0.002083
0.001344
0.003426
0.003897
0.003628
0.004972
0.002553
0.002956
0.004434
0.002822
0.001209
0.007458
0.002083
0.003628
0.004636
0.006719
0.001948
0.002620
0.001747
0.003695
0.003023
0.003023
0.001747
0.004770
0.002889
0.002687
0.001680
0.006383
0.002083
0.003561
0.004300
0.007995
0.001612
0.003830
0.001545
0.004166
0.002486
0.004501
0.001814
0.002956
0.006786
0.002352
0.001344
0.006786
0.001411
0.003830
0.002419
