0.081766
0.002755
0.002687
0.005576
0.003158
0.003091
0.008062
0.003897
0.002419
0.003091
0.004501
0.002822
0.003628
0.003426
0.002016
0.007592
0.003695
0.002755
0.001680
0.005241
0.002889
0.003292
0.005039
0.005308
0.001747
0.004367
0.004434
0.002755
0.002755
0.002352
0.002755
0.005845
0.005106
0.002755
0.002150
0.006248
0.003830
0.002822
0.004636
0.003225
0.003628
0.006181
0.005576
0.002620
0.004703
0.003695
0.001881
0.002687
0.003292
0.001680
0.002486
0.004166
0.004166
0.003292
0.006248
0.004098
0.002620
0.002352
0.003426
0.002083
0.008331
0.003964
0.002822
0.003091
0.005442
0.002889
0.002352
0.006584
0.001948
0.005778
0.002889
0.005442
0.003158
0.004703
0.005912
0.003359
0.002419
0.003494
0.002553
0.004501
0.003830
0.002755
0.001814
0.003762
0.002822
0.005442
0.003494
0.003695
0.002352
0.002822
0.002486
0.002620
0.003628
0.003158
0.003426
0.009608
0.004636
0.003023
0.001545
0.004837
0.002687
0.005778
0.003225
0.003897
0.002352
0.002822
0.004233
0.003897
0.006786
0.003158
0.002553
0.003695
0.004972
0.002217
0.001680
0.005912
0.004300
0.004098
0.002419
0.003426
0.002486
0.004434
0.004569
0.001881
0.007726
0.002889
0.002352
0.002889
0.002822
0.002284
0.003225
0.003897
0.002217
0.004905
0.005039
0.003292
0.002352
0.002620
0.002486
0.003494
0.005106
0.003359
0.002486
0.006584
0.001881
0.002083
0.002419
0.006517
0.003158
0.004166
0.004367
0.003426
0.001545
0.002352
0.006316
0.003494
0.003225
0.002822
0.003091
0.005644
0.006450
0.002956
0.002150
0.002352
0.002956
0.003023
0.004300
0.002150
0.003225
0.001948
0.006786
0.003359
0.005308
0.003158
0.002553
0.004098
0.002822
0.001680
0.002217
0.002553
0.003695
0.005375
0.005778
0.003359
0.002419
0.001545
0.001881
0.002486
0.005173
0.003628
0.002016
0.006383
0.003426
0.003158
0.003359
0.005778
0.002016
0.004501
0.002150
0.003628
0.002284
0.004972
0.003292
0.003897
0.002822
0.003628
0.002083
0.006786
0.002217
0.002822
0.001478
0.002553
0.003426
0.004905
0.007122
0.003897
0.001545
0.002083
0.002217
0.002217
0.006450
0.002956
0.002755
0.006584
0.004905
0.003426
0.002083
0.003225
0.002016
0.005106
0.005644
0.002822
0.003561
0.002889
0.002486
0.003494
0.004300
0.002687
0.002889
0.006383
0.005241
0.002217
0.001344
0.003225
0.003359
0.003494
0.003561
0.002150
0.002553
0.005778
0.001209
0.002083
0.004837
0.003695
0.001881
0.004233
