0.078742
0.002217
0.005308
0.006316
0.002083
0.000941
0.005711
0.002150
0.003762
0.001814
0.005576
0.003158
0.003023
0.001344
0.003225
0.007189
0.003494
0.002217
0.003494
0.004972
0.003897
0.002016
0.006181
0.005039
0.002620
0.004166
0.005576
0.001881
0.003225
0.001478
0.004367
0.006987
0.004636
0.002016
0.005308
0.007995
0.003023
0.001814
0.004905
0.002822
0.003158
0.001948
0.006920
0.003897
0.003561
0.001209
0.005173
0.003225
0.003762
0.001881
0.002687
0.004031
0.003023
0.001881
0.008197
0.005711
0.003695
0.001814
0.003897
0.002217
0.006450
0.001747
0.005173
0.006114
0.005375
0.002822
0.004837
0.008600
0.003225
0.002217
0.003292
0.002755
0.002620
0.004166
0.004905
0.002956
0.002620
0.000941
0.002956
0.003830
0.003762
0.001814
0.002620
0.003628
0.002486
0.005039
0.005173
0.004569
0.003023
0.001814
0.003628
0.001948
0.003359
0.002889
0.003561
0.007726
0.003426
0.001680
0.005241
0.005980
0.002620
0.006047
0.003158
0.002553
0.002687
0.001881
0.004434
0.002755
0.005912
0.001209
0.003225
0.001881
0.006181
0.001478
0.002284
0.004837
0.003628
0.003964
0.004703
0.003897
0.002687
0.003897
0.003091
0.001277
0.004569
0.001680
0.003494
0.002889
0.002755
0.001881
0.004972
0.004636
0.003023
0.004098
0.004501
0.001814
0.002755
0.001612
0.005912
0.003158
0.004098
0.002016
0.003762
0.004031
0.002083
0.001344
0.003158
0.005912
0.003292
0.002284
0.006181
0.003628
0.002822
0.001008
0.007995
0.001881
0.004166
0.002687
0.005711
0.005912
0.008734
0.001209
0.004166
0.004166
0.002889
0.001478
0.004636
0.002889
0.002620
0.001747
0.010011
0.003426
0.003964
0.001747
0.004636
0.005173
0.003225
0.000941
0.002889
0.002016
0.003762
0.001814
0.007189
0.003292
0.003023
0.000941
0.004367
0.002553
0.004972
0.002419
0.006786
0.008600
0.003091
0.002083
0.004434
0.009809
0.003426
0.002284
0.003426
0.001680
0.002956
0.006719
0.004367
0.003897
0.003091
0.002486
0.003830
0.005778
0.002687
0.000739
0.002419
0.002486
0.002352
0.002956
0.005375
0.003292
0.002352
0.002553
0.002755
0.001277
0.005912
0.002755
0.005039
0.007794
0.004770
0.001209
0.003628
0.003292
0.002620
0.003158
0.004098
0.001612
0.002486
0.003225
0.004031
0.002620
0.004703
0.002352
0.003158
0.004703
0.006786
0.001142
0.002620
0.001747
0.002620
0.001612
0.004233
0.002553
0.001612
0.006987
0.002486
0.001747
0.003964
0.002956
0.004166
0.005173
