0.084050
0.000806
0.003561
0.007525
0.002553
0.000739
0.009675
0.006114
0.001344
0.001142
0.005845
0.005039
0.002016
0.001209
0.006114
0.011758
0.003023
0.000672
0.003225
0.008936
0.001948
0.000873
0.011489
0.009272
0.001612
0.002419
0.005980
0.004434
0.001411
0.000806
0.008331
0.010414
0.008801
0.000806
0.003964
0.002755
0.008264
0.000537
0.007928
0.001545
0.005173
0.002889
0.006181
0.001277
0.011959
0.001142
0.006114
0.001075
0.007055
0.001344
0.003359
0.001411
0.008734
0.001075
0.011825
0.001411
0.003091
0.001075
0.004569
0.001411
0.012094
0.001478
0.006584
0.001747
0.002755
0.000873
0.000739
0.005442
0.002217
0.003225
0.001277
0.005576
0.001344
0.004098
0.002956
0.002419
0.001277
0.004434
0.002150
0.005241
0.001545
0.000873
0.000941
0.006316
0.001747
0.007592
0.001612
0.004098
0.000941
0.002150
0.001344
0.002620
0.001545
0.003762
0.001209
0.010750
0.007928
0.001814
0.000403
0.001075
0.005912
0.007995
0.001008
0.000941
0.005442
0.003628
0.001008
0.000806
0.013303
0.003292
0.000941
0.000336
0.007189
0.001008
0.000739
0.003158
0.007726
0.004166
0.001344
0.001612
0.003494
0.004166
0.002217
0.000873
0.009742
0.003695
0.001142
0.001411
0.001747
0.000336
0.002687
0.007592
0.002284
0.002419
0.007256
0.005308
0.001680
0.000605
0.008264
0.004233
0.002956
0.000873
0.004501
0.007525
0.001478
0.000672
0.003695
0.009137
0.001680
0.000873
0.007189
0.007390
0.001344
0.000336
0.007928
0.003359
0.002687
0.000537
0.004233
0.007323
0.009675
0.000941
0.002083
0.001008
0.005173
0.001814
0.006383
0.001948
0.006114
0.001344
0.010817
0.001075
0.009272
0.000873
0.004905
0.002553
0.006248
0.000605
0.003225
0.001008
0.007122
0.003023
0.006517
0.001075
0.005039
0.000336
0.004905
0.000806
0.008398
0.000672
0.004703
0.003023
0.001209
0.001545
0.000269
0.007458
0.001948
0.002553
0.002284
0.004300
0.001612
0.008465
0.001948
0.002755
0.002284
0.002284
0.001411
0.005576
0.001142
0.002150
0.000269
0.004501
0.002083
0.003628
0.002217
0.004434
0.001478
0.002150
0.000873
0.003023
0.003494
0.002284
0.000941
0.006316
0.007592
0.001747
0.000403
0.000806
0.005308
0.004031
0.001747
0.001142
0.005576
0.003158
0.001142
0.000605
0.008869
0.002889
0.000470
0.003091
0.008667
0.002217
0.000806
0.000605
0.006651
0.003158
0.001478
0.001142
0.003897
0.007189
0.001008
0.001478
0.007861
0.003628
0.001142
0.001209
