0.087073
0.002352
0.004098
0.003695
0.004098
0.002755
0.005845
0.002419
0.004166
0.002419
0.003897
0.003091
0.003628
0.002889
0.003225
0.005375
0.004703
0.001612
0.002755
0.004233
0.005039
0.001612
0.004166
0.004166
0.002083
0.002217
0.006517
0.001209
0.003091
0.001881
0.004098
0.004569
0.008062
0.002150
0.004367
0.004367
0.004233
0.001612
0.005576
0.002419
0.003023
0.004166
0.006114
0.001881
0.003292
0.002352
0.004501
0.002083
0.006114
0.002687
0.003225
0.003762
0.003292
0.002419
0.006786
0.004501
0.002150
0.002687
0.003628
0.002486
0.006786
0.002553
0.003225
0.003762
0.005375
0.002889
0.003494
0.006047
0.003762
0.002620
0.002687
0.004166
0.002755
0.005173
0.004636
0.002687
0.002889
0.002284
0.002553
0.002889
0.005442
0.002284
0.003695
0.002284
0.004434
0.006584
0.003897
0.003158
0.002889
0.002553
0.003628
0.002217
0.003359
0.002284
0.004300
0.005509
0.004367
0.001948
0.003494
0.004367
0.003023
0.005778
0.004233
0.003494
0.003023
0.002352
0.004837
0.002486
0.005845
0.002486
0.004501
0.002352
0.008398
0.002083
0.003091
0.003561
0.003695
0.003964
0.003426
0.003091
0.003225
0.004569
0.003359
0.001680
0.003964
0.001814
0.003023
0.002419
0.003225
0.001209
0.003091
0.004501
0.006114
0.002687
0.004501
0.001881
0.005241
0.002150
0.004300
0.002755
0.005173
0.002755
0.003225
0.003695
0.002620
0.001344
0.003426
0.005509
0.003830
0.002486
0.004367
0.002150
0.002889
0.002016
0.007525
0.001478
0.005173
0.002419
0.004837
0.003628
0.008197
0.001209
0.003695
0.003023
0.004300
0.002352
0.003426
0.001680
0.004031
0.002620
0.010548
0.002486
0.004636
0.003225
0.004837
0.002755
0.003225
0.002419
0.003292
0.002083
0.003561
0.003695
0.005442
0.004098
0.004569
0.002352
0.004972
0.002419
0.005241
0.004434
0.003292
0.004770
0.002352
0.001881
0.002889
0.008801
0.003359
0.002889
0.003561
0.002150
0.003561
0.008533
0.003628
0.003695
0.005173
0.002486
0.003494
0.002553
0.003426
0.002352
0.002687
0.001814
0.004501
0.003091
0.005039
0.002419
0.003897
0.003225
0.002889
0.002150
0.005173
0.002889
0.004031
0.004367
0.004367
0.001881
0.002822
0.002553
0.003494
0.003494
0.003359
0.001948
0.003225
0.002889
0.003023
0.001814
0.005173
0.001814
0.004972
0.004031
0.007928
0.002016
0.002150
0.002016
0.003359
0.002419
0.003628
0.002217
0.003091
0.005711
0.003494
0.001948
0.003964
0.003695
0.003964
0.002889
