0.088887
0.002352
0.003225
0.005039
0.004770
0.002217
0.007794
0.001948
0.002687
0.002755
0.005039
0.001881
0.004098
0.001680
0.003762
0.005241
0.005778
0.001411
0.003426
0.005711
0.003561
0.001209
0.005375
0.002217
0.002755
0.002755
0.006651
0.002687
0.003292
0.001478
0.004770
0.004031
0.009876
0.002486
0.003897
0.005576
0.004434
0.001881
0.005308
0.002755
0.003897
0.001411
0.006786
0.002083
0.005845
0.001411
0.005039
0.001142
0.006920
0.002486
0.003359
0.004098
0.004703
0.001612
0.008398
0.003762
0.002687
0.002486
0.005375
0.001478
0.008667
0.002217
0.004434
0.003561
0.006248
0.002217
0.002419
0.005845
0.004233
0.003830
0.002217
0.002956
0.002419
0.004031
0.004367
0.001545
0.003426
0.002150
0.002083
0.002889
0.005173
0.001142
0.002956
0.002553
0.004972
0.004569
0.004300
0.001881
0.002956
0.002083
0.003628
0.001881
0.004770
0.001277
0.003762
0.005644
0.005845
0.001881
0.002755
0.003695
0.005106
0.006719
0.002889
0.002553
0.003762
0.001411
0.004367
0.002419
0.007525
0.001277
0.003561
0.002217
0.009272
0.002016
0.003695
0.003561
0.005308
0.002486
0.003359
0.002083
0.002016
0.004434
0.004905
0.001142
0.005509
0.001747
0.003158
0.001612
0.003091
0.001814
0.003830
0.003494
0.003158
0.002822
0.006450
0.001545
0.003359
0.001277
0.004233
0.001814
0.006114
0.001680
0.003964
0.004031
0.003023
0.001142
0.002889
0.006181
0.002956
0.001545
0.005375
0.002889
0.003023
0.001612
0.009809
0.001948
0.006047
0.002889
0.004233
0.004367
0.008130
0.001747
0.004300
0.002486
0.004031
0.002822
0.005980
0.002150
0.004770
0.001680
0.010884
0.001411
0.006719
0.002419
0.004166
0.002755
0.004501
0.001209
0.003695
0.000941
0.003494
0.002352
0.007189
0.001881
0.003292
0.001344
0.003762
0.001747
0.007122
0.002755
0.003830
0.006853
0.002889
0.001814
0.002553
0.006517
0.003494
0.003426
0.004031
0.001277
0.003091
0.007726
0.002083
0.002956
0.005980
0.001411
0.002553
0.002956
0.002620
0.001008
0.001747
0.002352
0.003359
0.002620
0.004636
0.001948
0.003426
0.003023
0.001814
0.001142
0.007592
0.002687
0.004501
0.003762
0.004972
0.001209
0.003158
0.001545
0.003359
0.003561
0.005778
0.001680
0.003897
0.002419
0.001814
0.002486
0.007525
0.001411
0.003695
0.003964
0.008465
0.001142
0.002822
0.001344
0.002687
0.002419
0.003561
0.002016
0.003628
0.007525
0.002419
0.001612
0.007659
0.003091
0.004636
0.003225
