0.072494
0.001747
0.002419
0.003762
0.005375
0.002016
0.006248
0.003628
0.003225
0.002889
0.004501
0.002150
0.003628
0.002956
0.004972
0.006181
0.004905
0.001814
0.002553
0.008398
0.003158
0.002083
0.003225
0.004098
0.003628
0.003359
0.007055
0.003695
0.002620
0.001612
0.003225
0.004972
0.009205
0.002352
0.002687
0.004636
0.004300
0.002486
0.004972
0.002687
0.001948
0.003091
0.006248
0.002419
0.004703
0.002016
0.004098
0.002553
0.003964
0.002352
0.003964
0.004031
0.003091
0.002352
0.007794
0.004703
0.002687
0.002553
0.004501
0.003023
0.007458
0.002150
0.002486
0.002956
0.005375
0.002553
0.001680
0.008533
0.003091
0.003695
0.002083
0.002687
0.002889
0.004233
0.005778
0.001881
0.002889
0.002755
0.003494
0.004569
0.004569
0.001680
0.003494
0.004300
0.003561
0.006047
0.002687
0.002889
0.002755
0.002956
0.003158
0.003023
0.002889
0.002352
0.003830
0.007256
0.004300
0.002620
0.003426
0.004636
0.004703
0.007659
0.004233
0.003561
0.001411
0.002083
0.003830
0.003091
0.008465
0.002486
0.004098
0.002150
0.007390
0.002016
0.002486
0.004098
0.003494
0.002822
0.001948
0.003292
0.003897
0.004569
0.003561
0.003762
0.004233
0.002956
0.002217
0.002150
0.002755
0.001948
0.001814
0.005576
0.003964
0.003964
0.003695
0.003695
0.002956
0.002284
0.004233
0.002956
0.005375
0.003426
0.002889
0.005980
0.003359
0.001478
0.003158
0.008331
0.003426
0.002352
0.004233
0.002822
0.003628
0.001680
0.008062
0.002889
0.004703
0.001612
0.003225
0.004166
0.010414
0.000873
0.003762
0.001948
0.004837
0.002016
0.003628
0.002486
0.002956
0.001411
0.009675
0.001948
0.004300
0.003023
0.003494
0.003897
0.003628
0.001680
0.003762
0.002889
0.002150
0.003023
0.005778
0.003359
0.003561
0.001545
0.005039
0.001881
0.006248
0.002822
0.003158
0.005375
0.002620
0.001881
0.001881
0.009608
0.002083
0.002620
0.003359
0.003158
0.003359
0.007189
0.001612
0.002755
0.003628
0.002083
0.002889
0.005106
0.003561
0.001612
0.002217
0.003158
0.003494
0.003091
0.005912
0.001881
0.003426
0.002419
0.002755
0.003561
0.004300
0.001344
0.003964
0.005442
0.004636
0.001881
0.002620
0.002822
0.004166
0.003359
0.004233
0.002956
0.003762
0.002419
0.002956
0.002956
0.006181
0.002150
0.003023
0.005173
0.010078
0.002486
0.002553
0.002620
0.002486
0.002486
0.002419
0.002687
0.005173
0.007323
0.003695
0.003695
0.004031
0.002284
0.003426
0.003762
