0.030301
0.000672
0.002620
0.005039
0.004636
0.001612
0.005644
0.003628
0.003494
0.002083
0.004703
0.002150
0.004233
0.002352
0.003091
0.006987
0.003225
0.002016
0.003091
0.005106
0.003292
0.001142
0.007861
0.004905
0.003494
0.002284
0.005845
0.001881
0.004367
0.001545
0.005778
0.006450
0.009809
0.002150
0.003628
0.004098
0.006651
0.001545
0.004905
0.001747
0.004636
0.002755
0.007256
0.002486
0.008062
0.002419
0.004569
0.002553
0.005375
0.001277
0.004031
0.003426
0.006651
0.002150
0.010078
0.003359
0.003964
0.001478
0.004098
0.002553
0.010347
0.003023
0.004501
0.003426
0.005308
0.001277
0.003628
0.007726
0.003830
0.003964
0.001344
0.003023
0.004367
0.004367
0.002822
0.002822
0.003897
0.003091
0.002755
0.003628
0.004367
0.001478
0.002419
0.003359
0.005576
0.006584
0.002889
0.003426
0.002553
0.002822
0.003292
0.002150
0.004837
0.002956
0.004300
0.007390
0.006114
0.001344
0.002687
0.003292
0.003897
0.005375
0.001814
0.003158
0.003830
0.002956
0.002956
0.002016
0.008801
0.003762
0.002822
0.002889
0.007390
0.001344
0.003695
0.002486
0.006316
0.003897
0.002486
0.001948
0.003158
0.004569
0.002687
0.001948
0.006651
0.003225
0.002352
0.002755
0.003359
0.000873
0.003762
0.005778
0.004905
0.003023
0.005644
0.002150
0.003628
0.001277
0.006517
0.002956
0.003695
0.001411
0.003359
0.005442
0.004300
0.001814
0.003225
0.008331
0.004031
0.002083
0.003964
0.003359
0.004837
0.001478
0.007323
0.002486
0.005442
0.001277
0.004098
0.004770
0.012429
0.002822
0.003762
0.002889
0.003830
0.001411
0.003762
0.002755
0.005644
0.001881
0.009473
0.003426
0.005241
0.001881
0.003628
0.003561
0.005711
0.001075
0.003426
0.002620
0.005106
0.003225
0.005980
0.003561
0.005173
0.001209
0.006920
0.001948
0.008869
0.001747
0.004031
0.003964
0.003830
0.001209
0.004233
0.008734
0.003897
0.002956
0.002755
0.003225
0.004837
0.006920
0.002150
0.003225
0.004636
0.003158
0.002419
0.003158
0.002822
0.001344
0.001747
0.006383
0.004636
0.003897
0.003023
0.002352
0.002083
0.003494
0.002419
0.002352
0.004367
0.002016
0.004233
0.007189
0.007525
0.002083
0.002956
0.001814
0.003561
0.003292
0.003292
0.002217
0.005576
0.002889
0.001948
0.002352
0.008600
0.001747
0.002687
0.002687
0.008398
0.001277
0.003023
0.001881
0.003964
0.002486
0.004031
0.002284
0.004434
0.005375
0.002620
0.001948
0.006651
0.001948
0.004501
0.003292
