0.072494
0.002150
0.004233
0.006584
0.004434
0.002083
0.004367
0.003225
0.002687
0.002755
0.004031
0.004031
0.003897
0.002150
0.002687
0.007458
0.003158
0.001881
0.002486
0.006853
0.004031
0.002419
0.005308
0.003359
0.003359
0.001545
0.004367
0.002016
0.003225
0.002553
0.004233
0.006651
0.006920
0.001680
0.003897
0.007458
0.004166
0.001411
0.004501
0.003158
0.003091
0.001680
0.007055
0.004300
0.005442
0.002419
0.003091
0.002217
0.004300
0.001881
0.002889
0.005308
0.003225
0.001814
0.007726
0.004569
0.002352
0.002217
0.003494
0.003426
0.008667
0.001881
0.004837
0.005509
0.004636
0.003292
0.003292
0.007928
0.003292
0.003225
0.002016
0.003494
0.003628
0.005241
0.004501
0.002755
0.003023
0.001948
0.002217
0.004031
0.003628
0.001680
0.003023
0.004300
0.003292
0.005912
0.004166
0.004434
0.003830
0.002016
0.002284
0.001478
0.003695
0.002620
0.004569
0.008600
0.004905
0.002486
0.003494
0.004569
0.003897
0.006316
0.003158
0.002822
0.003158
0.002083
0.003695
0.002956
0.006450
0.001277
0.003359
0.003091
0.005778
0.002016
0.001814
0.004367
0.004031
0.002889
0.003494
0.002352
0.003359
0.003426
0.002620
0.001881
0.005711
0.001545
0.003830
0.003628
0.003695
0.001881
0.003897
0.006517
0.003762
0.003091
0.003292
0.002352
0.002352
0.001545
0.004300
0.003359
0.005039
0.002620
0.003225
0.005509
0.002284
0.001478
0.001008
0.008734
0.003561
0.001948
0.004501
0.003897
0.003494
0.002284
0.004569
0.003561
0.003628
0.002419
0.003762
0.006853
0.009742
0.001747
0.003359
0.005308
0.003762
0.003628
0.003628
0.002755
0.003695
0.001612
0.007726
0.002687
0.005509
0.001881
0.002486
0.004166
0.004098
0.001277
0.002150
0.003225
0.003023
0.002217
0.006719
0.003023
0.003292
0.001814
0.003426
0.002687
0.004703
0.002083
0.004166
0.008600
0.003964
0.002553
0.004166
0.011623
0.003091
0.002620
0.002755
0.003091
0.002486
0.008398
0.003359
0.003561
0.003695
0.002486
0.002687
0.003426
0.002755
0.001612
0.001075
0.002956
0.002486
0.003628
0.005576
0.003023
0.002284
0.002016
0.001344
0.001747
0.005039
0.002284
0.004098
0.006987
0.005039
0.001948
0.002486
0.002620
0.004837
0.003091
0.004098
0.002419
0.003091
0.002486
0.002352
0.002822
0.005980
0.001948
0.002620
0.005912
0.007458
0.001814
0.001612
0.002687
0.003091
0.001814
0.004031
0.002419
0.003762
0.006987
0.002217
0.002083
0.006181
0.002352
0.004031
0.004434
