0.057243
0.001680
0.003359
0.003359
0.002889
0.001948
0.009406
0.002755
0.002889
0.002150
0.003158
0.003426
0.002419
0.002553
0.004367
0.009473
0.003292
0.002083
0.002016
0.005711
0.003292
0.001680
0.006181
0.002352
0.002956
0.002822
0.004434
0.001545
0.002553
0.001612
0.005576
0.005912
0.006450
0.002016
0.002419
0.004031
0.005845
0.001747
0.005576
0.002419
0.004031
0.005106
0.007256
0.003628
0.009339
0.002150
0.003359
0.002553
0.004031
0.001478
0.003023
0.002822
0.004703
0.003426
0.011287
0.004905
0.002486
0.002016
0.003292
0.001814
0.012295
0.002755
0.004098
0.002956
0.003628
0.001277
0.003897
0.006316
0.001612
0.004501
0.002486
0.004636
0.004501
0.005576
0.003695
0.002822
0.002486
0.002620
0.003292
0.006920
0.003359
0.001747
0.001948
0.003292
0.004434
0.010750
0.002822
0.003695
0.001814
0.002486
0.003628
0.001881
0.003762
0.003158
0.005241
0.010481
0.004972
0.002284
0.002217
0.003695
0.003494
0.007794
0.002956
0.003091
0.003292
0.003964
0.003964
0.002755
0.009608
0.002217
0.002755
0.002822
0.006181
0.001277
0.003023
0.003292
0.005711
0.008264
0.002016
0.002620
0.002284
0.003359
0.003091
0.002217
0.010951
0.003494
0.003225
0.002217
0.002016
0.001545
0.003158
0.004905
0.002016
0.003292
0.006181
0.001545
0.001948
0.001545
0.003561
0.003359
0.004166
0.001612
0.002217
0.005442
0.002755
0.001680
0.001881
0.008331
0.003695
0.002620
0.004367
0.002217
0.001478
0.001478
0.006719
0.001747
0.003830
0.002217
0.002889
0.004166
0.008936
0.003695
0.002083
0.002956
0.003359
0.002956
0.004166
0.003091
0.004703
0.003762
0.007995
0.004905
0.005375
0.002083
0.002687
0.002889
0.003426
0.001344
0.002822
0.001948
0.003359
0.004770
0.008264
0.002620
0.002284
0.002083
0.004031
0.001612
0.008667
0.002822
0.003091
0.003830
0.003292
0.001881
0.003964
0.008062
0.003158
0.003494
0.004031
0.002486
0.003158
0.008130
0.002620
0.002889
0.003158
0.001478
0.003426
0.003426
0.001747
0.001344
0.002150
0.003494
0.003695
0.006719
0.004367
0.003158
0.001948
0.002755
0.001277
0.001680
0.004501
0.001747
0.003897
0.007390
0.006651
0.002553
0.002620
0.002150
0.002755
0.006383
0.003561
0.002284
0.003158
0.002956
0.001814
0.002956
0.007390
0.001344
0.002150
0.003225
0.009003
0.000806
0.003426
0.002822
0.004300
0.005241
0.003225
0.002956
0.001881
0.004770
0.002553
0.003158
0.006248
0.002016
0.003292
0.004367
