0.076122
0.000269
0.005106
0.006316
0.003897
0.001008
0.015251
0.006786
0.001948
0.000739
0.003830
0.004166
0.001747
0.000470
0.007458
0.014042
0.002352
0.000806
0.004703
0.006450
0.001747
0.000470
0.009473
0.005375
0.001545
0.001680
0.009070
0.004300
0.000941
0.000941
0.007525
0.011556
0.005442
0.000537
0.003762
0.004972
0.008533
0.000605
0.011959
0.002217
0.003091
0.001948
0.006920
0.001478
0.010011
0.000941
0.007592
0.001612
0.004972
0.001545
0.005644
0.001612
0.004166
0.001008
0.012026
0.001411
0.005241
0.000806
0.007189
0.001680
0.008734
0.001209
0.006114
0.001209
0.001612
0.000537
0.001075
0.009675
0.002083
0.002822
0.001881
0.004501
0.000941
0.002889
0.002284
0.002687
0.000941
0.002553
0.003359
0.007995
0.001680
0.000672
0.002352
0.004434
0.002553
0.005509
0.001948
0.004837
0.000806
0.001545
0.002553
0.003494
0.001881
0.003292
0.002553
0.012631
0.004501
0.001612
0.001747
0.002956
0.007122
0.006920
0.003628
0.001948
0.004031
0.002486
0.002486
0.001344
0.009809
0.003023
0.003561
0.001680
0.006853
0.001209
0.002150
0.002217
0.007256
0.002687
0.002419
0.001142
0.004233
0.002620
0.003023
0.001075
0.005711
0.002419
0.002419
0.000672
0.001008
0.000537
0.004233
0.008936
0.002016
0.002217
0.008936
0.005912
0.001075
0.000605
0.004837
0.004972
0.003830
0.000739
0.006248
0.008667
0.001881
0.000605
0.003225
0.010011
0.001344
0.001075
0.006248
0.004233
0.002956
0.000941
0.011220
0.005375
0.001142
0.000537
0.006316
0.006383
0.008197
0.000739
0.002553
0.001411
0.005778
0.000873
0.008734
0.002016
0.002553
0.001612
0.010145
0.002016
0.005509
0.000873
0.005644
0.002687
0.006450
0.000537
0.005509
0.001277
0.004703
0.002352
0.007794
0.001209
0.007189
0.000739
0.009003
0.001612
0.005375
0.000873
0.004770
0.004233
0.002016
0.000672
0.001747
0.012362
0.001612
0.002217
0.002553
0.003292
0.001277
0.005778
0.001344
0.003830
0.001612
0.001008
0.002620
0.004905
0.001277
0.000605
0.001142
0.005375
0.001747
0.003023
0.003292
0.002956
0.001478
0.001814
0.002016
0.002553
0.001478
0.001545
0.002016
0.007122
0.006181
0.001948
0.001075
0.001142
0.005778
0.004166
0.003561
0.001680
0.004501
0.002486
0.001008
0.000941
0.007861
0.001747
0.002620
0.002956
0.009003
0.001478
0.002083
0.001344
0.004233
0.002217
0.003359
0.000873
0.005442
0.005509
0.002620
0.001411
0.002687
0.001142
0.001948
0.001680
