0.054622
0.001680
0.003091
0.003091
0.004569
0.002284
0.007928
0.001209
0.003023
0.003426
0.005173
0.001881
0.002755
0.002217
0.003426
0.006584
0.002956
0.001948
0.001680
0.004972
0.003897
0.001411
0.004837
0.002553
0.003762
0.003964
0.007323
0.001411
0.003695
0.002284
0.005644
0.003225
0.007122
0.002486
0.003964
0.004636
0.004703
0.001881
0.005442
0.001545
0.003964
0.003561
0.008264
0.002284
0.004905
0.001411
0.004636
0.002217
0.003964
0.002083
0.002284
0.002687
0.005173
0.002755
0.008264
0.002687
0.004166
0.003964
0.004569
0.002217
0.007525
0.003225
0.004972
0.002822
0.004905
0.002284
0.003225
0.006719
0.002687
0.003494
0.002620
0.002486
0.003091
0.004837
0.005644
0.002486
0.002755
0.002889
0.003494
0.003628
0.004233
0.002083
0.002687
0.002419
0.005644
0.006114
0.003359
0.004837
0.003023
0.004367
0.004770
0.002150
0.004166
0.003762
0.005241
0.005106
0.006786
0.003292
0.002822
0.002620
0.002419
0.005845
0.003561
0.002486
0.002889
0.003158
0.005509
0.001680
0.007055
0.002419
0.005173
0.002352
0.007122
0.002083
0.003091
0.003964
0.004703
0.003830
0.003225
0.002822
0.004098
0.005173
0.004098
0.001478
0.006651
0.002755
0.003292
0.001948
0.003964
0.002016
0.003695
0.005711
0.003830
0.004098
0.005644
0.001411
0.002553
0.001881
0.004703
0.001814
0.003158
0.002352
0.002284
0.002889
0.002284
0.001814
0.002889
0.007256
0.003628
0.002553
0.004300
0.003426
0.002620
0.002083
0.008869
0.001545
0.004501
0.001680
0.004031
0.003158
0.011153
0.003561
0.004501
0.003091
0.004098
0.002352
0.004233
0.002620
0.003561
0.002687
0.009473
0.002822
0.004233
0.002486
0.003091
0.002822
0.003292
0.001612
0.002755
0.001545
0.004098
0.004434
0.007726
0.003292
0.003830
0.001545
0.005039
0.001680
0.005644
0.003628
0.003494
0.004501
0.006047
0.003023
0.003897
0.009137
0.002822
0.002486
0.002889
0.002284
0.004031
0.008331
0.003897
0.002150
0.004972
0.001881
0.003292
0.002553
0.002419
0.001881
0.003091
0.002755
0.004166
0.004367
0.004703
0.003561
0.002150
0.004098
0.002889
0.002553
0.004972
0.002956
0.003292
0.003292
0.005375
0.002687
0.003158
0.001881
0.003158
0.003561
0.005106
0.003359
0.004098
0.004031
0.003091
0.001814
0.005711
0.002150
0.003426
0.004098
0.009272
0.001411
0.003023
0.002016
0.005241
0.003225
0.004905
0.002553
0.003830
0.007928
0.003695
0.002419
0.005442
0.003091
0.002687
0.001680
