0.059863
0.002016
0.004031
0.004501
0.001277
0.002687
0.012833
0.003762
0.001680
0.002352
0.004636
0.003695
0.001612
0.002687
0.006450
0.012228
0.003762
0.002284
0.003964
0.004972
0.002620
0.001948
0.007995
0.003091
0.002352
0.002956
0.005912
0.003091
0.002419
0.002419
0.006651
0.007861
0.003628
0.003494
0.002553
0.004031
0.003091
0.001612
0.009272
0.003158
0.000873
0.001277
0.005644
0.002687
0.006786
0.001881
0.006383
0.003023
0.002755
0.002083
0.004434
0.003359
0.002016
0.002083
0.011825
0.002956
0.001344
0.002755
0.005308
0.002419
0.010884
0.002217
0.006450
0.002352
0.003628
0.001814
0.002352
0.004636
0.001881
0.005308
0.005039
0.003964
0.002553
0.003964
0.003695
0.003158
0.001814
0.002889
0.004300
0.007122
0.003897
0.002620
0.002687
0.004367
0.003426
0.009137
0.003561
0.004166
0.002352
0.002620
0.002956
0.003225
0.003628
0.002352
0.003494
0.010078
0.002889
0.003091
0.002352
0.003225
0.002217
0.009003
0.004569
0.003091
0.001545
0.001680
0.002822
0.002150
0.008801
0.002687
0.005173
0.003695
0.004233
0.002352
0.003494
0.003964
0.002889
0.005509
0.002016
0.003225
0.001209
0.005173
0.003359
0.003091
0.007189
0.002284
0.002889
0.002822
0.001209
0.002687
0.003494
0.003695
0.001747
0.003426
0.007659
0.003023
0.002217
0.001344
0.003561
0.003292
0.002687
0.002755
0.004166
0.008264
0.002889
0.002620
0.004098
0.007122
0.003359
0.003091
0.005912
0.002822
0.003830
0.002016
0.007928
0.002150
0.005912
0.002956
0.004837
0.003628
0.006181
0.003359
0.003494
0.004837
0.000806
0.002620
0.006114
0.004367
0.000941
0.002016
0.007592
0.004300
0.003158
0.002217
0.003964
0.005509
0.002150
0.001948
0.004434
0.003426
0.002016
0.001747
0.008331
0.002083
0.001747
0.001209
0.005039
0.003158
0.009137
0.002419
0.004569
0.004031
0.002755
0.001545
0.002352
0.006248
0.002284
0.003158
0.004098
0.003225
0.002083
0.007055
0.002620
0.002016
0.002956
0.002687
0.002956
0.003897
0.002016
0.002620
0.003023
0.002889
0.002016
0.004905
0.004434
0.003023
0.001948
0.002755
0.002016
0.003225
0.004501
0.002284
0.003023
0.007189
0.003897
0.003292
0.002284
0.003561
0.001344
0.005039
0.004166
0.003158
0.002016
0.003091
0.002083
0.003292
0.005711
0.002352
0.003158
0.003225
0.005644
0.001411
0.003359
0.002956
0.001545
0.002620
0.004098
0.002419
0.001277
0.007928
0.002553
0.002956
0.004031
0.002016
0.003762
0.004031
