0.072964
0.003225
0.001344
0.002687
0.002687
0.003695
0.009205
0.004166
0.001680
0.002083
0.002419
0.004300
0.003628
0.003426
0.003628
0.011758
0.007189
0.002553
0.002083
0.004300
0.002284
0.002553
0.006719
0.005308
0.002083
0.006248
0.003830
0.002755
0.003292
0.002419
0.003023
0.010011
0.004166
0.002755
0.001747
0.004098
0.003762
0.002822
0.006719
0.002822
0.002352
0.003830
0.004367
0.002352
0.010481
0.002687
0.004837
0.002217
0.002956
0.001344
0.001948
0.002687
0.003023
0.002889
0.009070
0.003494
0.001881
0.001881
0.003359
0.001814
0.008264
0.003091
0.002687
0.002956
0.003426
0.003695
0.001948
0.004905
0.002620
0.007055
0.001881
0.006517
0.001881
0.004434
0.004367
0.002553
0.003762
0.004367
0.002352
0.009675
0.003023
0.003225
0.001075
0.003695
0.002016
0.007928
0.002620
0.004569
0.001948
0.003561
0.002217
0.003225
0.002687
0.004300
0.002553
0.011019
0.002956
0.002553
0.001209
0.004770
0.004031
0.008062
0.002083
0.003426
0.002016
0.002889
0.002553
0.002755
0.012698
0.003762
0.003225
0.004031
0.004569
0.003561
0.001814
0.005845
0.002755
0.008264
0.001747
0.002284
0.002822
0.003897
0.005241
0.002687
0.008465
0.004031
0.002486
0.002620
0.001277
0.002150
0.001948
0.005241
0.001948
0.005308
0.005241
0.003426
0.002016
0.002755
0.003225
0.004098
0.005980
0.002083
0.002217
0.006786
0.004972
0.002687
0.002016
0.007256
0.001948
0.002553
0.005308
0.002956
0.003897
0.003964
0.004770
0.003023
0.003023
0.003494
0.002352
0.005845
0.004233
0.002419
0.001411
0.003762
0.002284
0.001747
0.005241
0.002486
0.001814
0.003695
0.007458
0.003762
0.008600
0.002217
0.002553
0.003964
0.001411
0.002217
0.003225
0.002553
0.002016
0.004166
0.005576
0.002956
0.002755
0.001142
0.001680
0.001814
0.005442
0.002419
0.002083
0.004434
0.003225
0.002889
0.002822
0.006786
0.002016
0.005644
0.002083
0.003158
0.002620
0.005576
0.002956
0.003426
0.002486
0.002486
0.002486
0.007189
0.001881
0.002217
0.001881
0.002486
0.001680
0.006651
0.004905
0.003964
0.002150
0.002150
0.000739
0.002217
0.003897
0.002956
0.001277
0.006047
0.004703
0.002822
0.002755
0.002822
0.002822
0.005039
0.004569
0.003225
0.002620
0.003023
0.001881
0.003561
0.004703
0.002687
0.001545
0.006114
0.005778
0.002486
0.002553
0.006114
0.002217
0.005442
0.003158
0.002486
0.001680
0.003695
0.001948
0.003628
0.004837
0.002150
0.001747
0.004837
