0.054555
0.002553
0.002822
0.002352
0.003561
0.003359
0.005576
0.001612
0.002755
0.005173
0.005644
0.001411
0.002419
0.004098
0.003359
0.003695
0.003023
0.002486
0.002486
0.004501
0.003023
0.002217
0.005241
0.002083
0.001814
0.004569
0.005711
0.001814
0.002486
0.002486
0.003158
0.003897
0.009809
0.003091
0.003561
0.002419
0.004031
0.003158
0.005778
0.001881
0.003561
0.005845
0.006719
0.001747
0.005173
0.003359
0.004166
0.001277
0.004166
0.002822
0.002956
0.002620
0.003897
0.005644
0.007323
0.003091
0.003292
0.004569
0.004569
0.001814
0.008667
0.004703
0.003158
0.002150
0.006316
0.003225
0.002620
0.005106
0.003561
0.006719
0.002889
0.002486
0.002217
0.008734
0.003897
0.002284
0.002755
0.004569
0.003292
0.002822
0.004569
0.002083
0.003023
0.002083
0.005106
0.007726
0.003695
0.002553
0.002419
0.005241
0.003897
0.002016
0.002956
0.003091
0.003695
0.005644
0.005173
0.003830
0.003359
0.003023
0.003292
0.009137
0.003292
0.002620
0.002486
0.005644
0.004837
0.003023
0.005576
0.003695
0.003695
0.001680
0.005509
0.002486
0.002889
0.002284
0.005106
0.005308
0.002284
0.002016
0.002150
0.007458
0.004098
0.001612
0.005442
0.004233
0.002889
0.001612
0.002419
0.002687
0.003964
0.003695
0.003225
0.005442
0.004905
0.001478
0.001881
0.002755
0.003494
0.001814
0.003964
0.002284
0.003023
0.001881
0.002687
0.002284
0.002083
0.006517
0.002486
0.004972
0.004770
0.002620
0.002083
0.002755
0.007928
0.001545
0.003897
0.002956
0.003695
0.002352
0.009473
0.002687
0.002822
0.002352
0.004367
0.004098
0.005644
0.002217
0.003359
0.003359
0.008331
0.001209
0.005173
0.003359
0.004972
0.001612
0.004501
0.002284
0.003964
0.002016
0.003023
0.007256
0.005375
0.002755
0.003762
0.003091
0.004636
0.001344
0.006987
0.003830
0.004636
0.003561
0.003091
0.004367
0.001948
0.007458
0.003426
0.005644
0.003023
0.002016
0.002755
0.009137
0.001948
0.002486
0.003225
0.003628
0.003225
0.002083
0.002553
0.003158
0.001948
0.003091
0.004031
0.008197
0.005039
0.003359
0.002889
0.005509
0.002284
0.001612
0.007390
0.003762
0.003091
0.003158
0.004837
0.002755
0.002822
0.002217
0.003158
0.005509
0.004098
0.003225
0.003158
0.004031
0.002150
0.001344
0.005778
0.003091
0.002822
0.002016
0.006719
0.004434
0.002620
0.001075
0.004434
0.005509
0.003830
0.002016
0.003023
0.010011
0.002486
0.001344
0.004972
0.004098
0.003426
0.001881
