0.052069
0.001142
0.004300
0.003292
0.001545
0.000873
0.010615
0.002284
0.001612
0.001411
0.007390
0.000873
0.001209
0.000941
0.004501
0.006786
0.003023
0.000537
0.004501
0.004233
0.002150
0.001612
0.009406
0.003762
0.002016
0.002755
0.009070
0.000605
0.000739
0.001478
0.007659
0.004434
0.007390
0.002016
0.005241
0.003426
0.005509
0.001344
0.010615
0.000941
0.003158
0.003964
0.012362
0.000202
0.005375
0.001344
0.007995
0.001008
0.003897
0.001478
0.005778
0.001008
0.005912
0.002822
0.015050
0.001142
0.004569
0.001478
0.006920
0.000941
0.008667
0.002352
0.007659
0.002620
0.002956
0.002352
0.001209
0.004636
0.002352
0.005308
0.001680
0.002620
0.000873
0.009137
0.005106
0.000806
0.001344
0.003091
0.001142
0.002486
0.001344
0.002822
0.002755
0.001142
0.003762
0.010817
0.003897
0.003561
0.001612
0.004636
0.002284
0.000470
0.001545
0.004905
0.002083
0.006786
0.004367
0.004837
0.002419
0.001344
0.005644
0.011153
0.003158
0.001747
0.003695
0.007861
0.003023
0.000537
0.007256
0.003964
0.003225
0.000336
0.007525
0.003158
0.001747
0.001881
0.009205
0.009742
0.002016
0.001277
0.003830
0.008801
0.003628
0.000336
0.006383
0.008533
0.003023
0.000739
0.001545
0.000470
0.006920
0.005173
0.002150
0.002822
0.007189
0.001747
0.001008
0.001209
0.009809
0.002352
0.003023
0.000873
0.004569
0.003628
0.001277
0.001277
0.003628
0.007794
0.001881
0.001881
0.007659
0.001411
0.001277
0.001277
0.011086
0.000605
0.001612
0.001142
0.004770
0.002956
0.009137
0.001881
0.005912
0.001948
0.004636
0.002217
0.009742
0.001411
0.003426
0.003225
0.014445
0.000672
0.005375
0.001478
0.005845
0.000806
0.005375
0.000941
0.005308
0.000336
0.004837
0.003762
0.009473
0.000672
0.003494
0.000873
0.008600
0.000470
0.006450
0.002755
0.005375
0.003628
0.001411
0.003561
0.002352
0.008130
0.002150
0.004031
0.002419
0.001075
0.001612
0.012967
0.002687
0.001075
0.001881
0.002687
0.002889
0.001411
0.001277
0.003091
0.001008
0.001612
0.002352
0.005912
0.003695
0.001478
0.001075
0.005375
0.002016
0.000605
0.003023
0.004166
0.001881
0.003292
0.004905
0.006248
0.002083
0.000739
0.004166
0.006987
0.004501
0.001075
0.005173
0.008667
0.001881
0.000336
0.005778
0.003830
0.002284
0.002620
0.009540
0.003091
0.001344
0.000336
0.005509
0.007055
0.003628
0.000672
0.003292
0.011690
0.002419
0.000202
0.003830
0.006853
0.002755
0.000873
