0.062886
0.002620
0.003494
0.004166
0.004703
0.002284
0.006920
0.003964
0.002217
0.002889
0.003762
0.004166
0.004434
0.002620
0.005173
0.007256
0.004972
0.002083
0.004166
0.007390
0.002889
0.001545
0.004098
0.004972
0.003158
0.003830
0.006383
0.004367
0.002956
0.002284
0.004770
0.005375
0.005980
0.001075
0.004031
0.004703
0.003964
0.001814
0.004972
0.003762
0.001680
0.002352
0.006248
0.003158
0.004703
0.002150
0.006786
0.003695
0.003830
0.001881
0.004367
0.004703
0.001680
0.001814
0.006047
0.005375
0.003359
0.003158
0.004031
0.002755
0.006786
0.002083
0.003359
0.003830
0.004367
0.001881
0.003830
0.006517
0.002889
0.004569
0.002419
0.003830
0.002150
0.003695
0.003494
0.003023
0.003628
0.003292
0.002956
0.004233
0.004031
0.001881
0.003628
0.004300
0.003561
0.005241
0.003561
0.003494
0.002016
0.002755
0.004098
0.002687
0.003359
0.001411
0.003158
0.007659
0.003225
0.002486
0.002822
0.004972
0.003964
0.006987
0.004569
0.004367
0.001277
0.002150
0.003830
0.003561
0.006987
0.002083
0.005509
0.003830
0.007323
0.002150
0.004031
0.005711
0.002755
0.001948
0.003158
0.003158
0.003091
0.003628
0.003494
0.003292
0.003023
0.002419
0.003561
0.003158
0.002083
0.001948
0.003628
0.004770
0.003225
0.004569
0.005711
0.004770
0.001747
0.001209
0.002687
0.003695
0.004837
0.002822
0.005644
0.006450
0.003359
0.002419
0.002687
0.010078
0.002755
0.002016
0.003494
0.004098
0.004434
0.002150
0.006450
0.003964
0.003695
0.002016
0.003897
0.004703
0.007256
0.001277
0.003494
0.003897
0.002620
0.002956
0.005106
0.003964
0.001545
0.000739
0.006651
0.003359
0.003225
0.002889
0.005106
0.004972
0.004233
0.001612
0.003494
0.003762
0.002217
0.002486
0.005711
0.003225
0.003158
0.002217
0.005241
0.003292
0.004770
0.002889
0.003426
0.005644
0.003225
0.001545
0.002822
0.008398
0.003023
0.002889
0.003561
0.003494
0.002016
0.006719
0.002687
0.002687
0.003762
0.002889
0.003561
0.004972
0.001814
0.002150
0.003359
0.004098
0.002352
0.003292
0.004233
0.002956
0.003023
0.003023
0.002486
0.002889
0.004031
0.002083
0.002956
0.005845
0.003292
0.001075
0.002217
0.002822
0.003561
0.003359
0.004905
0.002956
0.002553
0.002419
0.002419
0.002687
0.005375
0.002419
0.003695
0.006047
0.007592
0.001881
0.004434
0.003225
0.002217
0.002150
0.003897
0.002687
0.003359
0.007592
0.003628
0.003023
0.003359
0.002486
0.002889
0.005442
