0.067724
0.001747
0.003695
0.007122
0.003964
0.002284
0.007726
0.002956
0.003359
0.001948
0.006383
0.003292
0.004569
0.002284
0.002956
0.007794
0.004770
0.001344
0.002755
0.006450
0.004300
0.001209
0.005308
0.004031
0.002755
0.002889
0.006181
0.001680
0.002553
0.000873
0.004837
0.004837
0.006651
0.001277
0.004166
0.007323
0.003830
0.001142
0.004501
0.003091
0.003561
0.002755
0.010011
0.003426
0.004098
0.001277
0.004569
0.001680
0.005442
0.001411
0.003292
0.005241
0.004233
0.001948
0.007794
0.005173
0.003897
0.002352
0.004501
0.002889
0.008197
0.001344
0.004501
0.004434
0.004972
0.002150
0.002486
0.007995
0.002486
0.002419
0.002889
0.002284
0.002822
0.003762
0.004300
0.004300
0.003292
0.001948
0.003628
0.004098
0.004031
0.001277
0.003426
0.004905
0.004367
0.005980
0.004569
0.003158
0.002016
0.002486
0.004434
0.001881
0.004031
0.002150
0.005375
0.006248
0.004233
0.002083
0.002687
0.006987
0.003561
0.005912
0.003561
0.003091
0.003091
0.001478
0.004636
0.001948
0.005778
0.001344
0.004166
0.002284
0.006786
0.002217
0.002822
0.005308
0.004434
0.003292
0.002956
0.003091
0.003225
0.004166
0.003091
0.001948
0.003830
0.001344
0.002419
0.002620
0.003561
0.001411
0.003426
0.005576
0.003359
0.004031
0.003897
0.001747
0.001814
0.001142
0.004569
0.003426
0.006047
0.002217
0.004098
0.004098
0.003494
0.000873
0.003964
0.006920
0.003158
0.001344
0.005173
0.003897
0.002553
0.001411
0.007525
0.001948
0.003494
0.001881
0.004367
0.004905
0.008197
0.001277
0.004636
0.002956
0.003762
0.001747
0.004501
0.002217
0.003695
0.001411
0.008801
0.003359
0.006450
0.001545
0.004434
0.005375
0.003091
0.001075
0.004501
0.001948
0.004636
0.003494
0.007458
0.004367
0.002083
0.001008
0.004367
0.002822
0.006181
0.001814
0.004434
0.007861
0.002284
0.001478
0.003091
0.008667
0.002083
0.002620
0.003158
0.002419
0.002217
0.007525
0.003158
0.004703
0.004098
0.002755
0.003023
0.004098
0.002083
0.001680
0.002755
0.003561
0.002620
0.004098
0.006114
0.003359
0.002284
0.002150
0.002217
0.001948
0.004972
0.003830
0.004770
0.007458
0.004031
0.001478
0.003091
0.002352
0.002822
0.003225
0.004434
0.002150
0.002352
0.002419
0.002352
0.002016
0.004837
0.002620
0.002889
0.006181
0.007995
0.001411
0.002486
0.002150
0.002553
0.001747
0.005576
0.002620
0.003225
0.007525
0.002150
0.001478
0.005106
0.003762
0.003225
0.004501
