0.071016
0.001814
0.002755
0.006517
0.003561
0.001814
0.006987
0.002687
0.002956
0.002083
0.005912
0.003426
0.002687
0.001545
0.003292
0.006853
0.004233
0.000806
0.002620
0.006248
0.002419
0.001344
0.006450
0.006719
0.002419
0.001814
0.005711
0.001814
0.003561
0.001209
0.004972
0.003964
0.008197
0.002352
0.005039
0.005778
0.004837
0.000941
0.005509
0.003426
0.004434
0.003225
0.010078
0.003359
0.005845
0.001209
0.005173
0.002419
0.004905
0.001545
0.003292
0.004569
0.004905
0.002486
0.009406
0.005241
0.003292
0.001478
0.003964
0.002083
0.007726
0.002150
0.005375
0.005375
0.004837
0.002016
0.002486
0.007928
0.002150
0.002553
0.002822
0.002687
0.001680
0.004300
0.006651
0.004233
0.002150
0.000873
0.002889
0.003091
0.004166
0.001142
0.001948
0.005375
0.004233
0.005039
0.005173
0.004972
0.003225
0.001344
0.003897
0.002956
0.004166
0.001680
0.004300
0.008130
0.005509
0.002150
0.003225
0.003628
0.003091
0.005912
0.001747
0.003426
0.003091
0.001948
0.004233
0.002352
0.009675
0.000941
0.003023
0.002419
0.005912
0.000672
0.002419
0.003762
0.004367
0.002352
0.003225
0.003023
0.002822
0.002956
0.003292
0.001545
0.005442
0.001747
0.003695
0.002016
0.002956
0.001478
0.003292
0.005576
0.002553
0.001881
0.004972
0.001478
0.002755
0.001344
0.004367
0.003964
0.004300
0.001612
0.002755
0.005375
0.001881
0.000672
0.002755
0.006786
0.002620
0.002419
0.006047
0.002889
0.002687
0.001612
0.007592
0.003292
0.004300
0.001478
0.003292
0.006584
0.010145
0.001411
0.004569
0.003762
0.004434
0.001948
0.005576
0.001881
0.004031
0.001680
0.011959
0.005173
0.005980
0.001478
0.003695
0.003830
0.003561
0.000537
0.003359
0.002352
0.004837
0.002889
0.009608
0.004098
0.003695
0.000806
0.005845
0.002822
0.007390
0.002150
0.004300
0.007525
0.003494
0.001948
0.002755
0.008869
0.002755
0.001545
0.003628
0.002956
0.001612
0.007726
0.003292
0.005375
0.003561
0.001008
0.002687
0.004569
0.000941
0.000941
0.001545
0.003158
0.002687
0.002755
0.006651
0.004569
0.002352
0.002284
0.002083
0.002956
0.005980
0.002419
0.003494
0.007390
0.005845
0.001209
0.002217
0.001411
0.004031
0.002822
0.003964
0.002284
0.004031
0.003292
0.003494
0.003023
0.005442
0.001277
0.002352
0.003359
0.009205
0.000605
0.002016
0.001680
0.003964
0.001814
0.004569
0.002687
0.002352
0.006316
0.002083
0.001277
0.005442
0.001948
0.002284
0.004300
