0.091844
0.001612
0.004300
0.003091
0.001680
0.001545
0.014983
0.005576
0.001545
0.002150
0.003225
0.003695
0.001680
0.001142
0.005711
0.009742
0.002486
0.001612
0.003023
0.004770
0.002016
0.001747
0.009137
0.006114
0.002553
0.002486
0.005375
0.002620
0.001948
0.001478
0.006987
0.007592
0.003426
0.002217
0.003762
0.004972
0.002352
0.001277
0.010011
0.003830
0.002284
0.002486
0.005106
0.002956
0.005644
0.000605
0.007794
0.003225
0.002352
0.000806
0.003426
0.003091
0.003897
0.001948
0.012161
0.003628
0.003023
0.001747
0.004367
0.001948
0.012698
0.001545
0.007794
0.004770
0.002150
0.001545
0.002956
0.004569
0.001881
0.006450
0.004367
0.006383
0.002284
0.003426
0.003695
0.001814
0.002553
0.000806
0.003695
0.007726
0.002486
0.001747
0.002284
0.003158
0.002486
0.011220
0.003897
0.004972
0.001411
0.001142
0.003964
0.002150
0.002217
0.003359
0.004031
0.011489
0.001612
0.001142
0.002284
0.003292
0.002889
0.008667
0.003897
0.005106
0.002956
0.001747
0.002217
0.002217
0.009406
0.001612
0.003359
0.003762
0.004300
0.001142
0.002755
0.004031
0.004905
0.004770
0.002217
0.002822
0.001612
0.002284
0.004434
0.002352
0.008801
0.002016
0.003158
0.002687
0.002016
0.000873
0.003628
0.003292
0.001680
0.003359
0.008062
0.004233
0.001545
0.001209
0.003292
0.003964
0.003091
0.000739
0.004367
0.007592
0.002889
0.003091
0.002016
0.006383
0.001747
0.003964
0.004098
0.003091
0.003426
0.003225
0.008130
0.001948
0.003359
0.002956
0.004501
0.005375
0.004905
0.002889
0.002150
0.003225
0.002956
0.001814
0.005509
0.003359
0.002755
0.002284
0.008533
0.005308
0.003561
0.001277
0.005576
0.004905
0.002217
0.001075
0.004031
0.001680
0.001680
0.002486
0.007256
0.003023
0.002620
0.000873
0.003897
0.002217
0.009675
0.001209
0.004972
0.005241
0.002083
0.001478
0.004233
0.005173
0.002217
0.004098
0.004972
0.003225
0.003426
0.007390
0.003561
0.002687
0.002956
0.000605
0.003561
0.003023
0.001814
0.001881
0.001881
0.003628
0.001142
0.006651
0.003091
0.003023
0.001881
0.000873
0.001277
0.002419
0.002620
0.001881
0.003695
0.007390
0.004300
0.001142
0.001814
0.001344
0.001545
0.005106
0.004300
0.002755
0.002553
0.001277
0.002083
0.002217
0.005644
0.001545
0.003762
0.003628
0.005711
0.001142
0.003830
0.001814
0.002687
0.002352
0.003762
0.002755
0.001612
0.006047
0.002083
0.003561
0.005509
0.001008
0.003695
0.003897
