0.067186
0.001344
0.003225
0.003964
0.005644
0.001209
0.009137
0.003561
0.004031
0.001478
0.005308
0.003897
0.005912
0.001344
0.004031
0.009540
0.006114
0.001075
0.004501
0.006248
0.003426
0.001478
0.006450
0.003897
0.002486
0.003359
0.007861
0.002352
0.002822
0.001209
0.004837
0.007323
0.005644
0.001545
0.003897
0.003762
0.004501
0.001008
0.005845
0.003023
0.002553
0.002217
0.007861
0.002620
0.005980
0.001478
0.004636
0.003225
0.007189
0.001478
0.004031
0.003561
0.003628
0.001747
0.008734
0.004166
0.003158
0.002083
0.004636
0.002083
0.006450
0.002755
0.004098
0.003158
0.004098
0.001545
0.003091
0.005375
0.003494
0.002352
0.003225
0.002217
0.002419
0.003830
0.003628
0.003091
0.002419
0.001680
0.003628
0.005576
0.004837
0.000806
0.003225
0.004300
0.004300
0.005039
0.004300
0.003628
0.001881
0.002284
0.005173
0.002419
0.003091
0.001142
0.004166
0.009272
0.004166
0.001344
0.002956
0.002822
0.004434
0.007861
0.004501
0.001948
0.003359
0.001411
0.005308
0.002419
0.009070
0.001209
0.004233
0.002687
0.008398
0.001680
0.003964
0.003561
0.004233
0.002620
0.002419
0.001948
0.002889
0.004098
0.004837
0.001545
0.006114
0.002083
0.002150
0.002150
0.002687
0.001008
0.004434
0.005576
0.002889
0.003830
0.006248
0.002486
0.002553
0.000739
0.005173
0.003897
0.007122
0.001478
0.004367
0.006517
0.005106
0.000672
0.004703
0.009944
0.003158
0.001948
0.005778
0.003091
0.003426
0.001814
0.008197
0.001881
0.005106
0.001881
0.003830
0.005173
0.006719
0.001142
0.003225
0.002755
0.002956
0.000873
0.005912
0.001948
0.003897
0.001344
0.009339
0.002284
0.006651
0.001478
0.004905
0.003830
0.005509
0.000403
0.003494
0.001814
0.004233
0.002352
0.006719
0.003561
0.004098
0.001478
0.005241
0.001612
0.006987
0.002150
0.003426
0.003830
0.002687
0.001008
0.003426
0.008465
0.002419
0.002956
0.005442
0.003292
0.003964
0.005442
0.003158
0.003225
0.005308
0.002083
0.002553
0.005039
0.003762
0.000269
0.002016
0.003091
0.002419
0.002352
0.004905
0.003091
0.002687
0.002553
0.003292
0.001612
0.002553
0.001747
0.003695
0.005912
0.004569
0.001075
0.002486
0.001545
0.002217
0.003359
0.005173
0.002352
0.003158
0.002016
0.002889
0.002419
0.007323
0.001209
0.004098
0.005039
0.008331
0.001277
0.002620
0.002284
0.001814
0.001814
0.004837
0.002083
0.003830
0.007122
0.002956
0.001545
0.004501
0.002419
0.004233
0.003158
