0.061274
0.001075
0.003561
0.002016
0.005106
0.001881
0.008130
0.001680
0.002687
0.002150
0.005845
0.001075
0.003091
0.002217
0.003830
0.007256
0.003158
0.001478
0.003628
0.004837
0.002687
0.001411
0.005106
0.003359
0.003023
0.003091
0.008600
0.001545
0.002352
0.002352
0.004031
0.006651
0.008667
0.002486
0.004098
0.003830
0.005039
0.001612
0.009205
0.002016
0.003628
0.003561
0.008869
0.000873
0.004233
0.002150
0.008130
0.001277
0.003897
0.002150
0.003830
0.002352
0.004837
0.002486
0.008936
0.003023
0.002553
0.002553
0.005845
0.001814
0.007861
0.003964
0.004636
0.002486
0.004434
0.003494
0.003628
0.005509
0.002419
0.005778
0.002352
0.002016
0.002687
0.006248
0.003830
0.001545
0.002083
0.003830
0.002889
0.004367
0.002486
0.003292
0.003023
0.001478
0.003426
0.009473
0.002889
0.002352
0.002419
0.003830
0.004367
0.001075
0.002755
0.003762
0.003494
0.007122
0.005308
0.004501
0.003628
0.002083
0.002822
0.008936
0.004972
0.003091
0.003628
0.004300
0.004501
0.000739
0.004905
0.003023
0.006316
0.001680
0.005509
0.003628
0.002956
0.002755
0.004972
0.006517
0.003158
0.001277
0.002486
0.007323
0.004501
0.001680
0.005711
0.004972
0.002352
0.001612
0.001814
0.001612
0.004636
0.003830
0.002284
0.003628
0.007323
0.002553
0.002553
0.001881
0.006316
0.000941
0.002755
0.002687
0.003359
0.003762
0.002755
0.001814
0.003897
0.007390
0.002352
0.002419
0.004367
0.001948
0.002620
0.001747
0.010011
0.001142
0.003091
0.001545
0.004501
0.002822
0.008331
0.001545
0.003292
0.002217
0.004031
0.002217
0.005845
0.001142
0.005039
0.003023
0.012497
0.001075
0.003897
0.001814
0.005241
0.001814
0.004770
0.001478
0.004434
0.001008
0.003426
0.004166
0.005442
0.002352
0.003762
0.001478
0.009137
0.001142
0.005980
0.002352
0.005308
0.004098
0.003561
0.003359
0.002822
0.008062
0.001344
0.003830
0.004098
0.002553
0.004703
0.011220
0.001680
0.000739
0.003628
0.003359
0.002687
0.002755
0.003359
0.002822
0.002486
0.002284
0.002822
0.004905
0.003494
0.001478
0.001680
0.004837
0.002352
0.001142
0.005173
0.003964
0.003964
0.003964
0.006450
0.004166
0.002755
0.001344
0.002217
0.003964
0.004905
0.002284
0.004434
0.006920
0.003023
0.001075
0.004300
0.002956
0.004098
0.002755
0.007525
0.002150
0.002889
0.000806
0.003762
0.003695
0.003762
0.001344
0.002687
0.008667
0.003426
0.001545
0.005509
0.005442
0.002687
0.002352
