0.049449
0.000806
0.003897
0.006181
0.004166
0.001344
0.007458
0.003561
0.003091
0.001814
0.006383
0.002553
0.002822
0.001747
0.004636
0.008331
0.004166
0.001277
0.002822
0.009205
0.004703
0.001075
0.007323
0.003561
0.002956
0.002352
0.006786
0.003494
0.002620
0.001881
0.005173
0.005845
0.009070
0.000873
0.005106
0.006517
0.003897
0.001008
0.005106
0.002755
0.003023
0.002284
0.009540
0.002956
0.005173
0.001545
0.004501
0.003628
0.006114
0.001344
0.002889
0.004636
0.004569
0.002016
0.009540
0.004636
0.004569
0.002016
0.003897
0.001612
0.006920
0.002486
0.004233
0.003897
0.004031
0.001075
0.003561
0.008331
0.001747
0.003158
0.003023
0.004233
0.002822
0.003426
0.005039
0.002419
0.001142
0.001612
0.003225
0.004972
0.004905
0.001277
0.002822
0.004501
0.005442
0.004636
0.003292
0.004031
0.002419
0.001545
0.003964
0.001948
0.003830
0.001948
0.003897
0.007458
0.004434
0.001478
0.002755
0.004098
0.003628
0.005778
0.002889
0.003695
0.003225
0.001881
0.004972
0.002284
0.008062
0.000873
0.003964
0.003158
0.006517
0.001209
0.003561
0.004434
0.005845
0.002217
0.003091
0.003762
0.003426
0.004300
0.003426
0.001612
0.004837
0.002150
0.003628
0.002486
0.002419
0.000739
0.004233
0.006517
0.003494
0.002486
0.005912
0.003292
0.003225
0.001142
0.004031
0.003964
0.005039
0.001411
0.004367
0.005778
0.002352
0.000873
0.003494
0.009876
0.003091
0.001478
0.007122
0.004703
0.003426
0.001344
0.007592
0.003695
0.005106
0.001545
0.005845
0.006651
0.009205
0.001277
0.004501
0.002553
0.003426
0.001814
0.004703
0.003158
0.004770
0.001747
0.010347
0.002284
0.006047
0.001411
0.004837
0.004501
0.004501
0.001008
0.003494
0.001948
0.003426
0.002352
0.006450
0.002687
0.004434
0.001075
0.005106
0.002083
0.005912
0.001545
0.004098
0.005106
0.003158
0.001008
0.002486
0.012295
0.002419
0.002284
0.003225
0.003225
0.002889
0.007659
0.003628
0.003762
0.003762
0.001478
0.002687
0.006316
0.001545
0.000873
0.002889
0.005106
0.002956
0.002620
0.005308
0.003426
0.002419
0.002217
0.002620
0.003292
0.003762
0.001545
0.004636
0.006450
0.004837
0.001142
0.002352
0.002687
0.002889
0.002553
0.004233
0.002486
0.003225
0.002419
0.002755
0.002553
0.007726
0.000873
0.003964
0.004031
0.009272
0.000672
0.002352
0.002016
0.003292
0.002016
0.004434
0.002083
0.004031
0.006517
0.002687
0.002822
0.004300
0.001680
0.003023
0.004837
