0.079279
0.000455
0.003382
0.007024
0.002862
0.000520
0.006439
0.003642
0.004813
0.001366
0.004488
0.006113
0.002666
0.001236
0.002797
0.008390
0.003382
0.000845
0.003837
0.007219
0.003967
0.000780
0.005853
0.010211
0.002471
0.001691
0.006569
0.003122
0.002601
0.000650
0.006309
0.008390
0.009625
0.000976
0.002992
0.003382
0.006178
0.000390
0.006374
0.001756
0.003837
0.002601
0.008130
0.002732
0.007804
0.001041
0.003577
0.001236
0.006178
0.000976
0.004227
0.002862
0.004748
0.001626
0.011316
0.002992
0.005333
0.001171
0.004422
0.002732
0.012617
0.001431
0.003967
0.003187
0.004422
0.000845
0.002666
0.007609
0.001756
0.002732
0.001236
0.003122
0.003057
0.005463
0.004162
0.003902
0.002016
0.001691
0.001691
0.004748
0.003707
0.000715
0.002341
0.004227
0.002536
0.006439
0.002797
0.004357
0.003187
0.001691
0.002992
0.003382
0.002732
0.001951
0.004162
0.008520
0.005723
0.000976
0.002601
0.003512
0.003447
0.005788
0.001366
0.001431
0.003772
0.002732
0.003122
0.002146
0.009625
0.001171
0.001886
0.001626
0.008715
0.000390
0.002211
0.002536
0.009300
0.005203
0.002081
0.001626
0.003317
0.003707
0.002992
0.001366
0.008845
0.002536
0.002146
0.001626
0.002601
0.000455
0.005008
0.009560
0.003837
0.001951
0.005008
0.002797
0.002536
0.000976
0.005658
0.004878
0.005008
0.001106
0.003707
0.006374
0.002471
0.000520
0.002601
0.007804
0.004553
0.001431
0.003707
0.006243
0.002406
0.000390
0.007284
0.002471
0.004097
0.000911
0.005138
0.005723
0.011772
0.000780
0.002081
0.002797
0.005918
0.001301
0.004813
0.002471
0.003382
0.001561
0.009755
0.002016
0.005983
0.001691
0.004032
0.002797
0.006113
0.000976
0.003447
0.001691
0.003837
0.003057
0.006829
0.003187
0.004097
0.000520
0.006764
0.001626
0.008975
0.001106
0.003902
0.003772
0.002016
0.001041
0.002081
0.008390
0.002862
0.001431
0.002797
0.002797
0.002406
0.008260
0.002211
0.004097
0.003512
0.001821
0.002081
0.003252
0.001561
0.001301
0.001041
0.004292
0.002341
0.003902
0.003902
0.004357
0.001951
0.002211
0.001821
0.003122
0.004032
0.001301
0.003577
0.006634
0.008975
0.001366
0.001951
0.002276
0.004097
0.002276
0.004032
0.001366
0.007934
0.004488
0.001691
0.001886
0.007869
0.001106
0.002666
0.002601
0.009365
0.000390
0.001236
0.001496
0.004357
0.002992
0.002862
0.002146
0.003837
0.005398
0.001821
0.001041
0.005333
0.002016
0.003317
0.002992
