0.084807
0.002276
0.003057
0.004227
0.005268
0.001626
0.007154
0.002081
0.003772
0.002211
0.004227
0.003837
0.004422
0.002211
0.003057
0.006439
0.004748
0.001366
0.002992
0.005593
0.003512
0.001886
0.005203
0.003317
0.003447
0.002666
0.006374
0.003122
0.003252
0.002341
0.003707
0.004943
0.006699
0.002081
0.003707
0.002927
0.004292
0.001756
0.004878
0.002536
0.003317
0.004032
0.008455
0.003252
0.003512
0.002276
0.002406
0.002081
0.005333
0.002797
0.003187
0.004227
0.002732
0.002862
0.006634
0.005138
0.002471
0.002992
0.004553
0.003252
0.006764
0.003252
0.004097
0.003772
0.003642
0.002081
0.002211
0.005918
0.002666
0.003057
0.003057
0.002601
0.002211
0.005008
0.005138
0.004032
0.002927
0.001756
0.003252
0.002927
0.005658
0.000845
0.003902
0.004032
0.004878
0.005658
0.003902
0.002016
0.003707
0.001626
0.004683
0.001951
0.003447
0.001301
0.004748
0.005658
0.004878
0.001561
0.004227
0.004553
0.002601
0.004097
0.002992
0.003317
0.002797
0.003122
0.005203
0.002797
0.006829
0.001496
0.004553
0.002666
0.007674
0.002732
0.002927
0.004683
0.003382
0.004227
0.002927
0.002992
0.002276
0.004618
0.003967
0.002146
0.004943
0.002276
0.003642
0.003122
0.002666
0.001886
0.003772
0.006243
0.004227
0.002862
0.004553
0.002732
0.004097
0.002471
0.004162
0.002992
0.005788
0.002732
0.002862
0.004292
0.003447
0.001561
0.002862
0.008065
0.003577
0.002797
0.005073
0.004097
0.003382
0.001431
0.007869
0.001886
0.005008
0.002276
0.003382
0.004097
0.008455
0.001561
0.003382
0.002536
0.003837
0.002211
0.004422
0.002927
0.003317
0.001951
0.010016
0.001756
0.004032
0.001561
0.003642
0.003317
0.004292
0.001886
0.003122
0.002797
0.003837
0.004422
0.004813
0.004292
0.002732
0.001301
0.004032
0.002666
0.005073
0.003382
0.003317
0.004618
0.003967
0.001886
0.002732
0.007479
0.003577
0.002146
0.003382
0.002601
0.003187
0.009235
0.002992
0.002992
0.003707
0.002211
0.002536
0.002797
0.002341
0.001626
0.002406
0.002862
0.004227
0.003252
0.006439
0.002341
0.003252
0.002211
0.002732
0.001821
0.004227
0.001756
0.005593
0.003902
0.005398
0.001301
0.003382
0.002732
0.002797
0.002927
0.005268
0.003447
0.002992
0.003252
0.002666
0.002992
0.005008
0.001691
0.003577
0.005268
0.008585
0.001886
0.002666
0.002406
0.003122
0.002406
0.003967
0.002862
0.003707
0.006374
0.002406
0.001691
0.004097
0.002276
0.002927
0.002732
