0.045460
0.002471
0.002146
0.003057
0.002666
0.002992
0.006634
0.001951
0.003512
0.004553
0.003902
0.002601
0.002601
0.003512
0.002406
0.003772
0.002471
0.002211
0.001951
0.005073
0.002862
0.003057
0.005788
0.002471
0.001886
0.003122
0.006113
0.001301
0.002406
0.003707
0.004488
0.003512
0.007414
0.003447
0.002927
0.002666
0.004292
0.003317
0.004553
0.001951
0.003707
0.005398
0.008585
0.003057
0.005398
0.002992
0.002927
0.001626
0.002927
0.003187
0.002016
0.002601
0.004813
0.006048
0.007804
0.004162
0.003577
0.004227
0.003187
0.002341
0.007154
0.005853
0.004748
0.002341
0.004097
0.001756
0.004032
0.006959
0.002471
0.003837
0.002732
0.003187
0.004097
0.010016
0.005528
0.002666
0.002016
0.003902
0.002797
0.004097
0.003057
0.001106
0.003057
0.001626
0.007024
0.009170
0.005528
0.003187
0.002601
0.002797
0.004227
0.001366
0.003642
0.003382
0.005333
0.006634
0.004227
0.002732
0.002862
0.003512
0.003122
0.005853
0.003447
0.003317
0.004032
0.005268
0.005398
0.002471
0.005463
0.001951
0.004618
0.001951
0.006309
0.001951
0.002927
0.001886
0.005853
0.006634
0.003447
0.003642
0.001756
0.006764
0.003382
0.001951
0.004878
0.003837
0.003902
0.002081
0.001951
0.002862
0.003057
0.004748
0.003837
0.003317
0.005463
0.001821
0.001821
0.003512
0.005853
0.003317
0.002081
0.002666
0.002146
0.003577
0.002016
0.002992
0.002211
0.007024
0.003122
0.004618
0.003447
0.002666
0.002016
0.002276
0.008195
0.002276
0.003187
0.002862
0.002992
0.002146
0.010471
0.004748
0.003382
0.002276
0.003252
0.004227
0.003122
0.002276
0.005398
0.005268
0.011381
0.004488
0.004032
0.002081
0.003317
0.002276
0.005788
0.002406
0.002536
0.001626
0.003837
0.007154
0.005918
0.002732
0.002862
0.002471
0.005008
0.002016
0.006374
0.004553
0.003187
0.002797
0.003577
0.002276
0.004488
0.006894
0.002732
0.003317
0.003057
0.002536
0.005268
0.010601
0.004553
0.003187
0.003772
0.002471
0.002471
0.001366
0.002211
0.002276
0.002341
0.004813
0.004878
0.005463
0.004683
0.002341
0.001951
0.005008
0.002666
0.002081
0.003902
0.002276
0.004097
0.005073
0.006959
0.003707
0.002666
0.001886
0.002081
0.003837
0.003772
0.002666
0.005398
0.007349
0.002992
0.002536
0.004683
0.001886
0.003447
0.002536
0.006894
0.002081
0.002797
0.001431
0.004553
0.005528
0.004553
0.002666
0.001951
0.006699
0.002406
0.002406
0.003447
0.004097
0.003057
0.001821
