0.074337
0.001431
0.002601
0.004748
0.004553
0.001171
0.005983
0.003772
0.003902
0.001691
0.004748
0.003772
0.003772
0.002081
0.003772
0.007284
0.004943
0.001821
0.002471
0.007089
0.003447
0.001301
0.006113
0.004357
0.003772
0.001951
0.006829
0.003317
0.003642
0.001366
0.003252
0.005918
0.006764
0.002536
0.002211
0.003512
0.005593
0.001626
0.005138
0.003122
0.003577
0.002471
0.006178
0.002146
0.005398
0.002016
0.003252
0.002341
0.005463
0.002081
0.002016
0.003642
0.004422
0.002146
0.007674
0.002927
0.003707
0.001951
0.004748
0.004422
0.007674
0.001756
0.003577
0.003057
0.005008
0.001366
0.003642
0.007154
0.004553
0.002276
0.002862
0.003707
0.003187
0.004683
0.005398
0.003577
0.002146
0.001821
0.003057
0.006829
0.003837
0.001171
0.002797
0.004032
0.004227
0.005983
0.002927
0.004292
0.003317
0.002081
0.004292
0.002732
0.003382
0.001496
0.002341
0.006699
0.005398
0.001756
0.002406
0.002666
0.005463
0.003577
0.002601
0.003122
0.004032
0.002666
0.003382
0.002601
0.008845
0.002276
0.003187
0.002406
0.007934
0.001561
0.002666
0.003187
0.005138
0.004162
0.003122
0.002146
0.003772
0.004097
0.004097
0.002666
0.006048
0.002471
0.002211
0.002992
0.002146
0.000911
0.003577
0.006309
0.004553
0.001886
0.007414
0.003642
0.003122
0.001041
0.005008
0.002666
0.005008
0.002276
0.003577
0.006178
0.004227
0.001236
0.002666
0.007479
0.003707
0.001886
0.005333
0.005008
0.004683
0.001496
0.006504
0.003447
0.004488
0.001886
0.003057
0.005853
0.007739
0.002276
0.002471
0.002797
0.004422
0.001886
0.004618
0.003122
0.004227
0.001951
0.008130
0.003447
0.006048
0.002601
0.003642
0.003837
0.005203
0.001561
0.003057
0.002536
0.004488
0.002601
0.005528
0.003057
0.004227
0.001366
0.003512
0.001821
0.006178
0.001886
0.003187
0.004422
0.002666
0.000780
0.003512
0.006569
0.003252
0.002081
0.003772
0.003837
0.004422
0.005983
0.003382
0.003577
0.004683
0.002406
0.003317
0.004813
0.002927
0.000911
0.002276
0.004488
0.003447
0.004162
0.004748
0.002992
0.002276
0.002016
0.002341
0.004162
0.003382
0.002211
0.002601
0.005268
0.006374
0.001366
0.002471
0.002471
0.004488
0.003187
0.002666
0.003252
0.004422
0.002536
0.001626
0.001886
0.007869
0.001951
0.002471
0.002862
0.007804
0.001691
0.002471
0.002276
0.004357
0.002471
0.003512
0.002927
0.004488
0.004032
0.003187
0.002081
0.005788
0.003122
0.003187
0.003447
