0.094888
0.001431
0.003122
0.003642
0.004227
0.001886
0.004488
0.003967
0.003642
0.002016
0.004683
0.004097
0.003447
0.002862
0.003057
0.007869
0.003447
0.001756
0.002081
0.005788
0.002927
0.001691
0.005918
0.005398
0.003187
0.002471
0.005788
0.003317
0.003057
0.001886
0.004683
0.006829
0.007414
0.001431
0.002927
0.002536
0.007089
0.001691
0.005333
0.002406
0.004943
0.002927
0.008390
0.002341
0.008130
0.002211
0.004618
0.001821
0.004683
0.002211
0.002536
0.002732
0.004227
0.002601
0.008195
0.003902
0.004618
0.002992
0.004227
0.001886
0.007219
0.003772
0.004943
0.002276
0.003252
0.001626
0.002666
0.004683
0.002666
0.002797
0.002471
0.004292
0.002732
0.005203
0.003967
0.003642
0.002732
0.003317
0.002406
0.004553
0.003772
0.001171
0.002146
0.002601
0.003772
0.006829
0.003642
0.003187
0.003252
0.001691
0.003317
0.003382
0.002406
0.002536
0.003252
0.008455
0.004683
0.001496
0.002276
0.002601
0.004032
0.007024
0.003577
0.002601
0.003512
0.001821
0.003642
0.002146
0.006309
0.002536
0.004357
0.001951
0.007024
0.001431
0.002601
0.002471
0.004292
0.005463
0.002601
0.002732
0.003252
0.004162
0.003122
0.002081
0.005138
0.002862
0.002471
0.001886
0.002601
0.001496
0.003967
0.008390
0.004032
0.002732
0.004748
0.003187
0.002666
0.001431
0.006504
0.003772
0.003837
0.002016
0.002862
0.005203
0.003382
0.002276
0.003057
0.008780
0.003642
0.001431
0.004813
0.004357
0.003187
0.001431
0.006309
0.003122
0.003252
0.001236
0.003512
0.003577
0.008910
0.001951
0.004943
0.002276
0.004878
0.002081
0.003577
0.001561
0.004488
0.002146
0.008910
0.002341
0.003512
0.001951
0.002992
0.002211
0.007544
0.001431
0.002927
0.002016
0.004553
0.003317
0.005593
0.002862
0.003902
0.001171
0.004748
0.002016
0.006309
0.002601
0.003837
0.003122
0.002146
0.001626
0.004032
0.009300
0.002536
0.002536
0.002992
0.003252
0.003642
0.008715
0.004292
0.004097
0.002862
0.001821
0.002016
0.002666
0.002862
0.001561
0.001821
0.003512
0.003707
0.002797
0.004748
0.003252
0.002341
0.002016
0.002406
0.002732
0.002927
0.002081
0.002862
0.005138
0.007609
0.001756
0.002601
0.001691
0.003382
0.003252
0.002406
0.003122
0.003577
0.003122
0.002862
0.001691
0.006894
0.001236
0.003382
0.002992
0.009105
0.002406
0.003902
0.001951
0.003317
0.002862
0.003512
0.002211
0.003252
0.006504
0.002146
0.002081
0.004032
0.001886
0.003057
0.002081
