0.079149
0.002081
0.004032
0.002666
0.002406
0.001236
0.010341
0.001366
0.003187
0.003122
0.004943
0.001431
0.001626
0.001496
0.003837
0.004813
0.002666
0.001106
0.004162
0.003967
0.002732
0.001821
0.008910
0.006764
0.001951
0.002146
0.009170
0.000325
0.001691
0.001691
0.006243
0.005333
0.007544
0.002862
0.004162
0.003187
0.004292
0.001106
0.008975
0.001106
0.002862
0.003707
0.010731
0.000715
0.004357
0.001366
0.004748
0.000585
0.004227
0.002732
0.005073
0.001106
0.004748
0.003317
0.014243
0.001106
0.004422
0.002471
0.006243
0.001561
0.007934
0.002211
0.005008
0.001626
0.003577
0.003447
0.002146
0.004618
0.001951
0.004943
0.002146
0.002081
0.001886
0.008065
0.004227
0.001041
0.001561
0.003707
0.002016
0.002276
0.002536
0.003187
0.003187
0.001496
0.003707
0.009625
0.002927
0.002016
0.002081
0.004813
0.003252
0.000585
0.001886
0.004813
0.003382
0.006309
0.005203
0.005593
0.003772
0.001951
0.003317
0.008975
0.002862
0.000976
0.003382
0.006374
0.005138
0.000585
0.006048
0.002797
0.002927
0.000390
0.007284
0.003512
0.002732
0.001951
0.007089
0.009560
0.001821
0.000911
0.003707
0.007024
0.003187
0.000390
0.006634
0.006699
0.003252
0.000780
0.001951
0.001431
0.005073
0.005073
0.002666
0.002862
0.007674
0.001171
0.001756
0.001886
0.008130
0.003837
0.003317
0.001626
0.003902
0.002536
0.001431
0.001366
0.003902
0.004878
0.003707
0.002341
0.005788
0.001821
0.001951
0.001691
0.008455
0.001041
0.002797
0.002276
0.004553
0.002341
0.007999
0.002146
0.003057
0.001561
0.004227
0.002732
0.006048
0.002016
0.002016
0.002211
0.014893
0.000845
0.004683
0.003512
0.004488
0.001106
0.006178
0.001886
0.004162
0.000585
0.004227
0.003902
0.009820
0.001496
0.003837
0.001821
0.007024
0.000520
0.006113
0.003122
0.004553
0.002927
0.001561
0.003772
0.003122
0.006894
0.002406
0.003902
0.003577
0.001951
0.002666
0.010016
0.002016
0.001366
0.002146
0.002666
0.003317
0.001561
0.001041
0.003252
0.001756
0.001756
0.003772
0.006764
0.004683
0.001691
0.001561
0.005203
0.001756
0.000715
0.003577
0.003902
0.003252
0.003967
0.006113
0.004162
0.002797
0.000911
0.003837
0.006569
0.004357
0.000585
0.004943
0.008650
0.002341
0.000585
0.005983
0.002666
0.002992
0.001691
0.007934
0.002341
0.001821
0.000585
0.004618
0.004748
0.004683
0.000715
0.003317
0.008325
0.002406
0.000455
0.003577
0.006113
0.003772
0.001821
