0.071540
0.001691
0.004032
0.004683
0.002992
0.001691
0.011121
0.006113
0.002992
0.002992
0.002536
0.004292
0.002211
0.002732
0.003967
0.011186
0.002406
0.002601
0.002666
0.006569
0.002732
0.002927
0.005918
0.005918
0.003642
0.002992
0.005138
0.003447
0.002081
0.003057
0.003187
0.007544
0.003317
0.002601
0.002341
0.004032
0.002666
0.001821
0.006178
0.003577
0.002016
0.003382
0.004813
0.002601
0.004357
0.002471
0.003317
0.003707
0.002666
0.003187
0.004292
0.003902
0.001691
0.002471
0.007804
0.003967
0.002732
0.003772
0.003512
0.003057
0.007349
0.003382
0.002992
0.002862
0.002016
0.001496
0.003187
0.007284
0.001756
0.005528
0.002536
0.005983
0.002406
0.004357
0.003837
0.003577
0.002016
0.002666
0.003252
0.007739
0.002276
0.002536
0.002536
0.005398
0.002146
0.009235
0.003187
0.003642
0.002666
0.002081
0.003642
0.003772
0.002016
0.002146
0.002797
0.009365
0.002341
0.001951
0.002471
0.003772
0.003252
0.007739
0.003382
0.003772
0.002666
0.002797
0.003512
0.003577
0.007284
0.002471
0.003707
0.004227
0.004748
0.001821
0.003447
0.004292
0.002927
0.005788
0.002992
0.003772
0.002081
0.004813
0.004292
0.003707
0.004943
0.003252
0.002927
0.003577
0.001626
0.002406
0.003447
0.004683
0.002406
0.002471
0.007674
0.004422
0.002666
0.001366
0.003447
0.004618
0.002927
0.002081
0.002927
0.007284
0.002081
0.003967
0.002992
0.006829
0.002666
0.004553
0.003772
0.004618
0.003967
0.002471
0.006113
0.003642
0.002666
0.003577
0.002862
0.005138
0.005073
0.003057
0.001106
0.003512
0.002276
0.002992
0.003642
0.004162
0.002406
0.002732
0.006764
0.003642
0.002732
0.002211
0.003252
0.004553
0.003447
0.002536
0.002732
0.003317
0.002016
0.004357
0.006764
0.003837
0.002406
0.002081
0.003252
0.003382
0.004748
0.002797
0.002341
0.004032
0.002406
0.001041
0.004813
0.006504
0.002276
0.003447
0.005398
0.004292
0.003512
0.005983
0.003902
0.003577
0.002406
0.001756
0.004227
0.004618
0.002341
0.002601
0.002601
0.004488
0.002601
0.006439
0.004032
0.004032
0.001301
0.002862
0.002601
0.004292
0.002601
0.002341
0.003057
0.007869
0.003577
0.001691
0.002536
0.001886
0.001821
0.005723
0.004162
0.003967
0.002797
0.003837
0.002927
0.002536
0.004618
0.002146
0.003642
0.004618
0.005333
0.002081
0.003577
0.003577
0.001821
0.003902
0.004097
0.003837
0.002081
0.006178
0.002992
0.004292
0.002081
0.001366
0.003447
0.004292
