0.148608
0.002341
0.003967
0.002146
0.003642
0.002471
0.007674
0.003707
0.002471
0.002601
0.003772
0.003317
0.002276
0.002536
0.004227
0.008520
0.003512
0.001886
0.002666
0.006504
0.002341
0.001951
0.005853
0.002471
0.002927
0.002666
0.006178
0.003057
0.002081
0.002016
0.003707
0.005983
0.004878
0.002406
0.001821
0.004422
0.003707
0.002666
0.005463
0.002732
0.001626
0.001951
0.004943
0.002666
0.004292
0.001496
0.003902
0.002211
0.003447
0.002406
0.002862
0.003772
0.002276
0.002797
0.008065
0.003512
0.002666
0.002601
0.003577
0.002536
0.007219
0.002797
0.003772
0.002536
0.002016
0.001821
0.002146
0.005723
0.001951
0.004422
0.003707
0.003447
0.002211
0.004488
0.003187
0.001561
0.002146
0.001691
0.002471
0.005268
0.003252
0.002016
0.002992
0.003057
0.002536
0.006178
0.002471
0.002927
0.002406
0.002797
0.004162
0.002276
0.002211
0.002406
0.003187
0.010211
0.003122
0.002081
0.002016
0.003902
0.003122
0.006634
0.003382
0.003577
0.003317
0.001496
0.002601
0.002666
0.008390
0.002016
0.003837
0.003382
0.005723
0.001691
0.003447
0.004227
0.003772
0.003122
0.002016
0.002666
0.002601
0.005333
0.004032
0.002927
0.005983
0.002081
0.002471
0.001886
0.001951
0.001691
0.002341
0.004748
0.002862
0.003447
0.006699
0.002992
0.002211
0.001496
0.003707
0.002992
0.003382
0.002406
0.003707
0.007414
0.002732
0.002276
0.003057
0.006634
0.003057
0.002992
0.003967
0.002341
0.003642
0.003252
0.007024
0.003382
0.002992
0.002016
0.003122
0.004292
0.006113
0.002732
0.002862
0.001886
0.002797
0.002732
0.004357
0.003642
0.002471
0.002341
0.007609
0.003707
0.003902
0.001626
0.002471
0.004878
0.003967
0.002211
0.002927
0.002081
0.001561
0.003252
0.006048
0.002862
0.002211
0.001301
0.002471
0.002732
0.005918
0.002666
0.002536
0.003447
0.002666
0.001236
0.003642
0.007089
0.003317
0.003057
0.003967
0.002016
0.003057
0.005788
0.001756
0.002211
0.004227
0.001691
0.003382
0.003447
0.002146
0.001171
0.001756
0.003837
0.002471
0.004227
0.003707
0.002081
0.001496
0.003967
0.002276
0.002536
0.002536
0.001691
0.002797
0.006243
0.005918
0.002081
0.002797
0.002081
0.002666
0.005008
0.004488
0.003317
0.003252
0.002211
0.002601
0.002276
0.006178
0.001756
0.002211
0.003967
0.006113
0.001171
0.004683
0.002601
0.002536
0.002406
0.003382
0.002471
0.003057
0.007089
0.003642
0.003967
0.002992
0.001171
0.002471
0.003837
