0.047802
0.001951
0.003252
0.005853
0.005463
0.002406
0.005788
0.002146
0.002797
0.003252
0.003252
0.002992
0.002797
0.003512
0.003122
0.006178
0.003252
0.001756
0.002471
0.006374
0.003317
0.002211
0.004618
0.004748
0.002862
0.001691
0.006113
0.002016
0.002992
0.003187
0.005723
0.006894
0.007674
0.003447
0.003057
0.005853
0.002927
0.001366
0.005528
0.003122
0.003187
0.002601
0.008715
0.002862
0.005268
0.001301
0.004357
0.002927
0.003187
0.002146
0.003252
0.004553
0.005138
0.002471
0.007869
0.005658
0.002016
0.002601
0.003317
0.002927
0.007934
0.004097
0.004227
0.006113
0.005463
0.002341
0.004553
0.009105
0.002666
0.004422
0.002146
0.003577
0.003707
0.006113
0.003967
0.002211
0.003512
0.003707
0.002146
0.003512
0.004553
0.001431
0.002992
0.003057
0.005788
0.005788
0.003122
0.003837
0.002927
0.002016
0.003447
0.001366
0.004943
0.003057
0.007219
0.008975
0.003902
0.001886
0.002927
0.004553
0.002146
0.003707
0.002081
0.003772
0.002927
0.002732
0.003967
0.003122
0.005853
0.002016
0.003382
0.002732
0.005918
0.001041
0.002146
0.003447
0.005203
0.004032
0.002536
0.003642
0.002016
0.005138
0.002406
0.002211
0.004943
0.003122
0.002992
0.003122
0.003122
0.002406
0.004227
0.008390
0.003642
0.002146
0.004488
0.002341
0.003122
0.001886
0.007154
0.004292
0.002927
0.002536
0.001561
0.004097
0.002406
0.002732
0.002341
0.007089
0.002992
0.002276
0.003707
0.003967
0.002992
0.001886
0.007219
0.002341
0.003902
0.003317
0.004618
0.005333
0.009690
0.004032
0.005008
0.006178
0.002601
0.002146
0.003707
0.002211
0.003772
0.002211
0.011121
0.005008
0.002992
0.002211
0.003057
0.004422
0.003902
0.001366
0.002666
0.002276
0.003187
0.002927
0.006374
0.004162
0.002992
0.001561
0.006048
0.001821
0.005723
0.003512
0.003772
0.007609
0.004422
0.002536
0.005268
0.010276
0.002471
0.001626
0.003382
0.002536
0.005073
0.007674
0.003967
0.002666
0.003967
0.002016
0.002536
0.003252
0.002601
0.002081
0.002146
0.004422
0.004227
0.004748
0.004292
0.002471
0.002341
0.005398
0.001821
0.001626
0.004357
0.001691
0.004878
0.005983
0.007089
0.003317
0.002276
0.003512
0.002406
0.003382
0.002666
0.002016
0.002862
0.004162
0.002601
0.002992
0.005073
0.002016
0.003317
0.003512
0.008065
0.002406
0.001821
0.002146
0.003057
0.002016
0.003382
0.003447
0.001691
0.006243
0.002211
0.002601
0.003252
0.002471
0.003122
0.004618
