0.074207
0.001106
0.003902
0.003967
0.004683
0.001431
0.008650
0.002927
0.003057
0.001951
0.005398
0.005723
0.003057
0.001496
0.003707
0.009235
0.002081
0.001951
0.003772
0.006829
0.002862
0.000845
0.007414
0.005723
0.003252
0.002211
0.006634
0.002992
0.001886
0.000911
0.005918
0.006959
0.007674
0.001106
0.004813
0.003577
0.005203
0.001041
0.007089
0.002211
0.002927
0.002471
0.009560
0.004032
0.005463
0.000976
0.005333
0.002146
0.004227
0.001431
0.004292
0.003252
0.003447
0.001171
0.009755
0.004097
0.004422
0.002211
0.004488
0.002536
0.009365
0.001756
0.005268
0.002732
0.002471
0.001431
0.004683
0.007089
0.002992
0.002471
0.002732
0.003707
0.002016
0.004032
0.004292
0.004683
0.002016
0.001366
0.003122
0.005723
0.003382
0.001236
0.003252
0.003577
0.004162
0.005138
0.003642
0.005073
0.002797
0.001756
0.003382
0.003057
0.002146
0.001106
0.005528
0.009105
0.004618
0.000976
0.002471
0.002536
0.004292
0.004553
0.002601
0.002536
0.002862
0.001561
0.003577
0.002601
0.007544
0.001756
0.004292
0.001886
0.007219
0.000976
0.003057
0.002927
0.005788
0.002471
0.001951
0.002341
0.003772
0.004162
0.002797
0.001496
0.004748
0.002211
0.002601
0.001496
0.002276
0.001171
0.005008
0.006699
0.003252
0.002016
0.007089
0.003252
0.002276
0.001236
0.006699
0.005333
0.003447
0.001496
0.003837
0.006048
0.002797
0.001041
0.003837
0.009040
0.002797
0.001496
0.004878
0.004488
0.002536
0.001691
0.008325
0.002862
0.003447
0.001756
0.006504
0.004748
0.008715
0.001041
0.004878
0.003382
0.004943
0.001171
0.004683
0.003252
0.003837
0.000845
0.011576
0.003512
0.004488
0.001626
0.005268
0.002146
0.006178
0.000390
0.003902
0.002016
0.002797
0.002341
0.008845
0.003967
0.005073
0.000780
0.004748
0.001886
0.006959
0.002471
0.005073
0.003902
0.001951
0.000715
0.003512
0.009495
0.002341
0.001626
0.003707
0.003252
0.003057
0.006699
0.003382
0.004292
0.002341
0.001301
0.003902
0.003707
0.002146
0.001171
0.002341
0.004422
0.003642
0.003252
0.005203
0.004227
0.001886
0.002601
0.002601
0.002992
0.002732
0.001301
0.003837
0.006178
0.005853
0.001041
0.002601
0.001951
0.003252
0.003252
0.003057
0.001821
0.003512
0.002536
0.002536
0.002081
0.007089
0.001366
0.003902
0.003187
0.009105
0.001366
0.003122
0.002016
0.004162
0.001041
0.004227
0.002862
0.003837
0.006048
0.002341
0.002471
0.004032
0.000976
0.004162
0.002666
