0.105034
0.002081
0.002666
0.006699
0.002016
0.002016
0.010926
0.003577
0.002016
0.002927
0.004683
0.002276
0.001626
0.002732
0.003447
0.005528
0.003707
0.001431
0.004227
0.008390
0.002601
0.000911
0.006309
0.004032
0.001301
0.004422
0.009170
0.002601
0.001821
0.002406
0.003967
0.005463
0.005658
0.001366
0.003187
0.006634
0.002016
0.001561
0.007479
0.002081
0.000715
0.002146
0.008455
0.003122
0.005658
0.001756
0.003317
0.002666
0.002927
0.002016
0.003837
0.005073
0.001951
0.001626
0.006829
0.004292
0.001106
0.003382
0.006243
0.002797
0.007154
0.001626
0.004357
0.004162
0.002732
0.001821
0.001821
0.009105
0.001561
0.004488
0.003252
0.004618
0.001106
0.005073
0.004813
0.002211
0.001756
0.001951
0.002601
0.007414
0.002276
0.001951
0.002797
0.004813
0.002406
0.006439
0.002862
0.003772
0.001106
0.003382
0.004943
0.003187
0.002146
0.001691
0.004553
0.010926
0.002471
0.001431
0.002927
0.005203
0.001691
0.006829
0.003187
0.003447
0.001301
0.002211
0.004813
0.002601
0.004618
0.001171
0.003837
0.002341
0.004162
0.001626
0.003642
0.003902
0.001691
0.002732
0.002471
0.002862
0.000911
0.005658
0.006699
0.002927
0.002341
0.001496
0.002536
0.002927
0.002341
0.002276
0.004032
0.007414
0.002016
0.004097
0.007674
0.002341
0.002146
0.001756
0.005398
0.003057
0.002927
0.002081
0.003577
0.006959
0.002732
0.002016
0.003837
0.006634
0.001756
0.002666
0.005723
0.002666
0.001951
0.001886
0.011121
0.003902
0.003122
0.001951
0.003577
0.005138
0.007154
0.001496
0.003187
0.002927
0.001236
0.002536
0.006309
0.002536
0.001431
0.000911
0.011056
0.004032
0.004162
0.001626
0.003837
0.004357
0.003187
0.001041
0.004357
0.002536
0.001301
0.002276
0.005463
0.003577
0.002081
0.001431
0.006634
0.002471
0.003772
0.002081
0.003967
0.006959
0.001626
0.001691
0.003902
0.011642
0.000911
0.003837
0.004618
0.003837
0.001626
0.009690
0.002862
0.003512
0.002732
0.001756
0.003057
0.004097
0.001366
0.001821
0.002797
0.005138
0.000845
0.003447
0.003837
0.003122
0.001431
0.005138
0.003252
0.004553
0.003382
0.002276
0.002471
0.007934
0.004292
0.001496
0.002862
0.003837
0.001041
0.003577
0.006764
0.002341
0.000911
0.002471
0.002927
0.003122
0.003577
0.002276
0.003122
0.003577
0.004748
0.001496
0.003447
0.002666
0.001431
0.001756
0.004422
0.002992
0.000976
0.008260
0.002666
0.003252
0.002341
0.001821
0.002992
0.005203
