0.106204
0.000585
0.004553
0.006374
0.003187
0.001041
0.011251
0.005333
0.001756
0.001041
0.004618
0.004488
0.002081
0.001106
0.005788
0.011511
0.002797
0.000650
0.004162
0.007479
0.001626
0.000260
0.007739
0.006504
0.002146
0.001561
0.009040
0.004813
0.001041
0.000520
0.006699
0.008585
0.004943
0.000976
0.003902
0.004032
0.007869
0.000650
0.008130
0.002666
0.003837
0.001496
0.007414
0.002146
0.006309
0.000976
0.006309
0.001431
0.003967
0.001626
0.005268
0.001821
0.004097
0.000976
0.010081
0.001951
0.005983
0.001106
0.005593
0.002211
0.008130
0.001691
0.005658
0.001951
0.001691
0.000845
0.002016
0.007024
0.001886
0.002081
0.002276
0.004488
0.001496
0.002406
0.002862
0.003382
0.001171
0.002927
0.002862
0.006569
0.002536
0.001561
0.001951
0.004162
0.001886
0.005593
0.002016
0.003707
0.001756
0.001821
0.003642
0.004488
0.001106
0.001561
0.003187
0.008780
0.004162
0.001561
0.001951
0.002862
0.004357
0.005528
0.003057
0.002471
0.003317
0.002601
0.002992
0.001821
0.008260
0.002862
0.003642
0.001301
0.007544
0.001236
0.002927
0.002601
0.004748
0.003772
0.003187
0.001691
0.003512
0.003382
0.003512
0.002016
0.006243
0.002471
0.002536
0.001366
0.001691
0.000911
0.004422
0.008325
0.002601
0.001886
0.009300
0.004553
0.001756
0.000845
0.004878
0.005398
0.003707
0.000780
0.004357
0.008650
0.001561
0.000715
0.004357
0.008390
0.002927
0.001366
0.005463
0.004748
0.002081
0.000845
0.009300
0.002732
0.001756
0.000845
0.006243
0.005268
0.006959
0.001171
0.003902
0.002211
0.004943
0.001106
0.006829
0.002992
0.003642
0.001106
0.009300
0.002862
0.004878
0.001171
0.007024
0.002536
0.005983
0.000911
0.004618
0.001301
0.003902
0.002016
0.006439
0.002211
0.005723
0.000585
0.006309
0.001691
0.004813
0.001561
0.004943
0.003837
0.001951
0.000715
0.002471
0.009105
0.002666
0.001821
0.003577
0.004292
0.001561
0.005138
0.002406
0.003122
0.001496
0.001626
0.002471
0.004618
0.001431
0.001561
0.001821
0.004032
0.001951
0.003187
0.003512
0.003317
0.002146
0.001626
0.002276
0.003382
0.001496
0.001431
0.003252
0.006764
0.005463
0.003122
0.001821
0.001561
0.004357
0.003577
0.003707
0.002211
0.003837
0.003447
0.001951
0.001561
0.006894
0.001626
0.003902
0.002732
0.009170
0.001496
0.002471
0.001821
0.004097
0.002471
0.003252
0.002471
0.004422
0.004292
0.003057
0.001886
0.003382
0.001171
0.002666
0.002797
