0.107180
0.000455
0.001301
0.005333
0.002732
0.003512
0.007284
0.003577
0.001106
0.001366
0.004488
0.002211
0.002797
0.002536
0.001691
0.007414
0.003772
0.001301
0.001106
0.004292
0.001366
0.001756
0.007349
0.008910
0.001041
0.003122
0.003382
0.001886
0.001561
0.002081
0.002536
0.007999
0.006113
0.001626
0.001886
0.003122
0.006113
0.002471
0.007544
0.001821
0.002146
0.004943
0.004618
0.001496
0.011121
0.002666
0.003642
0.001041
0.005203
0.001301
0.002211
0.001886
0.004162
0.003057
0.008650
0.002406
0.001951
0.001886
0.003447
0.000845
0.011121
0.002732
0.002406
0.002211
0.003382
0.001886
0.000650
0.006894
0.003252
0.009560
0.000715
0.004878
0.001886
0.006504
0.002992
0.001496
0.001626
0.005918
0.001041
0.006113
0.002536
0.001951
0.000715
0.004097
0.002341
0.013788
0.001691
0.004097
0.001756
0.003707
0.000976
0.002862
0.002601
0.003772
0.001756
0.010406
0.006764
0.003057
0.000325
0.001691
0.005203
0.008975
0.001951
0.002341
0.003577
0.006439
0.000780
0.001366
0.011576
0.003902
0.001626
0.002276
0.007739
0.002341
0.001106
0.003512
0.006959
0.011707
0.000715
0.002146
0.002536
0.005723
0.002601
0.002146
0.011251
0.006243
0.001626
0.001821
0.001366
0.001236
0.002016
0.007479
0.002276
0.003577
0.005138
0.002016
0.001691
0.001626
0.002146
0.004162
0.003577
0.002016
0.001171
0.005593
0.002471
0.002471
0.001561
0.005983
0.001886
0.001951
0.005268
0.002536
0.002406
0.001951
0.004943
0.002732
0.002601
0.001366
0.002341
0.006178
0.006048
0.002797
0.001561
0.002992
0.004357
0.001951
0.006764
0.001171
0.003382
0.003382
0.007479
0.002146
0.005983
0.001366
0.001366
0.001821
0.004878
0.001496
0.001886
0.001236
0.003512
0.006504
0.006504
0.001691
0.003577
0.001366
0.003967
0.001041
0.006959
0.001626
0.001756
0.003642
0.001886
0.001951
0.000780
0.008650
0.002341
0.004813
0.001041
0.003057
0.002666
0.010341
0.001431
0.002666
0.002536
0.003187
0.001041
0.004748
0.001561
0.003122
0.001041
0.003967
0.002081
0.008520
0.003577
0.002797
0.001561
0.003642
0.000976
0.003902
0.004618
0.002536
0.001106
0.006764
0.006959
0.004032
0.000650
0.001106
0.003967
0.008195
0.003122
0.001691
0.005268
0.005853
0.000455
0.001366
0.009170
0.002797
0.000845
0.003447
0.007024
0.002146
0.001496
0.002016
0.004422
0.008650
0.002276
0.002081
0.002276
0.006309
0.001691
0.002992
0.008390
0.002992
0.000976
0.002341
