0.113814
0.001366
0.003837
0.005268
0.003252
0.001431
0.007869
0.003512
0.002732
0.001496
0.007154
0.002992
0.003772
0.001626
0.004162
0.006699
0.004097
0.001496
0.003187
0.005398
0.003642
0.000845
0.007934
0.002927
0.002992
0.002797
0.007934
0.001366
0.002797
0.001561
0.004618
0.006178
0.006374
0.002146
0.004097
0.005138
0.004227
0.001106
0.006959
0.002797
0.002341
0.001951
0.008650
0.002797
0.003967
0.001236
0.004943
0.003122
0.003382
0.001951
0.004097
0.003447
0.003317
0.001496
0.010211
0.004227
0.003057
0.001431
0.005658
0.002146
0.006439
0.001821
0.005853
0.003967
0.004162
0.001886
0.003967
0.006178
0.003057
0.002992
0.003382
0.002276
0.002146
0.002862
0.005658
0.002536
0.002146
0.002797
0.003057
0.003902
0.003252
0.001301
0.003577
0.003187
0.004097
0.005073
0.004943
0.002797
0.002146
0.001626
0.004227
0.002601
0.003252
0.001561
0.003967
0.007219
0.004097
0.001691
0.003837
0.003707
0.004227
0.005853
0.003447
0.002211
0.003057
0.001886
0.004683
0.001366
0.004878
0.001366
0.003642
0.001756
0.004943
0.001236
0.003317
0.003902
0.003122
0.002797
0.003707
0.002146
0.002862
0.003447
0.004878
0.001301
0.004162
0.002732
0.003252
0.002471
0.002601
0.001496
0.004422
0.005073
0.002471
0.003707
0.007024
0.002341
0.003447
0.001301
0.006243
0.003122
0.004683
0.001756
0.003057
0.003967
0.002666
0.001106
0.003122
0.006439
0.003382
0.001366
0.008585
0.002797
0.002536
0.000911
0.007154
0.002081
0.004032
0.001886
0.004227
0.005398
0.006178
0.000911
0.004618
0.003187
0.003902
0.001561
0.007089
0.001951
0.003447
0.001171
0.010146
0.002276
0.005398
0.001886
0.005463
0.003187
0.003447
0.001691
0.003642
0.002927
0.002732
0.002927
0.008975
0.002601
0.003317
0.001041
0.004943
0.002601
0.005398
0.002536
0.004878
0.006178
0.002601
0.001691
0.003447
0.006439
0.002211
0.002666
0.005203
0.002601
0.002341
0.005268
0.003772
0.002601
0.002276
0.001821
0.003447
0.003967
0.002797
0.001886
0.002666
0.002862
0.003187
0.002666
0.005593
0.002341
0.002341
0.001626
0.003122
0.001886
0.005203
0.001561
0.004032
0.004878
0.004227
0.001301
0.002732
0.002471
0.002862
0.003187
0.006178
0.002341
0.002862
0.001561
0.004227
0.002016
0.004618
0.001626
0.003447
0.004032
0.005528
0.002016
0.003057
0.001626
0.002732
0.002276
0.004878
0.002016
0.002862
0.004227
0.002992
0.001496
0.003772
0.002146
0.002992
0.003187
