0.105229
0.002732
0.002862
0.004097
0.003122
0.002016
0.005398
0.002536
0.002862
0.003122
0.006374
0.004032
0.004488
0.003057
0.002471
0.005593
0.004618
0.001626
0.001951
0.004422
0.003317
0.002081
0.006764
0.002406
0.002406
0.003642
0.005658
0.002081
0.002927
0.002081
0.005918
0.005398
0.007219
0.003057
0.004748
0.004292
0.002862
0.002276
0.005268
0.001756
0.002927
0.003707
0.007284
0.002601
0.005203
0.001171
0.003512
0.002016
0.004748
0.002341
0.002341
0.002666
0.004032
0.004422
0.008780
0.002797
0.002276
0.002536
0.003707
0.002536
0.007674
0.004748
0.005788
0.005528
0.006699
0.002341
0.003057
0.004488
0.002146
0.002406
0.001756
0.003252
0.003057
0.005138
0.006699
0.002732
0.002341
0.001756
0.002927
0.004097
0.003447
0.001301
0.004097
0.001756
0.005463
0.005268
0.007609
0.002601
0.001951
0.002406
0.004813
0.001366
0.004357
0.002081
0.005008
0.005788
0.004422
0.002276
0.003642
0.003772
0.002992
0.004813
0.002862
0.003252
0.002797
0.002471
0.004618
0.001756
0.006569
0.002016
0.003122
0.001951
0.006243
0.001691
0.002081
0.003902
0.003902
0.003317
0.004292
0.002536
0.002016
0.003967
0.004488
0.002016
0.004292
0.003837
0.003512
0.002016
0.002732
0.002276
0.003967
0.004943
0.002927
0.004292
0.004097
0.001886
0.002666
0.001431
0.005788
0.003057
0.006699
0.002471
0.002536
0.003447
0.002797
0.001431
0.002732
0.005203
0.002927
0.002471
0.006569
0.002862
0.001821
0.001626
0.006894
0.001626
0.004162
0.002341
0.004162
0.003187
0.007609
0.002211
0.005658
0.002862
0.003317
0.001301
0.004357
0.002146
0.003382
0.002471
0.009560
0.002406
0.005203
0.001691
0.003577
0.002406
0.002992
0.001431
0.002276
0.001171
0.002927
0.004748
0.006309
0.004162
0.002471
0.001626
0.003967
0.001301
0.005528
0.004422
0.004292
0.005398
0.003447
0.002732
0.004553
0.006374
0.002016
0.002666
0.002797
0.001886
0.003577
0.007479
0.005593
0.002992
0.002992
0.001561
0.002341
0.002601
0.001431
0.002081
0.001951
0.001431
0.004292
0.003382
0.010146
0.002146
0.002016
0.002211
0.002276
0.002406
0.007739
0.002081
0.003772
0.004097
0.005008
0.002146
0.003772
0.001626
0.002146
0.003577
0.004878
0.003122
0.004162
0.003772
0.002732
0.001821
0.005008
0.001691
0.002862
0.004813
0.006504
0.001236
0.002016
0.000911
0.002927
0.003252
0.004227
0.002341
0.002471
0.005528
0.002146
0.002471
0.005723
0.002992
0.002406
0.001691
