0.112578
0.002732
0.004357
0.005918
0.004683
0.001301
0.004683
0.001496
0.003707
0.002276
0.005203
0.002016
0.003967
0.001951
0.002992
0.005788
0.005268
0.002211
0.004097
0.004683
0.003382
0.001366
0.004292
0.004162
0.002797
0.001951
0.004878
0.002146
0.002992
0.002081
0.004878
0.004748
0.005463
0.002016
0.006504
0.007154
0.003187
0.001171
0.003837
0.003122
0.003577
0.003187
0.007414
0.002732
0.003772
0.000976
0.003447
0.002341
0.005008
0.002471
0.003772
0.004683
0.003447
0.002341
0.007349
0.005788
0.003057
0.001431
0.003252
0.002601
0.005918
0.002276
0.005138
0.006374
0.004618
0.002862
0.004422
0.008325
0.002927
0.002732
0.002732
0.003252
0.002406
0.004097
0.005268
0.002276
0.002927
0.001691
0.002341
0.003122
0.004227
0.002081
0.003122
0.003642
0.004748
0.005788
0.005008
0.003252
0.002732
0.002146
0.003252
0.001691
0.004488
0.001561
0.004878
0.007024
0.004422
0.002146
0.002732
0.005463
0.002992
0.004878
0.003642
0.002992
0.002601
0.002601
0.003122
0.002341
0.005788
0.001366
0.003837
0.002471
0.005658
0.002016
0.002406
0.003577
0.003382
0.002471
0.002601
0.003382
0.002666
0.003902
0.002341
0.001756
0.003447
0.002406
0.002797
0.002927
0.002927
0.001366
0.003447
0.007024
0.003382
0.002797
0.003382
0.001561
0.003187
0.001171
0.004683
0.003252
0.005723
0.002732
0.003837
0.003772
0.003057
0.001106
0.002862
0.006113
0.003057
0.001561
0.005138
0.002341
0.002276
0.001756
0.004748
0.002081
0.005398
0.002471
0.005073
0.005658
0.005788
0.001626
0.005138
0.003772
0.003252
0.001561
0.003187
0.002276
0.003512
0.001756
0.010276
0.003577
0.004878
0.002211
0.004032
0.004227
0.003577
0.001106
0.002927
0.002406
0.002992
0.003772
0.006829
0.003772
0.002862
0.001431
0.003772
0.002016
0.004748
0.003772
0.004878
0.008130
0.003187
0.002406
0.002471
0.007349
0.002341
0.002406
0.002276
0.001431
0.002732
0.006764
0.004878
0.003512
0.003252
0.002146
0.003447
0.004032
0.002471
0.000976
0.002862
0.002732
0.003512
0.003057
0.005658
0.002471
0.002536
0.002341
0.002666
0.001951
0.006113
0.003057
0.005073
0.006699
0.004878
0.001561
0.002276
0.002732
0.003187
0.002016
0.003577
0.002341
0.003187
0.002211
0.003707
0.002797
0.004878
0.001626
0.003382
0.005398
0.005398
0.000911
0.002666
0.002797
0.002862
0.001366
0.003187
0.002536
0.002862
0.005268
0.002666
0.001691
0.004227
0.003122
0.003057
0.004683
