0.122854
0.000585
0.003577
0.004683
0.002276
0.002666
0.012292
0.004422
0.001236
0.001496
0.006178
0.003642
0.002341
0.003772
0.004357
0.010926
0.003317
0.001301
0.002406
0.006048
0.002211
0.001106
0.010276
0.005853
0.001301
0.002797
0.005723
0.002211
0.001756
0.001366
0.005918
0.009430
0.004878
0.000911
0.002081
0.003577
0.002536
0.001106
0.011967
0.001301
0.002471
0.003122
0.005918
0.001301
0.006634
0.001691
0.006178
0.001561
0.003512
0.000715
0.002992
0.002601
0.003902
0.002536
0.010796
0.002992
0.002797
0.001496
0.004813
0.001106
0.009040
0.002341
0.005723
0.003317
0.003447
0.002016
0.001951
0.005008
0.001496
0.006439
0.001691
0.005593
0.001366
0.004292
0.003512
0.002016
0.000976
0.004553
0.001951
0.007739
0.001886
0.001886
0.001366
0.003967
0.002992
0.008455
0.002406
0.003447
0.000845
0.002536
0.002797
0.003122
0.002471
0.002211
0.003512
0.010796
0.003642
0.002081
0.000715
0.001951
0.003057
0.007739
0.001886
0.003642
0.002341
0.004227
0.001626
0.001886
0.009170
0.002666
0.002666
0.003382
0.004813
0.002081
0.001951
0.003577
0.005333
0.007284
0.002016
0.002406
0.001301
0.004422
0.004422
0.001691
0.006504
0.003512
0.002211
0.001431
0.000976
0.001951
0.004683
0.006699
0.001756
0.003252
0.009235
0.003317
0.001756
0.001236
0.004748
0.004618
0.004488
0.001756
0.003187
0.007479
0.002276
0.002211
0.003837
0.005983
0.002341
0.002146
0.006243
0.003642
0.002406
0.001951
0.007089
0.002536
0.002732
0.001366
0.004097
0.006048
0.005593
0.002276
0.004357
0.002016
0.002797
0.001626
0.007414
0.001756
0.002341
0.001496
0.008715
0.002471
0.003902
0.001236
0.002341
0.002146
0.003382
0.001431
0.003642
0.001626
0.002081
0.003707
0.007154
0.001626
0.001821
0.000780
0.005138
0.001236
0.006309
0.001496
0.002732
0.003187
0.002341
0.002601
0.003317
0.006699
0.001106
0.003902
0.002341
0.003902
0.002666
0.007024
0.002992
0.002341
0.002341
0.002471
0.001626
0.005983
0.000911
0.003252
0.001821
0.003902
0.002016
0.005788
0.004097
0.003122
0.000976
0.003122
0.000780
0.002927
0.004553
0.001171
0.001886
0.006504
0.004878
0.002536
0.002016
0.001171
0.002341
0.004618
0.004097
0.001886
0.002601
0.003447
0.001821
0.001431
0.005138
0.002081
0.002341
0.003707
0.005918
0.002471
0.003642
0.002797
0.003317
0.003902
0.002992
0.001106
0.002276
0.004878
0.002406
0.002341
0.005268
0.002797
0.001756
0.003057
