0.076548
0.002016
0.002666
0.002992
0.004032
0.002797
0.007284
0.001431
0.003642
0.002862
0.003642
0.002601
0.003577
0.002601
0.003642
0.004292
0.005008
0.002536
0.002471
0.003642
0.003577
0.002601
0.004618
0.001951
0.003902
0.003902
0.005723
0.001366
0.002862
0.002276
0.003967
0.002471
0.007349
0.003252
0.002797
0.003967
0.004097
0.002406
0.005723
0.001691
0.004032
0.005658
0.006829
0.001951
0.005788
0.002471
0.003317
0.001626
0.005203
0.003187
0.002992
0.002276
0.005918
0.004748
0.009430
0.003317
0.004162
0.003447
0.004813
0.001821
0.007609
0.003707
0.004422
0.002862
0.004878
0.002406
0.003707
0.004553
0.002666
0.004422
0.003187
0.001951
0.004553
0.005528
0.005333
0.001821
0.001756
0.002666
0.001951
0.001756
0.003642
0.002276
0.002666
0.001561
0.006309
0.006764
0.004878
0.002211
0.002406
0.002862
0.003642
0.001041
0.005723
0.003252
0.004748
0.005788
0.005723
0.003057
0.002471
0.002146
0.005073
0.007089
0.004357
0.002406
0.003837
0.003902
0.004488
0.002016
0.007869
0.002797
0.004162
0.001366
0.006959
0.002016
0.003057
0.002927
0.005788
0.003447
0.003187
0.002471
0.003382
0.004878
0.004488
0.001431
0.004357
0.002536
0.002862
0.001821
0.002536
0.002536
0.003967
0.003382
0.005528
0.003967
0.005008
0.001366
0.003447
0.002732
0.003837
0.002081
0.004162
0.002927
0.001821
0.002601
0.003512
0.002666
0.002927
0.004488
0.002146
0.003642
0.004097
0.002862
0.004683
0.001886
0.005528
0.001171
0.004097
0.002211
0.002732
0.002927
0.009951
0.002992
0.002601
0.002406
0.005073
0.003642
0.004878
0.001691
0.006699
0.003252
0.009365
0.002666
0.005398
0.002406
0.003057
0.001951
0.005203
0.002081
0.002992
0.001041
0.004357
0.005853
0.005658
0.002341
0.004878
0.001626
0.005138
0.001236
0.005463
0.003317
0.004162
0.005073
0.003772
0.002797
0.003642
0.005723
0.003252
0.003317
0.003707
0.001691
0.004618
0.007219
0.003122
0.002471
0.005008
0.002276
0.002601
0.001691
0.002341
0.002601
0.002276
0.001561
0.005333
0.003642
0.005268
0.002601
0.002406
0.003512
0.002862
0.001951
0.005528
0.003122
0.003902
0.003642
0.007219
0.002276
0.002927
0.001691
0.002927
0.004618
0.005788
0.002406
0.004357
0.004227
0.003447
0.001951
0.006178
0.002406
0.002797
0.002927
0.007739
0.002276
0.002406
0.001301
0.005008
0.003187
0.004292
0.001236
0.004097
0.007024
0.003642
0.001756
0.005073
0.002732
0.003317
0.001756
