0.141129
0.002146
0.002536
0.003642
0.003317
0.002146
0.005268
0.002862
0.002146
0.002341
0.003577
0.004162
0.003122
0.002341
0.002732
0.007414
0.004032
0.002341
0.001821
0.005008
0.003057
0.002666
0.005398
0.003382
0.003967
0.003447
0.003642
0.001886
0.002732
0.001496
0.002471
0.006504
0.005268
0.002341
0.002406
0.005918
0.003707
0.002016
0.003447
0.002016
0.002992
0.005593
0.003512
0.003187
0.004618
0.001626
0.002081
0.002406
0.004292
0.001821
0.002406
0.002666
0.003057
0.002471
0.008520
0.002797
0.003707
0.002666
0.002666
0.002862
0.009105
0.003187
0.002601
0.003122
0.003967
0.002341
0.002406
0.006504
0.002341
0.005658
0.001626
0.003317
0.002992
0.005463
0.003512
0.003122
0.002666
0.003447
0.001496
0.005463
0.002276
0.002276
0.001301
0.004032
0.002471
0.010406
0.003577
0.003772
0.002276
0.003512
0.002211
0.002601
0.002276
0.003772
0.003057
0.010991
0.002276
0.002536
0.002081
0.003252
0.003317
0.007154
0.002211
0.002276
0.002471
0.003577
0.002862
0.002666
0.008715
0.002927
0.002666
0.001951
0.004683
0.002081
0.002211
0.003057
0.003772
0.005723
0.002862
0.003447
0.003252
0.004227
0.003317
0.003382
0.004943
0.003122
0.002601
0.002666
0.001431
0.001691
0.002471
0.005658
0.003187
0.004878
0.004553
0.002927
0.001301
0.002146
0.002601
0.002862
0.004227
0.002471
0.002146
0.005983
0.002536
0.002992
0.001626
0.004683
0.002601
0.003122
0.004553
0.003772
0.003057
0.002211
0.003512
0.002211
0.003252
0.002797
0.002276
0.004813
0.006243
0.003837
0.002666
0.003642
0.004097
0.003707
0.003642
0.002276
0.002666
0.002016
0.007024
0.004292
0.004553
0.002081
0.001496
0.003642
0.002341
0.001626
0.002211
0.001691
0.003642
0.004683
0.004943
0.002927
0.002406
0.001431
0.001886
0.001301
0.005658
0.002732
0.002666
0.005658
0.002471
0.002927
0.003707
0.007544
0.002666
0.004227
0.002927
0.003187
0.002536
0.008910
0.003512
0.002862
0.003057
0.002862
0.001756
0.003707
0.001431
0.002536
0.001951
0.004162
0.002732
0.006309
0.004618
0.002732
0.001756
0.003317
0.001821
0.003057
0.004162
0.002471
0.001821
0.007349
0.004162
0.002536
0.001821
0.002211
0.002536
0.005918
0.003707
0.001951
0.002732
0.002862
0.002732
0.001951
0.005333
0.002276
0.002406
0.003642
0.005073
0.002732
0.002992
0.001821
0.002862
0.004162
0.003447
0.002666
0.002797
0.005008
0.001951
0.002927
0.004292
0.002862
0.002406
0.004683
