0.104123
0.001236
0.003447
0.005008
0.001821
0.002211
0.010341
0.005983
0.000780
0.001951
0.005918
0.004162
0.002146
0.001756
0.005333
0.009430
0.002666
0.000911
0.002862
0.006048
0.001171
0.001366
0.012162
0.008650
0.000715
0.003772
0.007544
0.003382
0.001366
0.001756
0.005398
0.010536
0.005008
0.001366
0.002276
0.002406
0.005333
0.001496
0.011511
0.001496
0.001626
0.003512
0.008195
0.001171
0.008325
0.000845
0.007349
0.001821
0.003512
0.000585
0.003317
0.001691
0.004553
0.002601
0.013072
0.002471
0.002406
0.001561
0.006374
0.001041
0.008260
0.001561
0.003902
0.001951
0.002666
0.001301
0.000976
0.005398
0.001691
0.009495
0.002016
0.005853
0.001366
0.006048
0.003382
0.003252
0.000976
0.002927
0.002016
0.010406
0.001301
0.002016
0.000715
0.004292
0.002341
0.009300
0.003512
0.003772
0.000780
0.005918
0.001951
0.003252
0.001886
0.003447
0.001951
0.008390
0.003837
0.002536
0.001301
0.001301
0.003252
0.009235
0.002146
0.002471
0.001886
0.003967
0.001951
0.001041
0.008520
0.004032
0.002146
0.002016
0.004553
0.002081
0.000976
0.002406
0.004618
0.009495
0.002016
0.001886
0.001821
0.005723
0.003577
0.001106
0.006959
0.006113
0.001886
0.001236
0.001171
0.001301
0.004227
0.006439
0.000845
0.004488
0.009755
0.004357
0.000780
0.001366
0.006699
0.005398
0.002341
0.001496
0.003252
0.004943
0.000911
0.000911
0.002471
0.007024
0.001496
0.002927
0.008845
0.005983
0.001301
0.001691
0.007414
0.003772
0.001691
0.001171
0.003512
0.007414
0.004813
0.001431
0.003837
0.001756
0.003512
0.002081
0.010081
0.001756
0.002211
0.002732
0.009040
0.002341
0.006634
0.001366
0.003707
0.001626
0.004813
0.001041
0.004422
0.000845
0.002927
0.003512
0.008130
0.001301
0.002797
0.000780
0.005203
0.001106
0.005658
0.000845
0.002536
0.002276
0.001821
0.001626
0.002211
0.005983
0.000976
0.006634
0.002406
0.003837
0.001236
0.008065
0.002341
0.002927
0.001886
0.002666
0.001301
0.006178
0.000715
0.002797
0.001236
0.004878
0.001756
0.007024
0.003772
0.003187
0.001301
0.004097
0.001041
0.004292
0.002927
0.001886
0.001496
0.005658
0.004878
0.002927
0.000780
0.000845
0.002016
0.006439
0.003902
0.001366
0.001821
0.004488
0.001691
0.001106
0.006309
0.002536
0.001561
0.002992
0.005073
0.001626
0.001431
0.001886
0.003382
0.006829
0.002146
0.001821
0.001691
0.005723
0.001951
0.002276
0.005658
0.004032
0.001431
0.001496
