0.123634
0.000976
0.004553
0.004488
0.002406
0.003317
0.007999
0.004032
0.001496
0.002341
0.005528
0.002536
0.002406
0.002081
0.004097
0.007414
0.002601
0.001366
0.001886
0.003317
0.001496
0.001756
0.011772
0.003447
0.001756
0.004292
0.005658
0.002862
0.001886
0.001756
0.006374
0.006634
0.007349
0.001626
0.003317
0.004032
0.007544
0.001626
0.007804
0.002341
0.003252
0.003057
0.005268
0.001756
0.012357
0.001236
0.005528
0.002211
0.006959
0.001041
0.002732
0.001691
0.003772
0.002276
0.010211
0.002862
0.005073
0.001886
0.005593
0.000976
0.010146
0.002992
0.005008
0.002992
0.003772
0.001951
0.002016
0.004488
0.001561
0.005593
0.001951
0.004618
0.001106
0.005593
0.003382
0.002797
0.001171
0.003447
0.002146
0.004422
0.002666
0.002276
0.001171
0.003122
0.002601
0.009690
0.002536
0.002797
0.000780
0.003577
0.002406
0.002536
0.002927
0.003707
0.003447
0.008975
0.004422
0.001821
0.001301
0.001626
0.003577
0.008585
0.002146
0.002666
0.002081
0.002471
0.001626
0.001561
0.009820
0.002992
0.002536
0.001886
0.005528
0.002341
0.001821
0.003122
0.003707
0.006829
0.002081
0.002406
0.002732
0.005008
0.003577
0.001301
0.006829
0.003902
0.002276
0.001626
0.001561
0.001171
0.004553
0.005528
0.001886
0.004422
0.006309
0.003382
0.001626
0.001041
0.005008
0.003902
0.003057
0.001236
0.002276
0.005203
0.002666
0.003122
0.002146
0.005983
0.001756
0.002471
0.006829
0.002016
0.002146
0.002797
0.005658
0.003642
0.002211
0.001171
0.003902
0.004618
0.006634
0.001561
0.003122
0.001821
0.004032
0.001886
0.006829
0.001301
0.003577
0.001821
0.009170
0.001756
0.008715
0.001171
0.003122
0.002146
0.007609
0.001951
0.003707
0.000976
0.003837
0.003382
0.006894
0.001691
0.006374
0.001431
0.004943
0.001431
0.007349
0.001236
0.003382
0.005853
0.001301
0.002927
0.002276
0.006894
0.001431
0.005788
0.002666
0.003317
0.002211
0.008975
0.002146
0.002016
0.002471
0.002081
0.001171
0.003772
0.001236
0.003707
0.001236
0.003057
0.001886
0.004618
0.004683
0.001366
0.001366
0.005138
0.001431
0.002927
0.002862
0.002471
0.002146
0.006439
0.004032
0.003187
0.001561
0.000976
0.002211
0.005008
0.004357
0.001301
0.002276
0.003837
0.001886
0.001301
0.006309
0.001496
0.001691
0.003187
0.007284
0.002471
0.001561
0.001236
0.002081
0.004488
0.001561
0.001431
0.002341
0.006309
0.001561
0.001431
0.005918
0.002276
0.001626
0.001691
