0.115440
0.002536
0.003577
0.004813
0.002601
0.002601
0.010861
0.003837
0.001366
0.002927
0.005008
0.004097
0.002341
0.002797
0.003577
0.009365
0.002601
0.001951
0.002536
0.005983
0.002406
0.002146
0.011707
0.006569
0.000585
0.003122
0.005463
0.002341
0.000976
0.002536
0.005073
0.012097
0.003122
0.002471
0.002601
0.004357
0.002992
0.002211
0.006699
0.002016
0.002341
0.003252
0.006178
0.002341
0.004357
0.002016
0.003512
0.002536
0.001886
0.002276
0.001821
0.002471
0.002536
0.003642
0.011251
0.004683
0.001756
0.002406
0.003057
0.002276
0.007024
0.003187
0.003772
0.004878
0.003122
0.002276
0.002406
0.007349
0.001951
0.003837
0.001951
0.003772
0.001236
0.005138
0.004488
0.003382
0.000976
0.002797
0.002341
0.007739
0.001951
0.002081
0.002016
0.004683
0.002862
0.009235
0.004943
0.004943
0.001301
0.003252
0.003187
0.003252
0.002666
0.002601
0.003902
0.010406
0.002862
0.002536
0.002341
0.002862
0.001821
0.006829
0.002927
0.003317
0.002927
0.003837
0.002862
0.002601
0.006243
0.003122
0.002862
0.003512
0.002732
0.002666
0.001951
0.002341
0.003642
0.004878
0.002601
0.002862
0.001561
0.003512
0.003772
0.002732
0.004357
0.003837
0.002081
0.003317
0.000911
0.001691
0.004357
0.005983
0.001171
0.002862
0.006178
0.003252
0.001821
0.002211
0.005788
0.004878
0.003447
0.002797
0.002797
0.005528
0.000976
0.002211
0.002732
0.007284
0.001496
0.002666
0.008260
0.004357
0.001106
0.002016
0.006439
0.003122
0.001951
0.002016
0.003837
0.007089
0.005983
0.002536
0.003317
0.002601
0.001561
0.002862
0.005268
0.001756
0.002471
0.002341
0.010016
0.004032
0.002211
0.002211
0.002927
0.002992
0.002406
0.001561
0.003447
0.002601
0.002536
0.004357
0.006634
0.003122
0.002471
0.001691
0.003577
0.001821
0.003967
0.002341
0.002276
0.004357
0.001626
0.002341
0.002536
0.009300
0.001366
0.003772
0.002471
0.003447
0.002276
0.009040
0.002797
0.003707
0.001431
0.003122
0.002601
0.005138
0.001041
0.002666
0.001821
0.004813
0.002732
0.005333
0.005203
0.004227
0.000976
0.003772
0.001171
0.003057
0.002927
0.002341
0.002992
0.007154
0.004162
0.003317
0.002146
0.002406
0.001691
0.004162
0.003512
0.002862
0.003187
0.003967
0.002211
0.001951
0.003187
0.002471
0.002276
0.003512
0.006113
0.002732
0.002536
0.001951
0.002927
0.003447
0.002601
0.002471
0.001886
0.005593
0.002146
0.002862
0.003447
0.002666
0.001561
0.003252
