0.113033
0.001496
0.003317
0.003382
0.003902
0.001886
0.010731
0.002666
0.002471
0.001691
0.005983
0.003187
0.003512
0.002797
0.006894
0.006374
0.005203
0.002406
0.004813
0.004748
0.002211
0.001366
0.005658
0.003512
0.002797
0.002016
0.008455
0.002211
0.001691
0.000976
0.005918
0.005073
0.004488
0.001691
0.004488
0.004032
0.004357
0.001756
0.008715
0.002211
0.002146
0.002732
0.006829
0.002927
0.005853
0.001821
0.007414
0.002471
0.003512
0.001951
0.003447
0.003772
0.003187
0.002016
0.009560
0.002341
0.003122
0.001691
0.007284
0.002732
0.008260
0.001951
0.004878
0.002992
0.004683
0.001301
0.002471
0.003382
0.002471
0.002732
0.003187
0.002146
0.002666
0.002862
0.005333
0.002081
0.002536
0.002406
0.003317
0.004488
0.003122
0.001626
0.003512
0.003382
0.002797
0.004357
0.004618
0.003252
0.001951
0.001236
0.004618
0.002146
0.004097
0.001301
0.003837
0.005203
0.003512
0.002341
0.002797
0.003317
0.003447
0.004618
0.004488
0.003447
0.002992
0.001951
0.003837
0.002471
0.007479
0.001626
0.004748
0.002927
0.005463
0.003577
0.003512
0.004227
0.004618
0.003187
0.003057
0.002146
0.002862
0.003057
0.005398
0.002276
0.005788
0.002536
0.002536
0.001561
0.001691
0.000976
0.003772
0.003447
0.002471
0.002406
0.008845
0.002797
0.001366
0.000780
0.003837
0.003707
0.005138
0.002601
0.004292
0.005593
0.004422
0.001496
0.006439
0.005463
0.001821
0.001561
0.007024
0.004488
0.003967
0.002146
0.008195
0.002016
0.002601
0.001496
0.004032
0.004357
0.006569
0.001886
0.004553
0.003057
0.002016
0.001301
0.007089
0.002601
0.002016
0.001951
0.009430
0.002276
0.004748
0.002081
0.005463
0.003707
0.002992
0.001626
0.005658
0.001496
0.002081
0.003057
0.006764
0.003122
0.003577
0.001171
0.005138
0.002276
0.005333
0.002016
0.003902
0.004878
0.002992
0.001041
0.002862
0.004813
0.002146
0.001561
0.004488
0.002016
0.002081
0.004618
0.003642
0.002276
0.003707
0.002276
0.002666
0.003707
0.002341
0.001366
0.002927
0.002601
0.002341
0.002732
0.006309
0.002536
0.002146
0.002211
0.002797
0.002016
0.005268
0.001821
0.003187
0.003512
0.005658
0.002081
0.002341
0.001756
0.001951
0.003187
0.005333
0.003122
0.003317
0.002276
0.002016
0.001886
0.005268
0.002471
0.004097
0.004878
0.005593
0.002081
0.004618
0.003122
0.002341
0.002016
0.004032
0.002341
0.002666
0.003967
0.004032
0.002992
0.005333
0.002601
0.003317
0.003317
