0.122724
0.000911
0.003967
0.005983
0.001431
0.002341
0.009690
0.005983
0.001171
0.001756
0.006569
0.003902
0.002146
0.001496
0.003707
0.009820
0.003382
0.000976
0.002146
0.007284
0.001821
0.001691
0.012422
0.013202
0.001366
0.002927
0.005203
0.002016
0.001431
0.000780
0.006439
0.011772
0.005203
0.001171
0.003772
0.003772
0.003577
0.001171
0.012682
0.002732
0.001106
0.002732
0.006699
0.002016
0.005138
0.000585
0.005853
0.002016
0.004488
0.001041
0.004097
0.002797
0.002471
0.002081
0.015023
0.002927
0.002276
0.001431
0.005463
0.001886
0.009495
0.001821
0.005723
0.003577
0.003382
0.001691
0.002341
0.007999
0.001301
0.004032
0.001626
0.006309
0.000845
0.003317
0.004422
0.002146
0.001626
0.001821
0.002406
0.010081
0.001886
0.001496
0.001496
0.005463
0.002341
0.008390
0.002732
0.004227
0.001171
0.002211
0.002211
0.002406
0.002471
0.002146
0.002601
0.011772
0.003317
0.001756
0.001691
0.002536
0.002862
0.007739
0.002536
0.002862
0.001756
0.002341
0.002406
0.001431
0.007284
0.001301
0.002536
0.003057
0.003512
0.001301
0.001236
0.003577
0.003902
0.010471
0.001756
0.002536
0.001366
0.003382
0.003317
0.001496
0.006634
0.003252
0.001821
0.001821
0.000976
0.000520
0.003707
0.009625
0.001431
0.003057
0.007674
0.003252
0.001431
0.000455
0.005138
0.004032
0.003512
0.000520
0.003122
0.008975
0.001626
0.001691
0.003057
0.006764
0.000976
0.001626
0.007479
0.003707
0.001301
0.001431
0.007089
0.003057
0.002276
0.001496
0.004618
0.007999
0.005268
0.001431
0.003317
0.002732
0.002276
0.001301
0.007804
0.002016
0.002536
0.002016
0.010016
0.002406
0.005528
0.001366
0.004813
0.003382
0.003707
0.000976
0.004292
0.001886
0.001951
0.002276
0.009365
0.002471
0.002016
0.001171
0.006309
0.002016
0.006243
0.001431
0.003707
0.004032
0.002276
0.001236
0.002471
0.007869
0.001041
0.003447
0.002992
0.003577
0.001691
0.006048
0.002406
0.003057
0.001496
0.000715
0.002341
0.006894
0.000845
0.002732
0.001431
0.004618
0.001366
0.004618
0.005463
0.002536
0.001106
0.001886
0.001496
0.003057
0.004097
0.001041
0.001951
0.009951
0.005138
0.002276
0.001756
0.001496
0.001691
0.004618
0.003317
0.001431
0.002341
0.002536
0.001366
0.002016
0.004488
0.001171
0.001561
0.004097
0.004162
0.001171
0.002276
0.002341
0.001626
0.002992
0.002797
0.002081
0.001626
0.004097
0.002081
0.001626
0.004422
0.002406
0.001756
0.003382
