0.143926
0.002406
0.003512
0.004422
0.002146
0.003837
0.010471
0.002797
0.001496
0.003772
0.003902
0.001886
0.002016
0.002732
0.003252
0.008455
0.003447
0.002601
0.002927
0.003447
0.002146
0.001821
0.005918
0.002536
0.002081
0.004292
0.004748
0.001821
0.001886
0.002536
0.003512
0.007089
0.003772
0.002016
0.003057
0.006569
0.002341
0.002797
0.007219
0.002536
0.001951
0.003772
0.004748
0.002797
0.003967
0.002927
0.003252
0.002601
0.002406
0.002536
0.002797
0.003187
0.002341
0.002341
0.009040
0.003512
0.001821
0.003122
0.003837
0.002276
0.008975
0.002406
0.003577
0.003122
0.004683
0.002927
0.003057
0.006504
0.001301
0.006374
0.002601
0.003577
0.001496
0.003967
0.004292
0.001496
0.001626
0.004097
0.002732
0.005658
0.002146
0.002601
0.001756
0.003772
0.003317
0.008065
0.002927
0.003642
0.002341
0.004032
0.003642
0.001496
0.002211
0.003642
0.002927
0.010991
0.004162
0.002276
0.002211
0.003772
0.002666
0.010666
0.003317
0.002211
0.002797
0.003252
0.003902
0.002081
0.006959
0.003772
0.002992
0.002862
0.002536
0.001691
0.002341
0.003317
0.002601
0.004813
0.002276
0.002601
0.002016
0.004032
0.004683
0.001951
0.004553
0.002081
0.002211
0.001821
0.001821
0.001496
0.002536
0.004097
0.002016
0.004813
0.006243
0.002927
0.001756
0.001626
0.002471
0.002666
0.003057
0.002211
0.002536
0.004878
0.002406
0.003512
0.002016
0.003772
0.002862
0.003707
0.004748
0.003317
0.001691
0.003707
0.005983
0.001756
0.003447
0.002341
0.002081
0.006439
0.005398
0.002666
0.002862
0.003187
0.002536
0.002666
0.004813
0.001886
0.001691
0.001951
0.007089
0.003187
0.003317
0.001951
0.002146
0.003447
0.001171
0.001756
0.003577
0.002666
0.001821
0.003577
0.005658
0.003122
0.001886
0.002146
0.002471
0.002211
0.005528
0.001821
0.002797
0.006959
0.002406
0.002081
0.003317
0.005853
0.002081
0.005983
0.004032
0.002732
0.002341
0.006569
0.002406
0.002471
0.003382
0.002406
0.003642
0.004032
0.001106
0.002016
0.001951
0.002666
0.002406
0.005983
0.004422
0.002406
0.001886
0.003252
0.002276
0.002276
0.005333
0.002016
0.003057
0.008520
0.003707
0.001301
0.002406
0.002471
0.002536
0.006439
0.004943
0.002211
0.001951
0.001821
0.001886
0.002471
0.004618
0.002601
0.002797
0.004813
0.002992
0.002341
0.003317
0.002862
0.003122
0.004357
0.003837
0.002797
0.001561
0.006178
0.002992
0.003057
0.003902
0.002471
0.002927
0.005333
