0.121488
0.001951
0.006504
0.003512
0.002471
0.001626
0.006634
0.002081
0.001886
0.001106
0.002211
0.001301
0.001821
0.002081
0.003642
0.004097
0.003057
0.001106
0.003057
0.002666
0.003772
0.001756
0.008130
0.003382
0.000780
0.001561
0.003447
0.000195
0.002732
0.002211
0.006048
0.005723
0.007219
0.002406
0.006764
0.004748
0.004097
0.001106
0.007089
0.001431
0.003642
0.003317
0.004813
0.001951
0.007219
0.001301
0.005268
0.001886
0.003512
0.001366
0.004488
0.002341
0.007869
0.003057
0.013463
0.005398
0.002146
0.001106
0.003187
0.000585
0.013658
0.004618
0.006569
0.003577
0.006569
0.003837
0.003772
0.004422
0.001821
0.005723
0.001366
0.001691
0.002927
0.003707
0.002927
0.001366
0.002797
0.005658
0.001756
0.003447
0.002666
0.002732
0.002081
0.002146
0.006178
0.010731
0.004162
0.002797
0.000650
0.001756
0.001626
0.000845
0.005203
0.005853
0.004357
0.008260
0.005008
0.003447
0.002406
0.003447
0.003707
0.005788
0.001626
0.001106
0.003967
0.003642
0.001691
0.000715
0.007154
0.002797
0.001431
0.001691
0.003642
0.001496
0.002016
0.003512
0.008975
0.008390
0.002406
0.002146
0.002471
0.002016
0.001821
0.001106
0.010081
0.005398
0.002992
0.002471
0.002471
0.001431
0.004422
0.004227
0.001691
0.002016
0.003967
0.000845
0.002992
0.001496
0.003512
0.002471
0.003057
0.001171
0.002927
0.004488
0.001691
0.001886
0.002471
0.003512
0.002211
0.001106
0.003317
0.000715
0.001951
0.001301
0.005398
0.000455
0.003577
0.001691
0.003382
0.004032
0.009560
0.002992
0.006309
0.003057
0.002211
0.002081
0.003122
0.001171
0.006374
0.003642
0.010016
0.004618
0.006374
0.001301
0.004618
0.003967
0.002732
0.001171
0.003512
0.001496
0.003772
0.003577
0.007934
0.002406
0.003122
0.001561
0.002732
0.001301
0.009625
0.001886
0.005593
0.005528
0.005268
0.005203
0.004618
0.005073
0.001821
0.002341
0.001756
0.000845
0.006178
0.007414
0.002862
0.002601
0.004097
0.003707
0.003252
0.002341
0.001561
0.004292
0.001041
0.002276
0.003057
0.004683
0.002666
0.001561
0.001691
0.003447
0.002081
0.001106
0.006439
0.003382
0.003837
0.006439
0.007219
0.004618
0.002536
0.002406
0.001756
0.003512
0.001821
0.001106
0.006634
0.004292
0.002146
0.001561
0.004813
0.001431
0.002536
0.003707
0.004032
0.002146
0.002406
0.001756
0.004097
0.003837
0.002992
0.001171
0.001301
0.003447
0.001626
0.001496
0.007089
0.002666
0.002927
0.003122
