0.065427
0.003252
0.004683
0.004488
0.003512
0.004227
0.007479
0.004162
0.001756
0.004227
0.002797
0.002927
0.002406
0.005008
0.004357
0.009625
0.002601
0.003772
0.003967
0.010146
0.002016
0.001886
0.006048
0.004097
0.002797
0.004357
0.007479
0.004748
0.001691
0.002666
0.004422
0.005203
0.004227
0.002081
0.003837
0.003642
0.002211
0.002797
0.004878
0.003187
0.001431
0.002341
0.005918
0.003707
0.003317
0.002732
0.003772
0.003122
0.002471
0.002992
0.004097
0.004422
0.001301
0.002146
0.005658
0.004553
0.002016
0.004943
0.003577
0.003057
0.005658
0.003187
0.003512
0.002666
0.002732
0.002601
0.003447
0.007674
0.002732
0.005593
0.002732
0.004032
0.001886
0.004878
0.002862
0.003577
0.002081
0.004227
0.002992
0.005983
0.002406
0.002406
0.004227
0.005593
0.002732
0.006243
0.002406
0.003642
0.002406
0.004683
0.004227
0.003642
0.001691
0.002992
0.004227
0.007544
0.002341
0.002862
0.002341
0.004097
0.002601
0.006504
0.002341
0.005203
0.001756
0.002732
0.003642
0.003512
0.007219
0.003902
0.003122
0.004618
0.004748
0.002992
0.003057
0.004488
0.001951
0.004748
0.002016
0.002276
0.002211
0.007869
0.002992
0.003512
0.002992
0.003642
0.002341
0.002666
0.001951
0.002797
0.002927
0.006178
0.002211
0.004748
0.006764
0.003187
0.001106
0.002276
0.004683
0.003772
0.003187
0.003837
0.003252
0.007869
0.002601
0.004553
0.003707
0.008910
0.002471
0.003382
0.003447
0.002406
0.001951
0.002211
0.007349
0.003577
0.002146
0.004097
0.004553
0.006178
0.004227
0.002927
0.002471
0.002211
0.002732
0.003317
0.003577
0.004097
0.001626
0.001691
0.007674
0.003122
0.003252
0.002732
0.004357
0.005398
0.004097
0.002016
0.003902
0.002211
0.001106
0.003447
0.005788
0.003447
0.002471
0.002601
0.004162
0.002536
0.003447
0.002797
0.003642
0.004618
0.001431
0.002992
0.003122
0.008195
0.002601
0.005073
0.003317
0.003577
0.001691
0.007999
0.001496
0.003122
0.002732
0.003512
0.004162
0.004292
0.001951
0.002992
0.003122
0.006048
0.001821
0.005333
0.004032
0.002536
0.001691
0.004553
0.002536
0.003577
0.002666
0.002341
0.004357
0.007089
0.003772
0.003642
0.002276
0.002406
0.002797
0.006439
0.003382
0.005008
0.001301
0.003187
0.002276
0.001951
0.004618
0.003772
0.003317
0.004878
0.005788
0.003577
0.002927
0.003772
0.002016
0.003902
0.002732
0.004162
0.001691
0.008260
0.002536
0.002992
0.001951
0.002601
0.002666
0.003382
