0.123049
0.001301
0.003187
0.003252
0.002016
0.002732
0.007414
0.001301
0.001041
0.002276
0.004097
0.002081
0.002211
0.002862
0.002732
0.007609
0.001951
0.001756
0.001951
0.004227
0.001821
0.001886
0.007024
0.006113
0.001496
0.003772
0.003707
0.000976
0.001431
0.002016
0.003187
0.007999
0.006309
0.001171
0.001496
0.002471
0.006829
0.001366
0.007284
0.000976
0.004097
0.004292
0.004683
0.001041
0.012032
0.002536
0.004422
0.000585
0.004488
0.001041
0.002601
0.001431
0.006048
0.003382
0.016194
0.002862
0.004292
0.002146
0.004878
0.000780
0.013072
0.002732
0.002927
0.001431
0.003577
0.001886
0.000780
0.004162
0.001951
0.010796
0.001301
0.002276
0.002536
0.007089
0.002992
0.001171
0.001431
0.007674
0.001041
0.005138
0.001821
0.002797
0.000780
0.003122
0.003122
0.011121
0.002471
0.002666
0.000780
0.006048
0.001756
0.001171
0.002211
0.003577
0.002016
0.007739
0.005008
0.002666
0.000715
0.000976
0.004618
0.010666
0.002146
0.001236
0.004097
0.007024
0.001366
0.001171
0.008390
0.004032
0.002341
0.001561
0.004618
0.002536
0.000976
0.002992
0.010016
0.010341
0.001106
0.001106
0.002601
0.007089
0.002732
0.001106
0.012552
0.006634
0.001366
0.001496
0.001041
0.001366
0.002146
0.006634
0.001496
0.004097
0.005268
0.001171
0.001626
0.001366
0.003967
0.004162
0.002601
0.002211
0.001821
0.005918
0.001431
0.001431
0.001821
0.005073
0.001366
0.002601
0.004748
0.002666
0.001301
0.002536
0.005073
0.000715
0.001431
0.001366
0.001756
0.005073
0.007739
0.002601
0.002341
0.001756
0.005268
0.003057
0.005528
0.001496
0.004162
0.002471
0.008195
0.001691
0.007479
0.001041
0.003447
0.000976
0.006178
0.001951
0.002797
0.000845
0.003577
0.004162
0.007024
0.001041
0.004618
0.001366
0.004097
0.001236
0.008845
0.001691
0.002732
0.003447
0.002406
0.002406
0.000911
0.005918
0.001756
0.008845
0.001301
0.001496
0.003252
0.008845
0.001691
0.001691
0.001951
0.003967
0.000845
0.003447
0.001041
0.004032
0.000585
0.001886
0.001561
0.009105
0.003512
0.001821
0.001496
0.005528
0.000911
0.002341
0.003837
0.001821
0.001236
0.005268
0.007024
0.003772
0.001236
0.001041
0.003382
0.007544
0.003382
0.001236
0.006699
0.004618
0.000780
0.001171
0.006113
0.003447
0.001301
0.003317
0.006894
0.003057
0.001301
0.001626
0.004422
0.008715
0.002666
0.000911
0.003187
0.006829
0.002211
0.002016
0.006764
0.002992
0.001041
0.001821
