0.117326
0.001561
0.002862
0.007154
0.002732
0.003642
0.010276
0.004292
0.001691
0.001756
0.005918
0.004032
0.002276
0.003707
0.003512
0.008455
0.002341
0.001561
0.001561
0.004943
0.002081
0.001691
0.009690
0.008130
0.001756
0.004032
0.006048
0.003447
0.001366
0.002406
0.004943
0.009690
0.004618
0.001691
0.001561
0.004943
0.004097
0.001561
0.009365
0.002211
0.001821
0.003317
0.006569
0.002406
0.005658
0.001756
0.005073
0.001951
0.002992
0.000976
0.002081
0.002081
0.004032
0.002341
0.009625
0.003577
0.002732
0.002146
0.007284
0.001431
0.009365
0.002601
0.002536
0.003772
0.002927
0.002016
0.001561
0.006309
0.001366
0.006894
0.001236
0.005203
0.001366
0.004683
0.004422
0.002406
0.001366
0.003772
0.001821
0.006699
0.001886
0.002601
0.001431
0.004162
0.002927
0.008910
0.003447
0.004748
0.001561
0.003707
0.002732
0.003447
0.001886
0.003447
0.002992
0.010016
0.002601
0.002276
0.001821
0.002211
0.002927
0.008325
0.002666
0.002927
0.002406
0.002601
0.003252
0.001821
0.008325
0.002211
0.002797
0.002732
0.004357
0.001691
0.001951
0.003577
0.004292
0.005658
0.002536
0.002016
0.002211
0.003902
0.004162
0.001626
0.005593
0.003382
0.002536
0.002081
0.001236
0.001106
0.003317
0.007284
0.001691
0.004357
0.008910
0.003577
0.001431
0.002341
0.004618
0.004748
0.003902
0.001496
0.002406
0.007089
0.002081
0.002732
0.002601
0.005008
0.001691
0.002862
0.006959
0.004618
0.002276
0.002797
0.006764
0.002927
0.002016
0.001366
0.002341
0.008260
0.005203
0.002471
0.001691
0.003317
0.002862
0.002471
0.006634
0.002601
0.002341
0.002016
0.007804
0.003187
0.004618
0.001691
0.002992
0.002341
0.003447
0.001041
0.003512
0.001301
0.001821
0.003317
0.008260
0.002797
0.003122
0.001431
0.004162
0.001821
0.005008
0.001756
0.001041
0.005138
0.002081
0.001496
0.002862
0.006959
0.002016
0.003772
0.002601
0.003447
0.002601
0.008130
0.003252
0.003382
0.001691
0.001951
0.001821
0.004488
0.000650
0.002146
0.001236
0.003317
0.002341
0.005138
0.005723
0.002732
0.000911
0.003707
0.001561
0.003447
0.003252
0.002081
0.002211
0.007739
0.005008
0.002211
0.000976
0.001756
0.001951
0.006113
0.005983
0.002992
0.003317
0.002927
0.000715
0.002016
0.004618
0.001626
0.001626
0.004618
0.005463
0.001561
0.002536
0.002341
0.002732
0.003187
0.002927
0.002732
0.002732
0.005853
0.003317
0.003057
0.003902
0.001561
0.001626
0.002797
