0.119927
0.001301
0.003057
0.003382
0.002666
0.003317
0.007024
0.001756
0.001041
0.002146
0.002471
0.002862
0.001366
0.003902
0.002341
0.008130
0.002146
0.001496
0.001951
0.005073
0.001821
0.002276
0.004357
0.004943
0.001171
0.003902
0.003902
0.001496
0.001171
0.003187
0.003317
0.004227
0.007219
0.001691
0.002601
0.003967
0.005788
0.001756
0.005463
0.001626
0.002341
0.004357
0.003967
0.001626
0.009170
0.002471
0.002341
0.001171
0.002797
0.001561
0.001886
0.002732
0.004032
0.003512
0.007284
0.003252
0.002536
0.003057
0.003252
0.001951
0.010211
0.002927
0.002341
0.004227
0.004422
0.003447
0.001561
0.005658
0.001106
0.006829
0.001301
0.003122
0.001951
0.008975
0.003447
0.002536
0.001951
0.006764
0.001496
0.006374
0.001821
0.003187
0.001756
0.003317
0.003382
0.010276
0.003512
0.003252
0.001366
0.006374
0.001561
0.001886
0.002927
0.004097
0.002732
0.007999
0.006634
0.003057
0.001691
0.002471
0.003512
0.009105
0.001236
0.002536
0.003837
0.007284
0.001171
0.001691
0.009170
0.005138
0.001951
0.003057
0.005398
0.002797
0.000911
0.002862
0.007934
0.009625
0.001626
0.001886
0.002471
0.006894
0.002666
0.001756
0.009430
0.006829
0.002211
0.002341
0.000911
0.002341
0.002276
0.005528
0.001171
0.004227
0.004748
0.001561
0.001301
0.001236
0.002732
0.003447
0.002927
0.002797
0.002146
0.004618
0.001301
0.003122
0.002016
0.006048
0.000780
0.003057
0.003252
0.001691
0.001821
0.002732
0.005203
0.001886
0.001821
0.001821
0.002471
0.004162
0.007609
0.002732
0.002927
0.001366
0.002601
0.002471
0.003187
0.001886
0.003772
0.003707
0.008910
0.002276
0.005268
0.001041
0.001886
0.001821
0.003057
0.001171
0.001626
0.001561
0.001886
0.005203
0.004553
0.003577
0.003447
0.001366
0.002471
0.001041
0.007349
0.002341
0.001301
0.004618
0.002536
0.004878
0.001821
0.006894
0.001171
0.006699
0.001431
0.001691
0.002341
0.010471
0.002341
0.002862
0.002276
0.004943
0.001886
0.004292
0.000715
0.003707
0.001756
0.003837
0.002146
0.007999
0.004488
0.002797
0.001496
0.006374
0.001691
0.002927
0.004032
0.003317
0.001886
0.005333
0.009365
0.005528
0.001106
0.001561
0.001821
0.007479
0.003057
0.001301
0.004422
0.006634
0.001691
0.001496
0.006439
0.002666
0.001301
0.002797
0.006374
0.005008
0.002081
0.001951
0.004618
0.007349
0.001756
0.002081
0.002406
0.008130
0.001431
0.002081
0.007999
0.004488
0.000911
0.002666
