0.113749
0.001041
0.003772
0.006439
0.001886
0.002536
0.009300
0.005008
0.000845
0.002276
0.006309
0.003837
0.002081
0.001496
0.003447
0.008975
0.002276
0.000845
0.002081
0.006439
0.001106
0.001626
0.013658
0.007284
0.001041
0.004097
0.005528
0.002276
0.001236
0.001431
0.007154
0.010341
0.004553
0.000845
0.003187
0.003967
0.005723
0.001301
0.012877
0.001366
0.002146
0.003317
0.007739
0.000911
0.007934
0.001431
0.008130
0.001756
0.002732
0.000520
0.003317
0.001756
0.003837
0.002016
0.013072
0.002276
0.003057
0.001756
0.006309
0.001041
0.008715
0.001431
0.004488
0.002601
0.002666
0.001756
0.001041
0.007349
0.001041
0.009820
0.001301
0.008065
0.000845
0.005788
0.003642
0.001756
0.000911
0.004357
0.000911
0.010731
0.000780
0.001301
0.000911
0.005983
0.001366
0.010341
0.003122
0.005723
0.000390
0.005203
0.001951
0.003252
0.001691
0.002927
0.002601
0.010016
0.002927
0.001561
0.001041
0.001951
0.003317
0.009886
0.002666
0.001301
0.002471
0.004683
0.002081
0.000715
0.006439
0.002536
0.001821
0.002536
0.003252
0.001431
0.001301
0.003447
0.005593
0.007154
0.001561
0.001886
0.001431
0.006894
0.003447
0.001366
0.005658
0.004683
0.001626
0.001301
0.000780
0.000845
0.003902
0.006439
0.000650
0.004422
0.006569
0.002732
0.000911
0.000520
0.006113
0.004813
0.003122
0.001106
0.002797
0.006829
0.001561
0.001561
0.002536
0.005918
0.001106
0.001756
0.009365
0.004227
0.001041
0.002536
0.005918
0.003187
0.001236
0.001756
0.004357
0.009755
0.005398
0.001236
0.004618
0.001756
0.003122
0.001886
0.010081
0.001626
0.001561
0.001691
0.010601
0.001041
0.005268
0.000715
0.004227
0.001236
0.001821
0.000585
0.005203
0.001236
0.002211
0.003772
0.007934
0.000780
0.003577
0.000976
0.006829
0.001106
0.005853
0.001431
0.004097
0.004422
0.000780
0.002276
0.002146
0.006374
0.000845
0.006504
0.001821
0.004292
0.001236
0.008455
0.002666
0.003772
0.001106
0.001756
0.000780
0.008520
0.000455
0.002276
0.000911
0.005268
0.001171
0.007544
0.003902
0.002862
0.000715
0.005398
0.001171
0.005658
0.002536
0.002927
0.001236
0.007869
0.003252
0.001886
0.001041
0.001431
0.002211
0.007869
0.003642
0.001301
0.002862
0.002862
0.001691
0.001236
0.005333
0.002276
0.001431
0.003187
0.003317
0.001951
0.000911
0.001561
0.002471
0.006634
0.002341
0.001041
0.002341
0.006699
0.003187
0.002666
0.005203
0.002536
0.001431
0.001691
