0.093262
0.002211
0.004227
0.003382
0.003252
0.001821
0.004292
0.002601
0.004227
0.002601
0.004748
0.003512
0.001886
0.002341
0.003187
0.006504
0.003772
0.001626
0.003512
0.004878
0.003512
0.001886
0.005203
0.004097
0.002081
0.002666
0.004227
0.002276
0.002927
0.001756
0.004618
0.004553
0.007284
0.003382
0.004943
0.004488
0.003642
0.001171
0.003577
0.001951
0.005073
0.004878
0.007349
0.004162
0.003252
0.001561
0.003122
0.003382
0.003772
0.002081
0.003967
0.003317
0.004422
0.003122
0.007674
0.004878
0.001821
0.002536
0.003642
0.003707
0.008195
0.004357
0.005333
0.004813
0.006113
0.002471
0.004618
0.006178
0.003577
0.001951
0.002601
0.002406
0.003512
0.005398
0.006894
0.004553
0.002471
0.001626
0.003252
0.003382
0.002992
0.000911
0.003512
0.003122
0.004683
0.005398
0.006309
0.003577
0.002016
0.002341
0.002666
0.002146
0.004357
0.002536
0.006634
0.006178
0.004097
0.001886
0.004422
0.004227
0.002016
0.004097
0.002666
0.003642
0.002536
0.002666
0.004813
0.002862
0.004422
0.001171
0.003057
0.002732
0.004357
0.001171
0.002732
0.004292
0.003772
0.002862
0.004032
0.002016
0.001106
0.003187
0.002797
0.002406
0.004357
0.002601
0.003447
0.002862
0.003252
0.002406
0.003512
0.004488
0.002146
0.002992
0.004292
0.002341
0.004748
0.001691
0.003837
0.002732
0.004227
0.001691
0.003057
0.003772
0.002797
0.001366
0.002732
0.007674
0.003707
0.003122
0.004097
0.003772
0.002992
0.001301
0.005398
0.001691
0.004943
0.002211
0.004357
0.003707
0.007739
0.002341
0.004748
0.004032
0.002862
0.002016
0.003577
0.003837
0.004227
0.002797
0.009560
0.002732
0.004162
0.001691
0.003902
0.003512
0.003317
0.001301
0.001691
0.001951
0.004227
0.004878
0.006634
0.005398
0.002081
0.001431
0.002862
0.001171
0.007219
0.004748
0.005138
0.004878
0.004357
0.002471
0.004683
0.007609
0.002406
0.001691
0.003512
0.002927
0.004488
0.006569
0.006243
0.004032
0.004032
0.001561
0.003187
0.003252
0.002992
0.001301
0.002211
0.002862
0.005333
0.003837
0.006959
0.003577
0.002341
0.002341
0.002666
0.002471
0.006374
0.002797
0.006243
0.004618
0.005333
0.001821
0.003772
0.002666
0.001756
0.001886
0.003772
0.002927
0.002666
0.003317
0.004032
0.002601
0.004032
0.000976
0.002992
0.003772
0.004162
0.001236
0.003252
0.002211
0.002797
0.003447
0.004488
0.003382
0.001756
0.003707
0.002732
0.002927
0.004813
0.002146
0.004488
0.004292
