0.127341
0.001236
0.003447
0.005593
0.001691
0.002276
0.009235
0.004032
0.001106
0.001366
0.005658
0.003122
0.002471
0.001821
0.003902
0.011576
0.003187
0.001301
0.002276
0.005528
0.001756
0.001756
0.010406
0.006504
0.001756
0.002341
0.005528
0.002016
0.001301
0.001301
0.005138
0.012162
0.004227
0.001106
0.004032
0.004943
0.002666
0.001496
0.007609
0.002146
0.001821
0.002927
0.006374
0.001821
0.006113
0.001301
0.003252
0.002081
0.003707
0.000715
0.002211
0.002211
0.003057
0.003187
0.012877
0.004813
0.002081
0.001301
0.003577
0.001431
0.008455
0.001886
0.005528
0.003057
0.003577
0.002406
0.001886
0.006894
0.001821
0.007544
0.001626
0.005983
0.001171
0.003057
0.004032
0.003577
0.001431
0.003057
0.001431
0.010731
0.001041
0.002341
0.001301
0.004422
0.002797
0.008910
0.003902
0.003382
0.001041
0.003122
0.002341
0.003252
0.002927
0.003447
0.003967
0.011902
0.003317
0.002341
0.000911
0.002406
0.002601
0.007479
0.002081
0.003057
0.001951
0.002601
0.002016
0.001951
0.007999
0.002211
0.002666
0.002927
0.003902
0.001626
0.002146
0.002732
0.004422
0.005658
0.002471
0.002211
0.002081
0.003382
0.003057
0.002276
0.007414
0.003252
0.001886
0.001756
0.001496
0.001171
0.004032
0.006569
0.001301
0.003447
0.007544
0.002146
0.001496
0.001821
0.004553
0.005008
0.003837
0.000911
0.002601
0.008065
0.001691
0.002211
0.002276
0.006569
0.001496
0.002146
0.006959
0.003967
0.002601
0.002406
0.006504
0.002601
0.001951
0.001431
0.003707
0.007999
0.006439
0.002016
0.003187
0.003057
0.001691
0.001561
0.004748
0.001626
0.002081
0.002016
0.009951
0.002471
0.003967
0.001301
0.003122
0.003577
0.002471
0.000780
0.002536
0.002146
0.002211
0.003382
0.007349
0.002732
0.002016
0.001301
0.004162
0.002211
0.005918
0.001951
0.002341
0.005853
0.002601
0.002211
0.003382
0.008585
0.000976
0.004357
0.002601
0.003382
0.002992
0.006959
0.003772
0.003122
0.001886
0.002341
0.002146
0.007739
0.001171
0.001431
0.001561
0.003577
0.002146
0.005983
0.005788
0.003642
0.001106
0.002081
0.001171
0.003642
0.002992
0.002471
0.002536
0.008845
0.004227
0.002016
0.001561
0.001691
0.001431
0.005463
0.003382
0.002862
0.002146
0.003317
0.001756
0.001626
0.006894
0.001301
0.001886
0.003772
0.005853
0.001301
0.002146
0.002341
0.002211
0.004748
0.002862
0.002081
0.001496
0.004553
0.001821
0.002797
0.004683
0.003382
0.002081
0.003187
