0.116480
0.001756
0.002081
0.002732
0.002666
0.002016
0.009820
0.009625
0.001171
0.002992
0.005333
0.001496
0.002601
0.002146
0.002927
0.008910
0.003902
0.001106
0.001756
0.004748
0.001886
0.001951
0.009625
0.033429
0.001756
0.003707
0.007934
0.001691
0.001431
0.001301
0.004422
0.009170
0.005788
0.001756
0.002536
0.003122
0.003512
0.001106
0.008715
0.001366
0.002081
0.003187
0.006243
0.001561
0.008520
0.001106
0.005138
0.001171
0.004618
0.001496
0.001886
0.001496
0.004422
0.002536
0.013398
0.001821
0.002666
0.002081
0.005398
0.000911
0.007999
0.001821
0.004488
0.002927
0.003317
0.001561
0.001626
0.005593
0.000780
0.010081
0.001496
0.003252
0.001691
0.006048
0.005723
0.001821
0.002016
0.003382
0.001886
0.006699
0.001821
0.002016
0.001301
0.003187
0.002406
0.014113
0.003187
0.002471
0.001366
0.004618
0.001951
0.001756
0.002341
0.002732
0.002211
0.008715
0.003902
0.001756
0.001366
0.001951
0.002406
0.008975
0.002406
0.002146
0.002146
0.003447
0.002146
0.001431
0.009105
0.001951
0.002146
0.002146
0.005853
0.001301
0.001561
0.003057
0.005073
0.005398
0.001821
0.001886
0.002016
0.005658
0.004683
0.001041
0.007544
0.002406
0.001366
0.001431
0.001301
0.000976
0.003122
0.005593
0.001106
0.004357
0.007479
0.001041
0.001301
0.002016
0.006569
0.002666
0.004227
0.001496
0.001691
0.006439
0.002341
0.002601
0.002927
0.004943
0.001366
0.003122
0.006894
0.002471
0.001561
0.001756
0.006764
0.001626
0.002211
0.002016
0.003967
0.005658
0.006699
0.001496
0.003317
0.001431
0.002146
0.002992
0.007479
0.000845
0.003577
0.001561
0.010211
0.001951
0.006634
0.001756
0.002341
0.001951
0.003967
0.000780
0.003447
0.000845
0.001886
0.003902
0.009755
0.001626
0.002992
0.001106
0.005528
0.001041
0.007739
0.001886
0.001951
0.003057
0.001171
0.002146
0.002536
0.006048
0.001496
0.005983
0.002862
0.001691
0.002081
0.009820
0.002471
0.001106
0.002406
0.002862
0.002146
0.005073
0.001561
0.002276
0.001821
0.003252
0.001691
0.006569
0.004227
0.001821
0.001561
0.003772
0.001106
0.002211
0.003772
0.002341
0.001496
0.006178
0.006764
0.001626
0.001236
0.001366
0.001366
0.006699
0.004748
0.001431
0.003447
0.004097
0.001626
0.001691
0.006178
0.001171
0.001431
0.003187
0.005528
0.000650
0.002666
0.001301
0.002536
0.004097
0.002992
0.001626
0.002862
0.006309
0.002992
0.001626
0.005658
0.001691
0.001821
0.002406
