0.130398
0.001171
0.003642
0.007024
0.002016
0.002927
0.009625
0.004683
0.001691
0.001951
0.004227
0.004813
0.002471
0.002927
0.003512
0.009365
0.003057
0.001431
0.003902
0.005268
0.002146
0.002211
0.008520
0.006439
0.001301
0.003642
0.005463
0.003382
0.001171
0.002211
0.005463
0.008780
0.003902
0.001626
0.002211
0.006309
0.002992
0.001431
0.007219
0.002601
0.001951
0.002992
0.005203
0.003122
0.004097
0.002146
0.003382
0.002016
0.003252
0.001301
0.002081
0.003447
0.003577
0.001756
0.009560
0.004488
0.002797
0.002862
0.003577
0.002211
0.008260
0.001431
0.004488
0.003837
0.004227
0.001431
0.001886
0.007934
0.001236
0.004683
0.002146
0.005138
0.001236
0.003252
0.004618
0.003447
0.001626
0.003187
0.002536
0.007219
0.001561
0.001886
0.001626
0.003967
0.001756
0.008455
0.003122
0.006699
0.001366
0.003837
0.003577
0.003577
0.002601
0.002797
0.003317
0.011772
0.002992
0.001236
0.001171
0.003577
0.002601
0.007934
0.003642
0.002992
0.003707
0.002992
0.002666
0.002016
0.007089
0.002536
0.003122
0.002927
0.002666
0.001626
0.001886
0.002276
0.002862
0.004097
0.001886
0.002406
0.002016
0.003577
0.002732
0.001691
0.004748
0.003187
0.001691
0.001951
0.001691
0.002406
0.003707
0.008650
0.002276
0.003057
0.007089
0.003707
0.002146
0.001691
0.003902
0.005788
0.002666
0.001561
0.002601
0.006699
0.002081
0.003122
0.002797
0.005918
0.001236
0.003057
0.006309
0.005268
0.002797
0.002992
0.005723
0.003577
0.001496
0.001821
0.004553
0.007674
0.005593
0.001691
0.002536
0.004813
0.002797
0.002732
0.005918
0.002797
0.002081
0.002016
0.008390
0.002992
0.003122
0.001626
0.002601
0.003187
0.002666
0.001431
0.002601
0.002276
0.002211
0.003772
0.006504
0.003187
0.002211
0.001821
0.003122
0.001691
0.004227
0.001301
0.002797
0.005008
0.001886
0.003057
0.002927
0.008650
0.001561
0.004032
0.003837
0.004292
0.001951
0.006829
0.002797
0.003967
0.001821
0.002211
0.002081
0.005138
0.001366
0.002146
0.002276
0.003837
0.002081
0.006243
0.004813
0.003837
0.001236
0.003837
0.001561
0.003382
0.004618
0.001626
0.001886
0.008195
0.005333
0.002211
0.001431
0.002276
0.002146
0.005333
0.003707
0.002146
0.003382
0.001561
0.001041
0.001951
0.002927
0.001301
0.001626
0.002862
0.004097
0.001951
0.001821
0.002016
0.002471
0.003057
0.002797
0.002276
0.002341
0.005528
0.002536
0.003382
0.004683
0.002536
0.001561
0.002797
