0.107050
0.001171
0.003512
0.004683
0.001691
0.002276
0.010211
0.005658
0.001171
0.002341
0.006829
0.004292
0.001301
0.002016
0.004032
0.009951
0.003252
0.000911
0.002666
0.006959
0.001301
0.001626
0.012422
0.008325
0.000911
0.003837
0.007284
0.002992
0.001496
0.001431
0.004683
0.009430
0.005398
0.000780
0.001821
0.002276
0.004683
0.001041
0.011056
0.001431
0.002536
0.003512
0.008455
0.001236
0.006634
0.001626
0.005658
0.001561
0.004553
0.000780
0.002601
0.001106
0.004227
0.002601
0.011316
0.002341
0.001561
0.001366
0.006959
0.001236
0.007349
0.002146
0.005723
0.002146
0.003382
0.001691
0.001431
0.005073
0.001561
0.009755
0.001821
0.007024
0.000911
0.004748
0.003902
0.002666
0.001626
0.003382
0.002732
0.008195
0.001236
0.001886
0.001691
0.004878
0.002341
0.009430
0.003577
0.004227
0.000780
0.006113
0.001561
0.003577
0.001301
0.003187
0.001626
0.008455
0.003707
0.002276
0.001431
0.001496
0.002797
0.009365
0.002536
0.002536
0.001951
0.004813
0.002016
0.000455
0.008520
0.003447
0.001951
0.001821
0.004683
0.001691
0.001691
0.003577
0.004813
0.009170
0.001626
0.001561
0.001756
0.005853
0.004162
0.000911
0.007349
0.005398
0.001691
0.001366
0.000520
0.001106
0.004227
0.005788
0.001431
0.004748
0.010146
0.004618
0.000780
0.001366
0.007739
0.005788
0.003382
0.001496
0.001951
0.004878
0.001691
0.001106
0.002471
0.007154
0.000911
0.002276
0.008650
0.005203
0.001691
0.001756
0.007349
0.003252
0.001366
0.001431
0.004292
0.006504
0.005723
0.002081
0.003837
0.001821
0.002666
0.002146
0.009820
0.001301
0.002081
0.001756
0.009170
0.001886
0.007024
0.001496
0.003382
0.001236
0.002862
0.000911
0.003382
0.000976
0.002797
0.003057
0.009690
0.001106
0.003187
0.000845
0.004488
0.001236
0.006504
0.001301
0.002992
0.003252
0.002146
0.002211
0.001886
0.004227
0.001041
0.006894
0.002992
0.004097
0.001431
0.006959
0.003057
0.003967
0.001496
0.003122
0.001496
0.005788
0.001106
0.001886
0.001041
0.004032
0.001496
0.006374
0.004357
0.003057
0.001106
0.005203
0.000976
0.003837
0.003577
0.001951
0.001691
0.006243
0.004748
0.002797
0.001431
0.000715
0.001756
0.006634
0.004292
0.001366
0.001886
0.003577
0.001951
0.001171
0.005918
0.002992
0.001431
0.003382
0.005853
0.001691
0.001756
0.001756
0.003642
0.007544
0.001886
0.001886
0.001236
0.007154
0.001821
0.002601
0.005918
0.002927
0.001691
0.001171
