0.123959
0.002211
0.001431
0.002927
0.002601
0.002536
0.009105
0.002406
0.001496
0.002797
0.002536
0.002471
0.002081
0.003382
0.003902
0.009755
0.003187
0.002146
0.002211
0.004618
0.002276
0.001626
0.005268
0.003317
0.001301
0.002797
0.004292
0.001496
0.001821
0.002081
0.003187
0.006178
0.004943
0.001951
0.001041
0.002862
0.005008
0.002081
0.007219
0.001561
0.003187
0.004292
0.004227
0.001561
0.008585
0.002471
0.005333
0.001171
0.004162
0.002081
0.002666
0.001821
0.003772
0.003122
0.009495
0.002666
0.002927
0.002276
0.004162
0.001301
0.011186
0.002601
0.003642
0.001691
0.004422
0.002536
0.000845
0.004553
0.002406
0.006894
0.001691
0.002211
0.001366
0.007479
0.003642
0.002016
0.001431
0.005463
0.001171
0.006829
0.001756
0.002797
0.001171
0.003252
0.002666
0.012812
0.002146
0.003252
0.001691
0.002992
0.001886
0.001821
0.002666
0.003902
0.002471
0.008650
0.004553
0.003902
0.001366
0.001691
0.003317
0.011251
0.002992
0.002146
0.003772
0.005268
0.001886
0.001301
0.011056
0.004553
0.002862
0.003187
0.003902
0.002862
0.001886
0.003317
0.005463
0.009820
0.001756
0.001431
0.003382
0.005073
0.004097
0.001496
0.011576
0.006894
0.001561
0.001756
0.001236
0.001496
0.001691
0.003772
0.001756
0.003317
0.006764
0.002211
0.001106
0.001756
0.002406
0.003057
0.003187
0.002081
0.002016
0.006113
0.002081
0.003577
0.001756
0.006178
0.001236
0.002601
0.004618
0.002471
0.002016
0.002211
0.005268
0.001171
0.002862
0.002146
0.001561
0.004097
0.005593
0.002992
0.001821
0.002276
0.003187
0.003382
0.005268
0.001561
0.003382
0.003187
0.006374
0.002406
0.006634
0.002536
0.002276
0.001496
0.003447
0.002601
0.004097
0.001366
0.003707
0.005203
0.006178
0.002081
0.002797
0.001431
0.003902
0.001041
0.006569
0.003187
0.001756
0.003642
0.001821
0.003317
0.002081
0.005268
0.002211
0.004488
0.001821
0.001756
0.002536
0.009365
0.001886
0.001691
0.002797
0.003382
0.001431
0.002471
0.001301
0.002797
0.001561
0.004292
0.002471
0.008195
0.003642
0.002211
0.001561
0.003902
0.001431
0.002601
0.003967
0.003577
0.001756
0.005723
0.006243
0.004032
0.001496
0.001561
0.001886
0.008845
0.004488
0.001626
0.003577
0.005333
0.001041
0.001301
0.007089
0.002862
0.001886
0.003317
0.006894
0.002666
0.004488
0.002406
0.003122
0.008715
0.002536
0.002081
0.002536
0.006634
0.002992
0.002732
0.008325
0.003967
0.002016
0.002081
