0.119537
0.001626
0.003252
0.003252
0.002732
0.002992
0.008455
0.003707
0.001821
0.002732
0.004488
0.002992
0.001821
0.002862
0.003187
0.008975
0.002927
0.002211
0.002406
0.005463
0.002992
0.002146
0.006634
0.003317
0.003057
0.004748
0.004553
0.003707
0.003122
0.002146
0.003707
0.006439
0.003902
0.002211
0.002276
0.003577
0.002146
0.002666
0.004683
0.002016
0.002666
0.004618
0.005138
0.003447
0.004748
0.002016
0.002732
0.002536
0.002601
0.001821
0.002992
0.003187
0.004357
0.003057
0.009300
0.003577
0.002276
0.002601
0.003512
0.002536
0.008130
0.003382
0.004032
0.002862
0.004943
0.002081
0.002601
0.004292
0.001886
0.005918
0.002536
0.004097
0.003187
0.004097
0.004813
0.003252
0.001756
0.003187
0.002536
0.004683
0.002341
0.002211
0.002927
0.003577
0.003642
0.008520
0.003642
0.003577
0.002146
0.002666
0.003252
0.003317
0.003122
0.002797
0.003382
0.009495
0.003447
0.002081
0.002536
0.001561
0.003057
0.006764
0.003317
0.004748
0.003057
0.002471
0.003122
0.003187
0.007219
0.003187
0.003187
0.003447
0.003902
0.002081
0.003057
0.004162
0.004292
0.004292
0.002666
0.002536
0.002146
0.003317
0.005073
0.002732
0.005203
0.003252
0.002276
0.002146
0.002666
0.002211
0.003122
0.004943
0.002732
0.003967
0.005658
0.002732
0.002016
0.002601
0.002862
0.002666
0.003772
0.003122
0.003252
0.005853
0.002341
0.004097
0.002276
0.005918
0.002927
0.003317
0.004813
0.002406
0.003317
0.002666
0.005658
0.003577
0.003447
0.002471
0.003057
0.003772
0.006243
0.003317
0.003447
0.003447
0.001756
0.002992
0.003382
0.003707
0.003252
0.003122
0.007089
0.002862
0.003057
0.002406
0.002341
0.003772
0.001951
0.001366
0.002471
0.001561
0.003057
0.004553
0.006243
0.002797
0.002992
0.001691
0.002471
0.002666
0.005853
0.002471
0.002666
0.004162
0.002536
0.002146
0.003317
0.005268
0.002732
0.003642
0.004227
0.002406
0.003707
0.007284
0.002666
0.003447
0.002601
0.001951
0.003837
0.004227
0.001821
0.001951
0.001886
0.003057
0.002732
0.007349
0.004488
0.002992
0.001821
0.002666
0.001821
0.002862
0.004488
0.002341
0.003772
0.005788
0.004032
0.002276
0.002146
0.002276
0.002211
0.005138
0.004813
0.003382
0.003252
0.001626
0.001886
0.002536
0.005853
0.002211
0.003447
0.004553
0.004813
0.001756
0.004032
0.003382
0.003057
0.002797
0.003382
0.002992
0.002276
0.004227
0.003122
0.004683
0.004292
0.002016
0.003252
0.003447
