0.123504
0.002081
0.002471
0.005073
0.001886
0.002276
0.006959
0.002862
0.001561
0.002601
0.003837
0.002992
0.002276
0.002927
0.001691
0.007934
0.002146
0.001626
0.001301
0.005008
0.001301
0.002536
0.006178
0.008260
0.000845
0.003252
0.003252
0.002276
0.001561
0.002797
0.004357
0.011056
0.005203
0.002992
0.002016
0.002862
0.003902
0.001951
0.006764
0.001886
0.001951
0.003902
0.004097
0.001691
0.006243
0.002081
0.004097
0.001236
0.002666
0.001561
0.001041
0.001886
0.003057
0.003837
0.008845
0.002601
0.001756
0.002276
0.002081
0.001171
0.007869
0.004683
0.001951
0.002536
0.003967
0.004097
0.001106
0.005723
0.002081
0.009755
0.001106
0.003447
0.001626
0.009040
0.004032
0.002146
0.001756
0.007544
0.000976
0.007479
0.001691
0.003122
0.000911
0.003707
0.002732
0.013398
0.002732
0.004683
0.000976
0.005138
0.001561
0.002666
0.002992
0.006048
0.002797
0.010276
0.004553
0.005398
0.000585
0.002081
0.003707
0.011251
0.000911
0.001756
0.002146
0.006634
0.001171
0.000715
0.007739
0.005333
0.001691
0.001886
0.004488
0.002471
0.000455
0.002797
0.006764
0.011902
0.001756
0.001821
0.001821
0.005983
0.001951
0.001691
0.007349
0.007869
0.000911
0.001431
0.000650
0.001756
0.004878
0.009040
0.001041
0.003837
0.004032
0.002276
0.001366
0.001886
0.006243
0.004813
0.002341
0.001366
0.001106
0.006113
0.000976
0.002341
0.001301
0.006959
0.000976
0.002927
0.004422
0.003642
0.001106
0.002146
0.005008
0.002536
0.001496
0.002341
0.002666
0.004748
0.007219
0.003252
0.002601
0.001756
0.002211
0.003252
0.003577
0.000780
0.002927
0.003577
0.007219
0.002341
0.003577
0.002406
0.001561
0.002016
0.004097
0.001496
0.001431
0.001171
0.001951
0.003512
0.004422
0.001561
0.002016
0.001561
0.002211
0.001756
0.004357
0.002862
0.001366
0.003447
0.002016
0.005918
0.002276
0.008065
0.001366
0.005983
0.001431
0.002146
0.002862
0.014763
0.002732
0.003902
0.002276
0.005268
0.000845
0.004878
0.001106
0.004748
0.001431
0.005918
0.002341
0.007154
0.003057
0.002211
0.001431
0.006048
0.000845
0.003122
0.002992
0.004292
0.001626
0.006374
0.007414
0.007674
0.001171
0.001431
0.001886
0.006699
0.002406
0.001236
0.003967
0.008910
0.001236
0.001496
0.003642
0.003187
0.000650
0.003252
0.005593
0.003252
0.000911
0.001691
0.003122
0.006504
0.001496
0.001626
0.002406
0.009235
0.001171
0.002341
0.004292
0.004357
0.001041
0.001756
