0.113749
0.001106
0.002601
0.005463
0.002992
0.001886
0.008975
0.004097
0.001496
0.002341
0.004488
0.002732
0.001106
0.002081
0.003512
0.009951
0.003122
0.002146
0.002276
0.006048
0.002341
0.001626
0.007934
0.004943
0.001366
0.003447
0.005658
0.002471
0.001431
0.002536
0.005723
0.009495
0.004683
0.001821
0.002081
0.004032
0.003837
0.001041
0.007609
0.001886
0.002536
0.003577
0.004683
0.002211
0.006309
0.001236
0.005658
0.001821
0.003447
0.001496
0.001951
0.002276
0.003122
0.002471
0.008910
0.004097
0.002016
0.002341
0.003707
0.001171
0.008065
0.004488
0.003317
0.003512
0.003122
0.002862
0.001756
0.005853
0.002406
0.007479
0.002081
0.005398
0.001886
0.005398
0.003122
0.003447
0.001301
0.004097
0.002016
0.008455
0.002211
0.002666
0.001756
0.003967
0.003187
0.008260
0.002927
0.004162
0.001171
0.003382
0.002601
0.002341
0.002341
0.004292
0.003642
0.009886
0.003642
0.002406
0.001561
0.001951
0.002471
0.009820
0.002862
0.002601
0.003252
0.004097
0.002471
0.001821
0.008130
0.003902
0.003707
0.002471
0.004032
0.002211
0.002211
0.003252
0.004162
0.004943
0.002211
0.002211
0.001691
0.004878
0.004032
0.002276
0.006569
0.005918
0.001366
0.002276
0.001756
0.001171
0.003252
0.006439
0.001756
0.003447
0.006699
0.002927
0.002146
0.001431
0.004488
0.002992
0.003252
0.001626
0.002536
0.007804
0.002471
0.003447
0.002536
0.006439
0.001821
0.002341
0.006178
0.003577
0.002601
0.002536
0.006699
0.002797
0.002992
0.001496
0.003837
0.007349
0.005658
0.002211
0.001821
0.003837
0.002471
0.001821
0.004162
0.002276
0.003057
0.003512
0.008325
0.002471
0.004422
0.002146
0.003252
0.003122
0.002601
0.001366
0.003837
0.001691
0.002797
0.004097
0.006894
0.002797
0.002211
0.001756
0.003252
0.001236
0.005398
0.002016
0.002016
0.003967
0.002862
0.002732
0.002797
0.007024
0.001756
0.005528
0.002927
0.003642
0.003057
0.007284
0.002406
0.003122
0.002601
0.002797
0.001431
0.005268
0.001951
0.003057
0.001236
0.004488
0.002471
0.005203
0.004292
0.002601
0.001561
0.004488
0.001496
0.002601
0.003252
0.003122
0.002666
0.007284
0.005463
0.002666
0.001821
0.001821
0.002211
0.005853
0.003187
0.002666
0.003187
0.003707
0.001756
0.001496
0.005398
0.002081
0.002211
0.003642
0.004683
0.002471
0.002992
0.002992
0.003317
0.005463
0.002862
0.002081
0.002081
0.005983
0.003187
0.002471
0.004943
0.002732
0.001756
0.003057
