0.116155
0.000520
0.003122
0.003967
0.002666
0.002016
0.009235
0.002666
0.001041
0.002406
0.006504
0.002341
0.002536
0.001886
0.003707
0.009365
0.004553
0.000976
0.002406
0.003772
0.001756
0.001756
0.010666
0.008455
0.001561
0.002601
0.007674
0.001886
0.001431
0.001951
0.005593
0.010016
0.005398
0.000715
0.002601
0.003317
0.004292
0.001626
0.009300
0.000520
0.002081
0.002862
0.007544
0.001106
0.008585
0.001561
0.006243
0.001041
0.004878
0.000585
0.002601
0.000911
0.004032
0.001821
0.013007
0.002406
0.002797
0.002471
0.006243
0.000780
0.008715
0.001886
0.005593
0.003057
0.002992
0.002016
0.000976
0.005463
0.001236
0.011772
0.001236
0.004488
0.001106
0.006309
0.004097
0.001561
0.001041
0.004488
0.001561
0.008260
0.002146
0.002146
0.001041
0.003577
0.002081
0.013332
0.004032
0.003187
0.000715
0.005658
0.001886
0.001821
0.001496
0.003967
0.002536
0.010601
0.004422
0.002276
0.001366
0.001561
0.002666
0.009625
0.002406
0.002211
0.002666
0.004097
0.001756
0.001301
0.009040
0.002992
0.003837
0.001821
0.006178
0.001236
0.001821
0.002406
0.006504
0.007024
0.002016
0.001431
0.001756
0.004683
0.004357
0.000845
0.008325
0.003707
0.001756
0.000585
0.000976
0.001236
0.004748
0.005918
0.001496
0.002992
0.007349
0.002471
0.000845
0.001106
0.006829
0.002211
0.004748
0.001561
0.002016
0.006894
0.002146
0.001691
0.003122
0.004748
0.000845
0.003122
0.008130
0.002081
0.001561
0.002341
0.006894
0.002536
0.002406
0.001756
0.003967
0.007349
0.006439
0.001431
0.004227
0.001951
0.002341
0.002081
0.007154
0.000911
0.002927
0.001366
0.010211
0.001301
0.007154
0.000585
0.002797
0.001301
0.004292
0.001301
0.004553
0.001041
0.002081
0.003252
0.009235
0.001496
0.003057
0.001366
0.005593
0.000911
0.005918
0.000780
0.003252
0.003122
0.001301
0.001561
0.002536
0.006634
0.001106
0.007999
0.002471
0.002927
0.002211
0.011446
0.002927
0.001691
0.002146
0.003252
0.001366
0.005203
0.000976
0.003057
0.001626
0.002992
0.001561
0.007284
0.004488
0.001626
0.001171
0.005008
0.001171
0.002666
0.003707
0.002146
0.001041
0.006829
0.006309
0.002016
0.001561
0.000715
0.002732
0.006178
0.003447
0.001301
0.004813
0.003902
0.001366
0.000911
0.006374
0.001951
0.001561
0.003057
0.005918
0.001626
0.002211
0.002341
0.002536
0.004618
0.002406
0.001821
0.002211
0.007154
0.002992
0.001171
0.006243
0.002471
0.001106
0.002081
