0.123114
0.001301
0.003382
0.003642
0.002862
0.002146
0.010991
0.003577
0.002146
0.002211
0.004227
0.002666
0.002471
0.002536
0.006048
0.008845
0.003252
0.002666
0.002927
0.004032
0.002406
0.001756
0.007024
0.004748
0.002927
0.002797
0.006243
0.002732
0.001951
0.001626
0.004488
0.007544
0.004032
0.001821
0.002732
0.003707
0.003382
0.002081
0.008130
0.001626
0.002016
0.003447
0.005853
0.003057
0.007024
0.002081
0.005788
0.001886
0.002732
0.001236
0.003317
0.002081
0.004097
0.002341
0.009040
0.003057
0.001886
0.001886
0.005788
0.001496
0.008585
0.002666
0.003967
0.002862
0.003577
0.001886
0.002732
0.004227
0.001756
0.006699
0.002862
0.005333
0.002341
0.004553
0.004357
0.003642
0.001561
0.002992
0.002666
0.007219
0.002016
0.002146
0.001561
0.002601
0.001821
0.009560
0.003122
0.004748
0.001496
0.002406
0.002797
0.002666
0.002146
0.002211
0.003967
0.008455
0.004097
0.002341
0.001951
0.002081
0.002732
0.007414
0.003512
0.003512
0.002927
0.002992
0.002862
0.002341
0.008390
0.002081
0.003642
0.003317
0.003837
0.003057
0.003122
0.003837
0.004162
0.005723
0.003707
0.002341
0.002146
0.003122
0.006113
0.002211
0.007284
0.003837
0.003577
0.002601
0.001691
0.001561
0.004488
0.006048
0.002406
0.003642
0.007869
0.002211
0.001431
0.001301
0.002601
0.001821
0.003837
0.001756
0.002862
0.006829
0.002471
0.002081
0.003967
0.006439
0.002016
0.002471
0.005658
0.003707
0.002666
0.002016
0.006764
0.002601
0.003057
0.001561
0.002797
0.004227
0.005918
0.001951
0.003057
0.002666
0.003772
0.002276
0.007219
0.002276
0.002211
0.002146
0.006829
0.002341
0.004227
0.001236
0.003187
0.002601
0.002732
0.001236
0.003252
0.001561
0.003577
0.004422
0.007349
0.002146
0.002341
0.000780
0.004357
0.002666
0.006113
0.001951
0.002081
0.003252
0.001951
0.001756
0.003057
0.004357
0.001756
0.003642
0.003707
0.002927
0.001496
0.006959
0.003902
0.003382
0.002992
0.003187
0.002081
0.005008
0.001236
0.001626
0.001756
0.002797
0.001951
0.005463
0.004813
0.003057
0.001301
0.002797
0.002927
0.003772
0.003512
0.002211
0.002471
0.005658
0.005268
0.002406
0.002211
0.001691
0.002732
0.005073
0.005983
0.002211
0.002406
0.002471
0.002341
0.001626
0.005723
0.001886
0.002536
0.003447
0.004618
0.001886
0.003577
0.002276
0.003187
0.004878
0.004357
0.002862
0.002016
0.004488
0.004618
0.003317
0.004878
0.002081
0.001886
0.002992
