0.112773
0.000780
0.001951
0.003317
0.001561
0.002536
0.008195
0.003642
0.001236
0.002276
0.003837
0.002276
0.002016
0.002732
0.002601
0.009040
0.003122
0.001041
0.002016
0.005268
0.002081
0.001431
0.008455
0.005723
0.001106
0.003512
0.003902
0.002211
0.001236
0.002016
0.003642
0.005788
0.006113
0.001691
0.002081
0.002536
0.005333
0.002016
0.007999
0.001431
0.002341
0.003837
0.004227
0.001301
0.010666
0.001691
0.004748
0.001691
0.005008
0.000911
0.002797
0.002081
0.005723
0.002992
0.007869
0.002341
0.003187
0.002211
0.003707
0.000455
0.009170
0.002601
0.002406
0.002081
0.003837
0.002406
0.000715
0.003902
0.001691
0.011121
0.001106
0.004032
0.002406
0.005983
0.003512
0.002797
0.002016
0.006699
0.001431
0.007349
0.001626
0.003512
0.000911
0.004357
0.004227
0.009105
0.002927
0.003382
0.001171
0.005333
0.001301
0.002992
0.002601
0.003967
0.001301
0.007219
0.007284
0.003252
0.000650
0.002471
0.003902
0.011446
0.001951
0.002146
0.004878
0.007024
0.000976
0.000911
0.010406
0.004422
0.001431
0.002797
0.007349
0.003252
0.001041
0.003447
0.009105
0.009625
0.001431
0.001626
0.002601
0.006113
0.002471
0.000976
0.011251
0.005853
0.002081
0.001106
0.000845
0.001301
0.002341
0.003967
0.001496
0.003512
0.004162
0.002471
0.001366
0.001626
0.003317
0.003057
0.003252
0.002146
0.001691
0.006569
0.001496
0.002081
0.002211
0.005918
0.000780
0.001756
0.005138
0.002732
0.002081
0.002601
0.006113
0.002341
0.001821
0.001106
0.003057
0.004488
0.007934
0.001821
0.001691
0.001496
0.003967
0.002536
0.005658
0.001366
0.002992
0.002081
0.007999
0.001236
0.005853
0.001301
0.002536
0.002016
0.006439
0.001756
0.003512
0.001561
0.003122
0.003642
0.006113
0.001366
0.003707
0.002146
0.004878
0.001106
0.007154
0.001106
0.001821
0.003317
0.002081
0.003447
0.001366
0.005528
0.002276
0.006374
0.000911
0.002471
0.003057
0.008520
0.002666
0.002927
0.001691
0.003317
0.000715
0.005788
0.000976
0.004162
0.000845
0.004422
0.002732
0.007219
0.003837
0.001951
0.001496
0.005203
0.001431
0.003317
0.004097
0.002732
0.000845
0.005528
0.009105
0.004943
0.000585
0.001106
0.002992
0.008520
0.003317
0.001431
0.006243
0.005788
0.000845
0.001366
0.007934
0.002862
0.000715
0.003642
0.008390
0.003577
0.001431
0.002406
0.005008
0.006959
0.001171
0.001431
0.002862
0.007349
0.001171
0.002276
0.008260
0.004357
0.000845
0.002341
