0.122138
0.000715
0.004357
0.006178
0.001561
0.002081
0.010081
0.005138
0.001236
0.001756
0.006829
0.003382
0.002016
0.000585
0.004488
0.010341
0.002797
0.001106
0.002666
0.007024
0.001951
0.000911
0.019706
0.006439
0.001431
0.002797
0.005398
0.002601
0.001301
0.001301
0.007999
0.012357
0.005008
0.000650
0.004097
0.003837
0.004227
0.001106
0.011251
0.002601
0.001756
0.002666
0.005463
0.002211
0.006569
0.000780
0.006504
0.001496
0.004683
0.000585
0.003577
0.002211
0.002341
0.002471
0.015023
0.002927
0.002797
0.002016
0.004162
0.000911
0.009040
0.002016
0.005853
0.002992
0.002797
0.000911
0.001691
0.007024
0.000845
0.007024
0.001431
0.013593
0.000911
0.003122
0.003317
0.002211
0.001106
0.002471
0.001301
0.009951
0.001496
0.001821
0.000976
0.005593
0.002211
0.007349
0.002406
0.005398
0.000715
0.003642
0.002862
0.002081
0.002406
0.002536
0.002211
0.011772
0.002992
0.001561
0.001561
0.002341
0.003057
0.007349
0.003187
0.003707
0.002276
0.002601
0.002211
0.001301
0.007674
0.001301
0.002797
0.002211
0.003577
0.001106
0.000976
0.003707
0.003967
0.015349
0.001821
0.002146
0.001561
0.004748
0.002536
0.001626
0.006634
0.002666
0.001886
0.001691
0.000650
0.000780
0.004422
0.009690
0.001041
0.002927
0.007024
0.003447
0.001041
0.000390
0.006243
0.004032
0.003382
0.000976
0.003382
0.009886
0.001561
0.001626
0.002992
0.006894
0.000911
0.001496
0.007674
0.003772
0.001366
0.001561
0.005788
0.003187
0.001821
0.001171
0.004683
0.008585
0.006504
0.001236
0.004748
0.002081
0.002471
0.001366
0.008130
0.001691
0.002211
0.001886
0.009235
0.002276
0.005008
0.001236
0.005593
0.002666
0.003317
0.000585
0.004683
0.001951
0.001951
0.003317
0.007609
0.001691
0.001886
0.000780
0.006569
0.002341
0.005528
0.001366
0.003577
0.003642
0.001496
0.001041
0.002732
0.007219
0.000976
0.003772
0.002471
0.003772
0.001821
0.006243
0.002601
0.002666
0.001236
0.001431
0.001171
0.006634
0.000650
0.001886
0.001301
0.004553
0.001106
0.004357
0.003317
0.002471
0.000585
0.002666
0.001691
0.004032
0.003057
0.001626
0.001496
0.009886
0.005658
0.002471
0.000976
0.001301
0.001366
0.004813
0.003122
0.001106
0.002081
0.003187
0.001301
0.001561
0.004813
0.000715
0.001041
0.004813
0.004292
0.000455
0.001366
0.002536
0.002341
0.003837
0.002666
0.002081
0.001951
0.004097
0.001821
0.002081
0.004357
0.002276
0.001366
0.002862
