0.119277
0.001561
0.001496
0.002471
0.002211
0.002666
0.003902
0.003252
0.001821
0.004488
0.003122
0.006113
0.001431
0.001821
0.001756
0.006504
0.001886
0.000520
0.000325
0.002797
0.002341
0.002797
0.005593
0.005853
0.001431
0.002797
0.002146
0.003512
0.002341
0.003317
0.003122
0.007869
0.003642
0.002406
0.001431
0.002666
0.005073
0.002797
0.004422
0.002146
0.004097
0.006569
0.004618
0.003642
0.005788
0.001561
0.001561
0.001431
0.001886
0.000845
0.001041
0.001821
0.004748
0.005918
0.009300
0.004357
0.002797
0.003187
0.002536
0.001756
0.009820
0.006634
0.003317
0.002862
0.002927
0.004227
0.001691
0.005008
0.001886
0.006959
0.002081
0.004683
0.002081
0.007739
0.004422
0.006829
0.001236
0.004422
0.001561
0.006178
0.000845
0.002276
0.000780
0.002471
0.004488
0.015349
0.003577
0.007024
0.001041
0.003512
0.002992
0.005073
0.002536
0.007479
0.004553
0.012552
0.002862
0.003577
0.000911
0.001626
0.002666
0.007414
0.001236
0.001821
0.004097
0.004878
0.003057
0.002536
0.004943
0.003317
0.001106
0.001626
0.002016
0.001496
0.000976
0.001821
0.006764
0.009755
0.002081
0.003057
0.001886
0.003317
0.003512
0.002146
0.009300
0.007934
0.001626
0.002016
0.000976
0.002471
0.002341
0.005788
0.001561
0.003122
0.003902
0.002406
0.001756
0.002601
0.003122
0.005918
0.001431
0.001236
0.000715
0.004422
0.001041
0.002276
0.000845
0.003967
0.001496
0.003447
0.003967
0.003772
0.001821
0.002341
0.003707
0.002406
0.001366
0.002016
0.000845
0.003707
0.006634
0.007609
0.002341
0.003122
0.003122
0.004748
0.002927
0.002471
0.004227
0.005138
0.006504
0.004292
0.002601
0.001691
0.000780
0.002016
0.002732
0.001431
0.000780
0.001496
0.004097
0.006048
0.006504
0.004227
0.003187
0.002276
0.002276
0.000845
0.004292
0.002992
0.001561
0.002601
0.003382
0.006243
0.004748
0.009365
0.001821
0.006048
0.003642
0.005008
0.003902
0.011056
0.003577
0.006178
0.001626
0.001626
0.001236
0.003187
0.000976
0.003447
0.001821
0.003902
0.002601
0.009820
0.005788
0.005138
0.001366
0.003512
0.001496
0.003252
0.002927
0.004618
0.002536
0.008195
0.005398
0.006894
0.001951
0.001431
0.001756
0.005073
0.003902
0.001951
0.004422
0.005528
0.001886
0.002406
0.004097
0.001951
0.001171
0.002146
0.003382
0.002081
0.001561
0.001691
0.003057
0.006048
0.003447
0.003187
0.002601
0.004032
0.001691
0.001886
0.004553
0.003317
0.001496
0.002536
