0.110172
0.000780
0.001561
0.004032
0.002471
0.002992
0.007674
0.002666
0.001431
0.002276
0.003902
0.002732
0.002341
0.002927
0.003252
0.008975
0.003252
0.001496
0.001496
0.005138
0.001431
0.001821
0.008585
0.002862
0.001236
0.002992
0.003967
0.001691
0.001236
0.002211
0.003642
0.006829
0.005203
0.002146
0.001106
0.002601
0.005333
0.001366
0.006699
0.001041
0.002471
0.004553
0.004162
0.001496
0.010406
0.002211
0.004683
0.001431
0.005333
0.001691
0.002276
0.001886
0.004488
0.003642
0.008845
0.001756
0.002666
0.002471
0.004748
0.001041
0.008455
0.002211
0.003057
0.002211
0.003187
0.003252
0.001041
0.004032
0.002016
0.010926
0.000520
0.004618
0.002211
0.007154
0.003577
0.002471
0.001756
0.006374
0.001041
0.007154
0.002146
0.003122
0.000585
0.004488
0.003447
0.010016
0.003057
0.002992
0.001561
0.005528
0.000650
0.002081
0.002601
0.004618
0.002341
0.007999
0.005983
0.003512
0.000780
0.002146
0.005528
0.011316
0.001496
0.001626
0.003252
0.007154
0.001431
0.001041
0.011316
0.004813
0.001561
0.002276
0.006113
0.002992
0.001301
0.003317
0.006829
0.010406
0.001301
0.001626
0.002601
0.006178
0.002732
0.001041
0.010146
0.007609
0.001236
0.001821
0.001366
0.001691
0.002927
0.005008
0.001496
0.004292
0.005723
0.001886
0.001886
0.001301
0.003707
0.002732
0.002927
0.001756
0.001171
0.005463
0.002276
0.001951
0.002016
0.007414
0.001626
0.002601
0.004748
0.002406
0.001691
0.002341
0.005138
0.001561
0.001756
0.001496
0.001821
0.004748
0.006113
0.003057
0.002732
0.001691
0.003707
0.002862
0.005463
0.001561
0.002927
0.002536
0.008065
0.001106
0.007089
0.001561
0.002471
0.001561
0.005983
0.001496
0.003902
0.000715
0.003967
0.004032
0.006178
0.002016
0.003447
0.001366
0.004292
0.000911
0.007349
0.001756
0.001171
0.002992
0.001756
0.004032
0.001301
0.005398
0.001951
0.007544
0.001171
0.002211
0.003317
0.008390
0.002016
0.003122
0.002016
0.004683
0.000976
0.004748
0.000976
0.005333
0.000845
0.004032
0.002081
0.007674
0.003577
0.002406
0.001366
0.005593
0.001301
0.002797
0.003252
0.002732
0.000911
0.006178
0.008390
0.005918
0.000715
0.001301
0.003447
0.009560
0.002732
0.001236
0.003902
0.006309
0.000520
0.001431
0.007284
0.004032
0.000845
0.003642
0.007219
0.002862
0.001431
0.002471
0.005593
0.008065
0.001886
0.001821
0.003447
0.008780
0.001496
0.002081
0.007024
0.004422
0.000650
0.002016
