0.124220
0.000845
0.003642
0.006829
0.002536
0.002797
0.010081
0.003187
0.001561
0.001691
0.005918
0.003707
0.002016
0.002016
0.004032
0.010276
0.003577
0.001106
0.003447
0.005138
0.001821
0.001561
0.009105
0.006699
0.001886
0.003772
0.006829
0.001496
0.001041
0.002016
0.004813
0.009365
0.003252
0.001301
0.003057
0.004097
0.005528
0.001756
0.013007
0.001301
0.000976
0.002927
0.008910
0.001691
0.006959
0.001561
0.006764
0.001496
0.004357
0.000845
0.003512
0.001626
0.002992
0.002276
0.012422
0.003382
0.002666
0.002536
0.004878
0.001041
0.007154
0.001886
0.002732
0.002601
0.002276
0.001106
0.001951
0.006439
0.001431
0.010926
0.001496
0.004488
0.001171
0.004553
0.004813
0.001691
0.001431
0.004162
0.002081
0.007804
0.001366
0.002666
0.001561
0.003577
0.001626
0.009755
0.002927
0.002797
0.001041
0.003512
0.001561
0.001366
0.001431
0.003187
0.003057
0.009170
0.002016
0.001626
0.001496
0.001886
0.004032
0.009886
0.002601
0.001366
0.001821
0.002797
0.002992
0.001041
0.008910
0.002666
0.003512
0.002211
0.004943
0.001821
0.002536
0.003512
0.004097
0.007154
0.001041
0.001236
0.002016
0.005463
0.003967
0.001496
0.004553
0.004032
0.001561
0.001236
0.001236
0.001431
0.004357
0.007674
0.002211
0.004227
0.007999
0.002341
0.001301
0.001041
0.007804
0.004813
0.003707
0.001236
0.003187
0.007154
0.002081
0.001691
0.003252
0.005203
0.001041
0.002601
0.008195
0.004227
0.002732
0.003122
0.008715
0.002081
0.002146
0.000911
0.004488
0.008260
0.003902
0.001626
0.002666
0.002276
0.002797
0.002211
0.007154
0.001366
0.002666
0.001756
0.010016
0.002471
0.004553
0.001691
0.004097
0.001691
0.003382
0.000715
0.004357
0.001626
0.002601
0.003902
0.009235
0.001561
0.004422
0.001236
0.004943
0.001431
0.003382
0.001301
0.002211
0.004943
0.001886
0.001886
0.002927
0.006309
0.001106
0.007609
0.002601
0.002406
0.001431
0.009170
0.002471
0.001756
0.002016
0.002601
0.001431
0.006374
0.001106
0.002536
0.001886
0.003577
0.001171
0.005918
0.005073
0.002471
0.001236
0.004813
0.001366
0.002601
0.002341
0.001886
0.002536
0.006699
0.004618
0.001431
0.001041
0.001106
0.002992
0.006764
0.004292
0.001236
0.002536
0.003902
0.001691
0.001171
0.005658
0.001301
0.002471
0.003512
0.005658
0.001431
0.002406
0.002471
0.002536
0.003382
0.002536
0.002146
0.003057
0.007024
0.002536
0.001366
0.003447
0.002081
0.001431
0.002471
