0.118301
0.001756
0.002862
0.005853
0.001821
0.003187
0.011056
0.004227
0.001171
0.002471
0.004097
0.002927
0.001236
0.003577
0.004813
0.009625
0.002536
0.001821
0.002146
0.009365
0.001236
0.002146
0.006634
0.008520
0.001691
0.004357
0.005138
0.004162
0.001626
0.002471
0.003447
0.008780
0.002341
0.001691
0.001886
0.004292
0.002927
0.002146
0.009365
0.002536
0.001041
0.004097
0.005268
0.002666
0.004357
0.001431
0.005658
0.001366
0.002927
0.001431
0.002406
0.002992
0.001561
0.003252
0.008130
0.003252
0.001236
0.001886
0.005203
0.001756
0.006569
0.002016
0.003317
0.002406
0.001821
0.001431
0.001106
0.008260
0.001106
0.007479
0.001951
0.007024
0.000976
0.004618
0.003317
0.003967
0.001561
0.005333
0.002146
0.009690
0.001431
0.003252
0.000976
0.005398
0.001626
0.007739
0.001951
0.006374
0.000390
0.004943
0.002016
0.005788
0.002016
0.002797
0.001886
0.009365
0.002146
0.002211
0.001106
0.003122
0.001496
0.007284
0.003187
0.004032
0.001756
0.003837
0.001431
0.002341
0.006048
0.003122
0.002406
0.003447
0.002927
0.002146
0.002081
0.003902
0.002146
0.007609
0.001496
0.003577
0.001366
0.005788
0.003187
0.002732
0.006569
0.004943
0.002081
0.002732
0.001041
0.001691
0.002211
0.008390
0.001756
0.004357
0.006374
0.004227
0.001106
0.001561
0.003837
0.005333
0.003382
0.002341
0.002081
0.008715
0.001561
0.002341
0.003447
0.011446
0.000976
0.002862
0.006634
0.004683
0.001431
0.003317
0.007674
0.004943
0.001301
0.002016
0.002536
0.006829
0.004162
0.002081
0.002081
0.002341
0.001886
0.002081
0.006243
0.002406
0.001561
0.001366
0.008260
0.003187
0.003252
0.001431
0.003772
0.003122
0.002341
0.001301
0.004097
0.001626
0.001236
0.003772
0.006243
0.001691
0.002081
0.001236
0.006243
0.002276
0.003642
0.000976
0.002471
0.003707
0.001496
0.002211
0.001496
0.010081
0.000715
0.004488
0.002081
0.004488
0.001106
0.009105
0.001431
0.003512
0.001106
0.002927
0.001756
0.006634
0.000650
0.003967
0.001951
0.007609
0.001106
0.006048
0.003902
0.004618
0.000845
0.006243
0.001951
0.005398
0.002666
0.002797
0.001171
0.007869
0.003577
0.002081
0.001171
0.001821
0.001366
0.006569
0.003772
0.003707
0.001561
0.004292
0.001496
0.002406
0.003642
0.002406
0.002081
0.004097
0.004162
0.002992
0.002211
0.002536
0.001366
0.004097
0.002406
0.003447
0.001886
0.007804
0.002601
0.004878
0.003707
0.002927
0.001171
0.003317
