0.104188
0.002016
0.003382
0.002732
0.002341
0.002146
0.009690
0.003902
0.002732
0.002146
0.003967
0.002406
0.002601
0.001821
0.004162
0.009560
0.003902
0.003967
0.002536
0.004097
0.002927
0.001301
0.006894
0.004032
0.004683
0.003707
0.005593
0.002471
0.002992
0.001431
0.004357
0.007739
0.003837
0.002797
0.003252
0.004422
0.003252
0.002666
0.006374
0.002732
0.002732
0.002601
0.004943
0.003577
0.006113
0.001626
0.004553
0.002666
0.003057
0.001951
0.003577
0.002992
0.004097
0.001106
0.010341
0.003187
0.003317
0.002341
0.003187
0.002797
0.009755
0.001951
0.005268
0.002536
0.003577
0.001561
0.004748
0.004097
0.002016
0.005073
0.003122
0.003837
0.003382
0.003187
0.004357
0.001106
0.002536
0.002341
0.003122
0.007349
0.002536
0.001561
0.002601
0.002406
0.003382
0.006959
0.003447
0.002211
0.002406
0.001366
0.003642
0.002471
0.002732
0.002081
0.003642
0.008195
0.002927
0.001431
0.003122
0.003187
0.004813
0.007674
0.003187
0.003057
0.003057
0.001041
0.003122
0.001431
0.008455
0.002211
0.003122
0.003187
0.004553
0.001821
0.004683
0.004162
0.004162
0.004618
0.003252
0.002406
0.002666
0.004357
0.005203
0.003837
0.005983
0.001756
0.004227
0.002536
0.001366
0.001301
0.003577
0.003902
0.002016
0.003317
0.008520
0.003187
0.002341
0.001171
0.002536
0.002276
0.003772
0.001041
0.004683
0.008260
0.003512
0.004488
0.002732
0.005593
0.003707
0.003512
0.005333
0.002471
0.004943
0.001626
0.005723
0.002992
0.004227
0.001951
0.004162
0.004032
0.005008
0.002797
0.002471
0.003577
0.003122
0.002536
0.005788
0.003122
0.003317
0.001951
0.006829
0.004488
0.004292
0.002016
0.002732
0.005268
0.002927
0.001366
0.002927
0.001561
0.003122
0.002536
0.007089
0.002471
0.002406
0.001366
0.003187
0.001951
0.008390
0.001821
0.003707
0.003772
0.003577
0.001171
0.005788
0.005073
0.002992
0.003772
0.005268
0.002276
0.005008
0.004813
0.003967
0.001236
0.004032
0.001626
0.004292
0.003577
0.001821
0.001691
0.002211
0.002211
0.002601
0.005268
0.004162
0.001691
0.002471
0.001626
0.002666
0.002016
0.003382
0.001561
0.003317
0.006894
0.003317
0.001431
0.002992
0.001041
0.003967
0.005853
0.003187
0.002016
0.003772
0.001236
0.001951
0.001366
0.007349
0.002146
0.003512
0.003512
0.004878
0.002016
0.004748
0.002797
0.003707
0.002862
0.004943
0.002732
0.002471
0.005268
0.003642
0.004097
0.004813
0.000911
0.003902
0.005008
