0.146787
0.001821
0.002927
0.005203
0.002146
0.002797
0.007804
0.003902
0.002536
0.002081
0.003447
0.004097
0.002732
0.002016
0.003187
0.008780
0.002927
0.001561
0.001951
0.006699
0.002146
0.001821
0.007154
0.005073
0.002341
0.003902
0.005333
0.002666
0.002016
0.001691
0.003382
0.009170
0.004162
0.001431
0.003707
0.003512
0.002992
0.001626
0.004943
0.002601
0.001756
0.003057
0.006048
0.002732
0.003967
0.001041
0.003512
0.002992
0.002601
0.001431
0.002406
0.003447
0.007219
0.003122
0.008845
0.003707
0.003317
0.003187
0.004097
0.001951
0.007089
0.002862
0.003317
0.002927
0.003187
0.001236
0.002341
0.005918
0.001951
0.004227
0.002016
0.004032
0.001756
0.004357
0.004032
0.003382
0.000845
0.002666
0.001756
0.007284
0.001626
0.001301
0.002406
0.005398
0.003122
0.007544
0.004097
0.004162
0.001756
0.003317
0.003057
0.002276
0.002211
0.001431
0.004357
0.009495
0.002862
0.001496
0.002146
0.003317
0.002927
0.007219
0.003837
0.003252
0.002927
0.003122
0.003447
0.001886
0.006829
0.002016
0.003447
0.002992
0.003187
0.001561
0.002341
0.003057
0.002536
0.004813
0.002992
0.003187
0.003837
0.005268
0.004032
0.001626
0.004683
0.002601
0.002666
0.002276
0.001366
0.001626
0.003382
0.005593
0.002341
0.004748
0.005463
0.002341
0.001496
0.002016
0.004357
0.003382
0.003187
0.002276
0.002341
0.007219
0.002146
0.001951
0.002862
0.008780
0.002211
0.002601
0.005268
0.004097
0.002016
0.001691
0.006634
0.003252
0.002211
0.001366
0.003317
0.006634
0.005853
0.002211
0.002016
0.002536
0.003187
0.002536
0.005398
0.002601
0.001756
0.001886
0.009235
0.003772
0.002927
0.001236
0.003187
0.004032
0.002341
0.000976
0.002992
0.002081
0.001821
0.003837
0.006439
0.002276
0.002862
0.002016
0.003707
0.002016
0.003967
0.001431
0.002927
0.003967
0.001496
0.001041
0.003642
0.007024
0.002146
0.003707
0.002927
0.003642
0.002797
0.008585
0.003447
0.002862
0.002862
0.001431
0.002732
0.006504
0.000911
0.001886
0.001756
0.003707
0.002211
0.004097
0.005203
0.002471
0.001626
0.002276
0.001626
0.003577
0.003382
0.000650
0.003317
0.006504
0.006243
0.002341
0.002797
0.002081
0.001951
0.005268
0.004813
0.002146
0.002666
0.004032
0.002341
0.001431
0.004748
0.000976
0.002341
0.003902
0.006113
0.002276
0.002732
0.001886
0.002927
0.003057
0.003382
0.002146
0.002666
0.007414
0.002601
0.002471
0.003512
0.001496
0.002211
0.004162
