0.113619
0.001171
0.003902
0.006764
0.001821
0.002536
0.009820
0.006048
0.001626
0.002406
0.007089
0.003902
0.001886
0.001821
0.003122
0.009430
0.002471
0.001431
0.001951
0.007544
0.001236
0.001561
0.012227
0.009040
0.001171
0.002666
0.004683
0.003447
0.001626
0.002081
0.005853
0.010016
0.003577
0.001756
0.003577
0.003642
0.002276
0.001821
0.010861
0.001756
0.001756
0.002992
0.007349
0.001691
0.005658
0.001626
0.003967
0.002016
0.002406
0.001301
0.002016
0.002276
0.002471
0.004162
0.009625
0.002471
0.002211
0.002732
0.004488
0.001301
0.007739
0.002732
0.005203
0.003187
0.003057
0.002081
0.001886
0.008260
0.001561
0.007934
0.001626
0.007804
0.001886
0.005723
0.004748
0.003447
0.001171
0.003122
0.001171
0.007804
0.001301
0.001626
0.000845
0.005203
0.002992
0.009430
0.002927
0.005788
0.000976
0.003187
0.001626
0.003967
0.003512
0.003187
0.002146
0.010601
0.002666
0.002797
0.001171
0.002016
0.003057
0.008650
0.001236
0.003577
0.002862
0.003837
0.001301
0.002016
0.008130
0.002211
0.002797
0.001691
0.003382
0.002016
0.001041
0.003317
0.004292
0.006504
0.000780
0.002732
0.002276
0.005463
0.002406
0.002341
0.005983
0.003902
0.001041
0.001756
0.001366
0.001496
0.004422
0.008975
0.001106
0.002601
0.007414
0.005138
0.001236
0.001366
0.007609
0.007024
0.002081
0.001496
0.001561
0.006959
0.001431
0.002536
0.002406
0.007934
0.001626
0.001821
0.009105
0.005203
0.001366
0.002211
0.006439
0.004097
0.001951
0.002276
0.003967
0.007284
0.006374
0.001886
0.003512
0.002081
0.002016
0.001756
0.005593
0.001301
0.002732
0.001821
0.009495
0.002862
0.003967
0.001691
0.002146
0.002341
0.002406
0.000455
0.003837
0.001496
0.002341
0.004227
0.007154
0.002081
0.002146
0.001171
0.003577
0.001821
0.004032
0.003057
0.002341
0.003057
0.002406
0.002146
0.001431
0.008780
0.002016
0.004748
0.002146
0.005008
0.002211
0.008130
0.002146
0.005138
0.001301
0.002601
0.000650
0.007284
0.001301
0.003187
0.001366
0.005333
0.001821
0.005918
0.004878
0.003707
0.001756
0.002992
0.001041
0.005658
0.003122
0.002536
0.001496
0.007934
0.005723
0.002862
0.001431
0.001106
0.002406
0.005658
0.002536
0.002081
0.002536
0.005138
0.000976
0.002341
0.004162
0.001496
0.000845
0.003642
0.005528
0.001886
0.001041
0.001431
0.002406
0.003967
0.001496
0.002146
0.002927
0.006048
0.000585
0.002536
0.003967
0.002081
0.000976
0.003122
