0.125195
0.001561
0.003642
0.004943
0.002471
0.002536
0.011056
0.002666
0.002927
0.001886
0.002992
0.003187
0.002341
0.001756
0.002797
0.010536
0.004032
0.001431
0.002016
0.005333
0.002276
0.001431
0.028486
0.007024
0.002081
0.002927
0.006113
0.002211
0.001821
0.001756
0.004553
0.009495
0.004357
0.002211
0.002211
0.005658
0.003512
0.001171
0.008260
0.002601
0.001301
0.003967
0.005398
0.002992
0.006048
0.001691
0.003642
0.001951
0.002797
0.001756
0.002211
0.002992
0.002666
0.001821
0.012812
0.003057
0.002081
0.002601
0.004032
0.002341
0.008325
0.002341
0.002797
0.003447
0.003837
0.001756
0.002601
0.006439
0.001691
0.005008
0.002146
0.003642
0.002276
0.004162
0.004097
0.002536
0.001431
0.002601
0.001756
0.004943
0.002536
0.002146
0.002016
0.003837
0.002601
0.009040
0.002341
0.003057
0.001626
0.002406
0.002732
0.002927
0.001626
0.002211
0.002341
0.011576
0.002341
0.001626
0.002146
0.003122
0.005723
0.009300
0.002471
0.003057
0.001626
0.002797
0.002666
0.002146
0.009170
0.001626
0.002406
0.003187
0.005008
0.001366
0.002276
0.003057
0.002666
0.004422
0.002211
0.002471
0.001886
0.004683
0.003967
0.002276
0.005138
0.002341
0.001626
0.002146
0.001236
0.001301
0.003187
0.008650
0.002276
0.003187
0.008325
0.002276
0.002081
0.001496
0.003837
0.003512
0.004032
0.001626
0.001821
0.007804
0.002601
0.001886
0.002471
0.007609
0.001951
0.003122
0.007349
0.003707
0.002601
0.002341
0.007089
0.001886
0.003122
0.002081
0.002601
0.007154
0.005658
0.003057
0.001821
0.002992
0.001821
0.002341
0.005333
0.003317
0.001366
0.001756
0.008195
0.003382
0.003187
0.002146
0.002406
0.003187
0.002992
0.001366
0.003837
0.001821
0.001561
0.003772
0.007024
0.002797
0.002276
0.001691
0.004422
0.002536
0.006764
0.002666
0.002276
0.005593
0.002081
0.001756
0.002406
0.007934
0.001496
0.002471
0.003642
0.003252
0.001691
0.007609
0.001886
0.002276
0.003187
0.001626
0.002341
0.003772
0.001561
0.001561
0.001691
0.003187
0.002081
0.005333
0.003902
0.002536
0.001496
0.003317
0.001236
0.002276
0.003317
0.002081
0.002341
0.008585
0.004422
0.001691
0.001626
0.001886
0.002797
0.006309
0.004553
0.002471
0.002081
0.002146
0.001366
0.001886
0.006569
0.001301
0.002276
0.004032
0.006439
0.001366
0.002276
0.002146
0.001691
0.003317
0.003707
0.002601
0.001626
0.005528
0.002211
0.002992
0.003252
0.001236
0.001496
0.003772
