0.110237
0.000390
0.003512
0.006569
0.002016
0.001821
0.009951
0.004618
0.000780
0.001561
0.007869
0.003122
0.002146
0.001431
0.005593
0.012357
0.002927
0.000845
0.002797
0.006113
0.002016
0.001366
0.010926
0.008780
0.001886
0.002666
0.007154
0.002992
0.001626
0.001756
0.006374
0.009820
0.004748
0.000780
0.003252
0.002927
0.004227
0.000911
0.010926
0.002081
0.002406
0.003707
0.006764
0.001821
0.007154
0.000976
0.007219
0.001496
0.003772
0.000585
0.003512
0.001756
0.003317
0.003057
0.011056
0.003122
0.002406
0.001301
0.004618
0.001171
0.007934
0.001561
0.004618
0.003252
0.002797
0.001691
0.002146
0.004878
0.001106
0.007284
0.001756
0.006764
0.000911
0.004553
0.004292
0.002081
0.001561
0.003837
0.002341
0.010341
0.001496
0.002406
0.001496
0.005723
0.002016
0.009886
0.002471
0.004097
0.000845
0.003837
0.001886
0.003122
0.002211
0.003252
0.003252
0.009235
0.003902
0.001366
0.000780
0.001561
0.001886
0.007739
0.002536
0.002406
0.002536
0.004227
0.001496
0.001106
0.009040
0.002797
0.002732
0.002081
0.005398
0.001821
0.001626
0.003187
0.003772
0.007089
0.001301
0.001496
0.001041
0.003772
0.003252
0.001041
0.005463
0.004943
0.002276
0.001041
0.000650
0.000780
0.006243
0.007869
0.001886
0.002992
0.009170
0.002146
0.001431
0.000650
0.008845
0.004162
0.002992
0.000650
0.004162
0.008195
0.002016
0.001496
0.003642
0.008650
0.001236
0.001756
0.007804
0.005723
0.002016
0.001756
0.007414
0.003057
0.002341
0.000715
0.004032
0.007739
0.005593
0.001171
0.003772
0.002341
0.002601
0.001301
0.008715
0.001756
0.002797
0.002862
0.009105
0.002862
0.005008
0.000650
0.003772
0.001821
0.004748
0.001431
0.004032
0.001756
0.002081
0.004292
0.008130
0.001951
0.003447
0.000911
0.005268
0.001496
0.005528
0.000715
0.002666
0.003252
0.001691
0.003382
0.003512
0.006959
0.001431
0.005008
0.002406
0.003837
0.001951
0.007219
0.002927
0.002732
0.001366
0.002471
0.001106
0.006504
0.001236
0.003967
0.001821
0.005983
0.001496
0.006439
0.004097
0.002732
0.001106
0.003512
0.001236
0.003122
0.003187
0.001431
0.001691
0.006439
0.004292
0.002732
0.001301
0.001041
0.001431
0.005658
0.004357
0.001561
0.002732
0.002471
0.001496
0.001236
0.005918
0.001626
0.001951
0.003382
0.006569
0.001951
0.002406
0.001821
0.003187
0.005528
0.001821
0.001886
0.001496
0.005723
0.002081
0.001561
0.005008
0.001561
0.001886
0.001561
