0.120057
0.000845
0.004032
0.005008
0.002732
0.002276
0.008195
0.005398
0.001626
0.001431
0.004813
0.002146
0.002341
0.002341
0.003577
0.011381
0.003642
0.002211
0.002471
0.004878
0.001691
0.001106
0.011251
0.005593
0.000911
0.003122
0.003837
0.002081
0.001951
0.001496
0.007154
0.007414
0.004748
0.000715
0.003057
0.003707
0.002341
0.000845
0.007479
0.001821
0.001951
0.002862
0.005398
0.002146
0.007089
0.001886
0.004422
0.001691
0.003252
0.001236
0.002341
0.002666
0.003707
0.002601
0.012032
0.004618
0.002471
0.001301
0.004422
0.001626
0.010081
0.002471
0.005008
0.003057
0.003447
0.002081
0.002341
0.005788
0.001756
0.008260
0.001171
0.007739
0.001366
0.004488
0.003187
0.002211
0.001561
0.004227
0.001756
0.008845
0.001431
0.002146
0.001561
0.003707
0.002927
0.009040
0.003187
0.004618
0.001171
0.002992
0.002081
0.003057
0.002862
0.003577
0.002927
0.011511
0.004032
0.002146
0.001366
0.002341
0.002016
0.009690
0.002016
0.003252
0.002732
0.003382
0.002016
0.001301
0.008780
0.003447
0.002471
0.003252
0.004488
0.001821
0.001691
0.004162
0.005138
0.006894
0.001756
0.002927
0.001431
0.003837
0.003122
0.002081
0.006959
0.003317
0.002471
0.002211
0.001886
0.001171
0.004748
0.006634
0.001756
0.003577
0.006959
0.003122
0.002081
0.000585
0.004813
0.003707
0.004878
0.001626
0.002536
0.007869
0.002601
0.003447
0.002081
0.006569
0.001431
0.002146
0.007349
0.004357
0.002601
0.002992
0.004943
0.002081
0.002797
0.001756
0.003447
0.005593
0.005918
0.002276
0.002732
0.002862
0.002081
0.001821
0.004553
0.002146
0.002927
0.002081
0.007219
0.004227
0.004943
0.001561
0.002536
0.002992
0.002341
0.001106
0.003057
0.000976
0.002276
0.002927
0.006894
0.002992
0.002276
0.001626
0.003772
0.001496
0.006309
0.001691
0.003902
0.004553
0.002666
0.001561
0.003577
0.006439
0.001236
0.005463
0.002276
0.003512
0.002732
0.005983
0.003187
0.003642
0.003642
0.001886
0.002341
0.005138
0.001301
0.002666
0.002081
0.002992
0.001626
0.005918
0.004097
0.002406
0.001821
0.003122
0.001301
0.003382
0.004227
0.001886
0.002471
0.007999
0.005723
0.002601
0.001886
0.002016
0.001431
0.005788
0.004488
0.002862
0.002406
0.002276
0.001886
0.002471
0.006439
0.002081
0.001626
0.004227
0.004357
0.001496
0.001886
0.003512
0.001886
0.004813
0.002666
0.001691
0.002081
0.004422
0.001886
0.003512
0.006309
0.002341
0.001886
0.003642
