0.121293
0.001171
0.004943
0.004748
0.003382
0.002927
0.009820
0.004748
0.001626
0.002601
0.006178
0.004813
0.002276
0.003187
0.004032
0.009495
0.002992
0.001561
0.003187
0.005658
0.001756
0.001041
0.008780
0.006894
0.001496
0.002797
0.006504
0.002471
0.001366
0.001821
0.006569
0.007479
0.002992
0.001496
0.003382
0.004032
0.002732
0.001431
0.008130
0.002081
0.002081
0.002992
0.006243
0.002797
0.005073
0.001691
0.005463
0.001886
0.003252
0.001301
0.003057
0.001821
0.003707
0.001756
0.011837
0.004162
0.001951
0.001431
0.005203
0.002146
0.007284
0.002666
0.004357
0.003317
0.002732
0.001366
0.002536
0.004943
0.001431
0.005788
0.002927
0.005203
0.002016
0.003252
0.004292
0.002862
0.001366
0.003707
0.002601
0.006634
0.001756
0.002276
0.002797
0.003252
0.002471
0.009105
0.003187
0.004227
0.001561
0.003187
0.003317
0.003642
0.001951
0.002146
0.003447
0.008065
0.002927
0.002211
0.001691
0.001951
0.002471
0.007479
0.002081
0.003902
0.001886
0.002797
0.003577
0.001821
0.007804
0.002862
0.004162
0.002211
0.003317
0.001691
0.002797
0.003317
0.003122
0.005203
0.002016
0.002471
0.001106
0.004553
0.003902
0.001821
0.004943
0.003122
0.002211
0.001951
0.001496
0.001366
0.005203
0.007934
0.002536
0.003252
0.006569
0.002406
0.001301
0.001691
0.006959
0.005008
0.004292
0.002211
0.003252
0.006764
0.002276
0.003187
0.003902
0.007934
0.001496
0.002406
0.006504
0.004422
0.003512
0.002927
0.008065
0.003057
0.001756
0.001431
0.004683
0.005398
0.004748
0.002666
0.003707
0.003512
0.001691
0.003382
0.005528
0.002016
0.001561
0.002146
0.010601
0.004032
0.003512
0.001691
0.003122
0.002732
0.002666
0.001236
0.002732
0.001691
0.002732
0.003252
0.008715
0.002732
0.003252
0.001626
0.005203
0.002471
0.004227
0.001951
0.003382
0.003837
0.001756
0.002341
0.002862
0.006634
0.001301
0.003772
0.003057
0.002146
0.002536
0.007609
0.003642
0.003447
0.002016
0.001301
0.002732
0.003447
0.000911
0.003122
0.002406
0.003707
0.001886
0.005398
0.005398
0.003122
0.002016
0.002601
0.001691
0.003122
0.003122
0.001496
0.002862
0.006699
0.003967
0.002276
0.002927
0.001366
0.001626
0.005268
0.004422
0.002406
0.001821
0.002992
0.001821
0.001691
0.004357
0.001626
0.003577
0.003642
0.005788
0.001756
0.003642
0.002406
0.002276
0.003122
0.002927
0.001821
0.002211
0.006374
0.002992
0.002471
0.002732
0.001951
0.002211
0.003057
