0.123829
0.001041
0.003772
0.005203
0.003187
0.003057
0.010666
0.004422
0.001691
0.002146
0.003577
0.004553
0.002601
0.002471
0.002992
0.011186
0.002992
0.001691
0.002992
0.005268
0.001691
0.001301
0.009951
0.007479
0.002276
0.003122
0.004813
0.003382
0.001366
0.001236
0.004292
0.010341
0.003382
0.001691
0.002601
0.004878
0.004227
0.001626
0.009170
0.002732
0.001626
0.002862
0.005268
0.002666
0.007089
0.001301
0.005203
0.001626
0.004618
0.001236
0.003837
0.002276
0.004162
0.002471
0.011837
0.003187
0.003252
0.002211
0.004553
0.002276
0.009105
0.002211
0.003187
0.003837
0.003187
0.001626
0.002146
0.007349
0.001041
0.007089
0.002601
0.005593
0.001236
0.004162
0.003707
0.002146
0.000976
0.003577
0.001691
0.006048
0.002406
0.002406
0.001041
0.003057
0.002471
0.009170
0.003122
0.005528
0.001561
0.003187
0.001691
0.002471
0.001626
0.002406
0.002536
0.011902
0.002797
0.001821
0.001301
0.002276
0.002341
0.010666
0.002211
0.003122
0.001496
0.002732
0.002211
0.001886
0.008975
0.001951
0.004227
0.002732
0.003902
0.001691
0.001496
0.003187
0.003122
0.004748
0.001951
0.002211
0.002146
0.004162
0.003967
0.001951
0.006439
0.002927
0.001691
0.002146
0.001236
0.000911
0.003252
0.008390
0.001561
0.003382
0.007089
0.003447
0.001301
0.001171
0.004618
0.004748
0.004162
0.001821
0.001691
0.008390
0.002732
0.002536
0.002536
0.006243
0.001561
0.002471
0.007544
0.005203
0.002992
0.002732
0.006113
0.003642
0.002536
0.001756
0.003772
0.007089
0.004097
0.002341
0.003187
0.002927
0.002666
0.001951
0.006634
0.002471
0.001691
0.002341
0.008195
0.003512
0.004553
0.001691
0.002536
0.002862
0.003317
0.001366
0.003382
0.001496
0.001691
0.003382
0.007739
0.002601
0.003967
0.001626
0.004227
0.001561
0.006439
0.001626
0.002016
0.005138
0.001951
0.002016
0.002146
0.007414
0.001756
0.004227
0.002276
0.003837
0.001951
0.007284
0.002276
0.003382
0.002927
0.001821
0.002341
0.004162
0.001106
0.002341
0.001366
0.002992
0.001366
0.005528
0.004032
0.003772
0.001496
0.004227
0.000976
0.002406
0.003447
0.002146
0.002081
0.008650
0.004162
0.002146
0.000976
0.001171
0.002666
0.005788
0.004032
0.001821
0.002862
0.002471
0.001496
0.001951
0.006374
0.002341
0.001821
0.003512
0.005528
0.002146
0.002081
0.001691
0.002341
0.003707
0.003057
0.003057
0.002406
0.005528
0.001951
0.003382
0.004032
0.002601
0.000845
0.002471
