0.121813
0.001106
0.004813
0.006634
0.002862
0.002406
0.009755
0.003707
0.001561
0.002016
0.004553
0.003837
0.002536
0.003122
0.003707
0.011056
0.003772
0.001756
0.003447
0.005658
0.001821
0.001496
0.006959
0.006569
0.002016
0.003512
0.005463
0.003187
0.000911
0.001951
0.004943
0.008325
0.003902
0.001886
0.002992
0.004748
0.002862
0.001236
0.006699
0.002341
0.002211
0.002471
0.005138
0.003187
0.005983
0.001171
0.004553
0.002341
0.002406
0.001366
0.003252
0.003057
0.002211
0.002276
0.008260
0.003512
0.002016
0.001106
0.002536
0.002732
0.007089
0.003057
0.005398
0.003317
0.002471
0.002016
0.002471
0.006309
0.001951
0.005723
0.001886
0.005853
0.001171
0.003447
0.004162
0.003187
0.001366
0.003187
0.002666
0.006634
0.001496
0.002146
0.001951
0.003837
0.002992
0.007219
0.004097
0.004488
0.001951
0.002732
0.003382
0.003577
0.001821
0.003187
0.003837
0.009560
0.002797
0.002406
0.001951
0.003187
0.002862
0.008325
0.001821
0.003772
0.001691
0.002601
0.002341
0.002016
0.008195
0.002341
0.003382
0.002992
0.004488
0.001301
0.001756
0.004097
0.003577
0.005658
0.001561
0.002732
0.001951
0.003382
0.002666
0.002927
0.005723
0.003317
0.002536
0.002601
0.001496
0.001756
0.004422
0.009951
0.002016
0.003642
0.007024
0.002081
0.001366
0.001366
0.006634
0.005983
0.003252
0.002666
0.002601
0.006699
0.002862
0.003187
0.002797
0.008195
0.002276
0.002732
0.005723
0.004943
0.003967
0.002341
0.007284
0.003122
0.002146
0.002211
0.004553
0.005528
0.004813
0.002341
0.003187
0.003122
0.002211
0.001561
0.003967
0.003447
0.002797
0.002146
0.008585
0.003837
0.002992
0.001756
0.003187
0.003902
0.002601
0.001886
0.003057
0.002146
0.001821
0.003057
0.007219
0.003967
0.003122
0.001106
0.003772
0.001951
0.005073
0.002016
0.002927
0.005008
0.002276
0.001886
0.003837
0.007544
0.001821
0.003642
0.002927
0.003252
0.002341
0.006243
0.002992
0.004032
0.002341
0.002146
0.002341
0.005723
0.001756
0.002341
0.002276
0.004683
0.001951
0.004357
0.003902
0.003447
0.001496
0.002927
0.001496
0.003447
0.003382
0.002601
0.002666
0.007414
0.005268
0.002146
0.001821
0.001821
0.001366
0.003642
0.003642
0.003382
0.002927
0.001886
0.001821
0.002666
0.004553
0.001561
0.001821
0.003837
0.005853
0.001886
0.002341
0.002146
0.002016
0.002601
0.003382
0.002732
0.001561
0.006699
0.002471
0.004292
0.003382
0.002666
0.001756
0.002862
