0.117456
0.000780
0.004618
0.005918
0.002016
0.002471
0.013007
0.004097
0.000780
0.002016
0.006569
0.002862
0.001821
0.002211
0.002666
0.011902
0.003837
0.001691
0.002536
0.005333
0.001431
0.001496
0.015153
0.007024
0.001561
0.003512
0.006894
0.002601
0.001366
0.001561
0.005333
0.009495
0.004162
0.000976
0.002211
0.003837
0.005463
0.000976
0.009886
0.002081
0.002081
0.002992
0.006699
0.001496
0.012292
0.001691
0.004748
0.001691
0.003382
0.001171
0.002406
0.001886
0.002797
0.001886
0.014503
0.003707
0.002666
0.001366
0.003902
0.001301
0.009820
0.002666
0.004227
0.002732
0.003707
0.001366
0.001496
0.004813
0.001821
0.006504
0.001041
0.004357
0.001301
0.003382
0.003837
0.001756
0.001366
0.003447
0.001106
0.011642
0.000780
0.003577
0.001106
0.004162
0.001691
0.008715
0.003447
0.004553
0.000845
0.003902
0.001821
0.002146
0.002862
0.002601
0.002406
0.011121
0.004422
0.002406
0.001236
0.001366
0.002992
0.008780
0.002471
0.003317
0.003057
0.003122
0.001951
0.000780
0.008845
0.003642
0.002081
0.003447
0.005268
0.002471
0.001106
0.004813
0.005138
0.005528
0.000976
0.002016
0.002081
0.004553
0.003967
0.001431
0.008910
0.003512
0.000976
0.001496
0.000911
0.001171
0.004422
0.005983
0.002016
0.003902
0.007739
0.002732
0.000976
0.000780
0.006504
0.003512
0.003707
0.002146
0.002471
0.008650
0.002146
0.002601
0.002927
0.004943
0.000845
0.002276
0.011837
0.004292
0.002081
0.002276
0.005268
0.002471
0.002406
0.001236
0.003837
0.007479
0.005073
0.001626
0.002992
0.002081
0.003577
0.002016
0.006764
0.002016
0.001821
0.001106
0.009170
0.002666
0.007219
0.001496
0.002406
0.002146
0.002992
0.001171
0.002536
0.001366
0.001886
0.003122
0.008260
0.002536
0.003187
0.001431
0.004162
0.002146
0.005918
0.001236
0.002797
0.003512
0.002211
0.002016
0.002471
0.004683
0.001301
0.005073
0.002862
0.002536
0.001691
0.005593
0.003252
0.002797
0.001691
0.001756
0.001821
0.006309
0.001106
0.002732
0.001496
0.002927
0.000911
0.005593
0.004357
0.002081
0.000585
0.002862
0.000976
0.003772
0.003772
0.002211
0.001626
0.007479
0.005138
0.002276
0.001301
0.000911
0.001886
0.006829
0.004422
0.001951
0.003187
0.001886
0.001366
0.000976
0.006504
0.001691
0.001171
0.003837
0.005983
0.002732
0.002146
0.003122
0.003187
0.004488
0.002016
0.001691
0.002601
0.005723
0.001821
0.003252
0.006374
0.001691
0.001236
0.002536
