0.074106
0.002150
0.003964
0.005576
0.004233
0.001142
0.008465
0.002553
0.002889
0.001680
0.005106
0.002889
0.003494
0.001411
0.004166
0.007794
0.005442
0.001612
0.004703
0.006719
0.003561
0.001209
0.006181
0.004434
0.002284
0.001545
0.008398
0.001881
0.003628
0.001747
0.006114
0.004300
0.006047
0.001680
0.004098
0.004770
0.005711
0.000873
0.004434
0.002419
0.003426
0.002419
0.007861
0.003628
0.005375
0.000873
0.004434
0.002419
0.005375
0.001948
0.004905
0.005845
0.003762
0.001680
0.007189
0.004569
0.003964
0.002352
0.005106
0.002687
0.006651
0.001747
0.004837
0.003762
0.004031
0.001142
0.004233
0.005644
0.003158
0.002822
0.002687
0.003023
0.002889
0.002956
0.004098
0.003561
0.002822
0.000873
0.003561
0.004434
0.003426
0.001612
0.003426
0.003897
0.003964
0.005711
0.003628
0.002620
0.001948
0.001612
0.004434
0.001545
0.003762
0.001142
0.004300
0.006719
0.005980
0.001277
0.003830
0.003964
0.004098
0.005509
0.003830
0.004031
0.003225
0.001747
0.003964
0.002620
0.005845
0.000806
0.003494
0.001814
0.006047
0.001142
0.003494
0.004300
0.003225
0.003023
0.003359
0.003225
0.003359
0.003292
0.004905
0.001814
0.004434
0.001478
0.003897
0.003494
0.004166
0.001277
0.005308
0.005509
0.003426
0.002217
0.007794
0.001747
0.002889
0.001142
0.004367
0.003762
0.005039
0.002217
0.005241
0.007458
0.003091
0.001747
0.004166
0.007323
0.002284
0.001680
0.005442
0.003762
0.002419
0.000806
0.009272
0.003023
0.004166
0.002083
0.005778
0.004636
0.008398
0.001612
0.004837
0.002687
0.003225
0.002217
0.006383
0.003225
0.003225
0.001881
0.009406
0.003359
0.004367
0.001747
0.004837
0.005241
0.003628
0.000739
0.003561
0.002956
0.003762
0.002083
0.006047
0.004098
0.003628
0.000873
0.004770
0.002352
0.005912
0.001948
0.004367
0.005375
0.002553
0.000470
0.003695
0.008667
0.002822
0.002016
0.004703
0.001747
0.002620
0.007122
0.003561
0.003964
0.003628
0.001478
0.003494
0.004166
0.002217
0.001277
0.003292
0.003158
0.002486
0.002284
0.004972
0.002553
0.002956
0.002217
0.001747
0.001747
0.005778
0.001478
0.004367
0.005509
0.006181
0.000537
0.002956
0.001814
0.003561
0.003359
0.004300
0.002083
0.003023
0.003091
0.002352
0.002889
0.005778
0.001411
0.004233
0.004703
0.007458
0.000873
0.003964
0.002889
0.003762
0.002016
0.003762
0.002755
0.003158
0.006719
0.003091
0.001948
0.004972
0.001478
0.004434
0.003292
