0.065507
0.001209
0.003225
0.006316
0.001142
0.003494
0.012497
0.005778
0.000403
0.002150
0.005845
0.002352
0.001344
0.002419
0.004837
0.013370
0.002352
0.003561
0.003023
0.011220
0.000672
0.001142
0.010414
0.005644
0.001075
0.005106
0.007928
0.002284
0.001008
0.001881
0.007323
0.010817
0.003494
0.000806
0.001881
0.005509
0.001881
0.002016
0.007659
0.003158
0.001344
0.002352
0.006584
0.001881
0.003695
0.001680
0.006853
0.002217
0.001209
0.001209
0.002620
0.004098
0.001545
0.001881
0.011019
0.003426
0.000739
0.003023
0.004367
0.001142
0.010279
0.001881
0.002956
0.004098
0.002755
0.001948
0.001344
0.008600
0.000873
0.010011
0.002486
0.008197
0.000806
0.003225
0.005039
0.002352
0.000537
0.006047
0.002217
0.012698
0.001747
0.005442
0.001142
0.009742
0.001545
0.008331
0.003091
0.004972
0.000605
0.006248
0.002755
0.002889
0.002553
0.002083
0.004031
0.010884
0.002620
0.001277
0.001142
0.004098
0.001142
0.011623
0.003359
0.005711
0.001075
0.002755
0.002083
0.001209
0.006853
0.004031
0.003561
0.004501
0.003091
0.003091
0.001545
0.007256
0.001747
0.004770
0.001814
0.002419
0.000873
0.006383
0.003964
0.001075
0.006584
0.003897
0.001680
0.002889
0.000269
0.000873
0.004770
0.005308
0.000806
0.005576
0.008331
0.003426
0.000537
0.000605
0.003964
0.003023
0.003426
0.002889
0.002553
0.012094
0.000941
0.002083
0.003023
0.010414
0.001075
0.002352
0.010279
0.004098
0.001075
0.002822
0.007390
0.004166
0.001747
0.001948
0.003359
0.011019
0.006584
0.001612
0.002822
0.001411
0.002083
0.002284
0.006114
0.002419
0.001680
0.001411
0.008398
0.002284
0.002419
0.001142
0.002150
0.005173
0.001680
0.001680
0.002419
0.002486
0.001075
0.003091
0.008936
0.001747
0.000739
0.001478
0.003762
0.002217
0.003964
0.001075
0.001881
0.006248
0.001680
0.001411
0.002083
0.008600
0.001075
0.007726
0.002956
0.003225
0.000470
0.006853
0.002553
0.003225
0.001411
0.006181
0.001545
0.013504
0.000269
0.004367
0.001277
0.005980
0.001411
0.004837
0.005845
0.002889
0.000806
0.005308
0.001612
0.004166
0.003292
0.001948
0.001612
0.009473
0.004166
0.001277
0.001344
0.002687
0.000941
0.005711
0.005106
0.001612
0.000873
0.001545
0.000941
0.002620
0.002620
0.003561
0.002217
0.007995
0.006114
0.003964
0.002016
0.003762
0.001277
0.003830
0.003292
0.001814
0.000672
0.009473
0.001881
0.002889
0.003494
0.001612
0.001277
0.003964
