0.060736
0.000605
0.004703
0.004703
0.004367
0.001209
0.010683
0.003292
0.002016
0.001948
0.005845
0.002553
0.003762
0.002284
0.004233
0.007525
0.006450
0.001612
0.002486
0.007256
0.003023
0.001209
0.008465
0.004837
0.002889
0.002486
0.007525
0.001948
0.002083
0.001747
0.008398
0.006181
0.007323
0.001277
0.004703
0.005375
0.005375
0.001680
0.006517
0.001881
0.002755
0.003964
0.007122
0.001881
0.007659
0.001411
0.004837
0.001881
0.005308
0.001344
0.003292
0.003158
0.004770
0.002016
0.009339
0.004367
0.003695
0.001545
0.004501
0.002217
0.008734
0.001881
0.005241
0.003695
0.004569
0.001612
0.002889
0.006853
0.002822
0.002553
0.002150
0.003561
0.002419
0.005778
0.004501
0.002352
0.001948
0.002755
0.002956
0.004098
0.003158
0.001411
0.002217
0.004569
0.004636
0.009070
0.004837
0.003964
0.001680
0.001612
0.003762
0.002352
0.002889
0.001411
0.005173
0.007189
0.003695
0.001881
0.003628
0.003091
0.004300
0.005845
0.002822
0.002687
0.003695
0.003292
0.003225
0.001814
0.008600
0.002553
0.004098
0.003023
0.007122
0.002755
0.002419
0.004837
0.005241
0.005039
0.002352
0.002687
0.002755
0.003359
0.005442
0.001680
0.005845
0.001747
0.002352
0.003359
0.002620
0.001344
0.004166
0.005308
0.003292
0.004166
0.008533
0.003091
0.002486
0.001142
0.004501
0.002755
0.005039
0.002822
0.002822
0.004972
0.003292
0.001075
0.002083
0.007256
0.002352
0.001545
0.007256
0.003292
0.002620
0.001142
0.009137
0.002889
0.004367
0.001142
0.005039
0.007861
0.008197
0.001948
0.003628
0.003225
0.005173
0.001411
0.007189
0.002083
0.002822
0.002016
0.009876
0.001478
0.007323
0.001814
0.002822
0.003359
0.004031
0.001142
0.002956
0.001881
0.003359
0.004905
0.007861
0.002217
0.002352
0.000739
0.004367
0.001814
0.005173
0.001277
0.004166
0.006114
0.001814
0.001545
0.002956
0.007861
0.002016
0.003292
0.003426
0.002352
0.002083
0.008734
0.002553
0.003628
0.002822
0.003091
0.002419
0.005308
0.001680
0.000739
0.001478
0.003762
0.002217
0.004300
0.005980
0.001545
0.001814
0.001478
0.002553
0.002352
0.004434
0.001680
0.003830
0.004569
0.004434
0.002419
0.002419
0.001680
0.003225
0.003292
0.006719
0.001948
0.002889
0.002755
0.001545
0.001948
0.006047
0.002486
0.002889
0.006114
0.008801
0.002284
0.002486
0.002352
0.003091
0.004367
0.004233
0.001478
0.003292
0.005778
0.003023
0.001948
0.005173
0.002150
0.002553
0.002956
