0.077533
0.001075
0.002486
0.009205
0.004636
0.001411
0.010279
0.003225
0.001545
0.001075
0.008465
0.004367
0.003091
0.001478
0.004434
0.009742
0.003292
0.000873
0.002486
0.006719
0.002083
0.000336
0.013101
0.006987
0.001478
0.005039
0.007592
0.001411
0.001814
0.000672
0.007189
0.014109
0.006719
0.001008
0.003091
0.006181
0.005912
0.000672
0.011287
0.001881
0.001680
0.001680
0.011287
0.002486
0.009473
0.000470
0.009406
0.001881
0.005173
0.000806
0.003426
0.002150
0.004166
0.001008
0.014848
0.002822
0.002755
0.001545
0.005980
0.001478
0.012362
0.001008
0.005912
0.004972
0.004166
0.001075
0.002486
0.009742
0.002217
0.004972
0.001948
0.004905
0.001142
0.002620
0.007592
0.003225
0.001008
0.001344
0.001680
0.005106
0.002217
0.000403
0.001747
0.004166
0.002284
0.006786
0.006114
0.005106
0.001344
0.002419
0.002486
0.001612
0.002284
0.001612
0.005442
0.012161
0.002956
0.000739
0.001277
0.002889
0.002822
0.010884
0.002150
0.002553
0.001747
0.000806
0.003494
0.000739
0.007458
0.001142
0.002889
0.001680
0.006853
0.000403
0.001680
0.003830
0.003292
0.003225
0.003158
0.002083
0.001814
0.005778
0.004501
0.001008
0.006316
0.001747
0.003225
0.001344
0.001411
0.000739
0.003628
0.006853
0.001680
0.005644
0.007995
0.001411
0.001209
0.000269
0.004703
0.003762
0.004636
0.001008
0.003158
0.007189
0.001344
0.000873
0.002687
0.006383
0.001747
0.002016
0.010548
0.005039
0.002486
0.001612
0.007525
0.002284
0.002822
0.000941
0.003830
0.010078
0.007726
0.000873
0.005711
0.003695
0.003225
0.001881
0.009809
0.002016
0.002352
0.000672
0.012228
0.002889
0.006114
0.000537
0.006853
0.002956
0.003494
0.000403
0.004166
0.001075
0.001881
0.002352
0.011758
0.002150
0.003762
0.000403
0.004434
0.001142
0.007390
0.001142
0.004636
0.006786
0.001545
0.000605
0.003426
0.009742
0.001008
0.003964
0.003628
0.001948
0.001881
0.005711
0.003897
0.005106
0.002284
0.001277
0.002150
0.004837
0.000873
0.000403
0.001411
0.002419
0.001277
0.003494
0.009272
0.003158
0.001411
0.001344
0.001948
0.001277
0.004972
0.001008
0.002284
0.008869
0.003359
0.000336
0.002553
0.001545
0.002352
0.004972
0.004703
0.001008
0.002016
0.001075
0.001680
0.001209
0.007256
0.000672
0.002217
0.004233
0.006181
0.000403
0.001612
0.001142
0.001142
0.001881
0.003628
0.001277
0.003695
0.007458
0.001680
0.001478
0.004905
0.000873
0.001881
0.002486
