0.057511
0.001680
0.001747
0.005711
0.004837
0.001948
0.008062
0.004098
0.001277
0.002016
0.005039
0.004569
0.004031
0.002016
0.004770
0.009406
0.005778
0.002419
0.002755
0.008062
0.002620
0.001142
0.006316
0.004837
0.001881
0.004703
0.007458
0.004098
0.003292
0.001411
0.004569
0.007995
0.005173
0.001881
0.002419
0.005375
0.005509
0.000873
0.006114
0.003426
0.000873
0.004300
0.005576
0.003091
0.004636
0.000941
0.006517
0.002822
0.004837
0.001411
0.003695
0.003359
0.003426
0.001075
0.006651
0.003359
0.002889
0.002284
0.006047
0.003091
0.008264
0.001612
0.004098
0.005039
0.004636
0.002217
0.002150
0.006517
0.002687
0.003158
0.001948
0.005576
0.001411
0.004636
0.005173
0.003494
0.002755
0.001881
0.002755
0.005711
0.002956
0.002150
0.001680
0.005442
0.003494
0.007055
0.003158
0.005644
0.001612
0.002687
0.003225
0.003359
0.003561
0.002352
0.003426
0.011086
0.003426
0.002016
0.001747
0.004434
0.004434
0.006651
0.003426
0.004569
0.001277
0.002755
0.003225
0.002755
0.008062
0.001411
0.004501
0.004434
0.007189
0.002284
0.002352
0.005711
0.004905
0.004569
0.002486
0.001881
0.002755
0.004031
0.006047
0.002687
0.005845
0.002419
0.002755
0.003695
0.001747
0.000873
0.002419
0.005308
0.002553
0.004703
0.007794
0.004837
0.001478
0.001075
0.002352
0.003292
0.006316
0.002016
0.002284
0.008264
0.002755
0.002016
0.003628
0.009205
0.002352
0.001612
0.005241
0.005509
0.003023
0.001411
0.006987
0.002822
0.004300
0.001142
0.003695
0.007256
0.007055
0.001680
0.003964
0.003292
0.002822
0.001277
0.007525
0.002687
0.001881
0.001411
0.005912
0.002889
0.007995
0.001814
0.004233
0.003964
0.002419
0.000739
0.002486
0.002889
0.001277
0.004166
0.005912
0.003897
0.002486
0.001075
0.005576
0.001747
0.005509
0.001277
0.002352
0.006584
0.001747
0.002553
0.002083
0.009608
0.001814
0.003494
0.003762
0.003561
0.001680
0.007323
0.001881
0.004300
0.003359
0.002150
0.002083
0.007055
0.001948
0.001277
0.001612
0.004703
0.002016
0.003292
0.007390
0.004770
0.002217
0.001881
0.001881
0.003628
0.004367
0.002419
0.002553
0.007256
0.003561
0.001747
0.002486
0.001680
0.002755
0.003359
0.006517
0.004233
0.002889
0.002553
0.002083
0.002486
0.006719
0.001545
0.002352
0.005845
0.006719
0.001411
0.002755
0.002016
0.002620
0.003091
0.003561
0.002083
0.003897
0.007726
0.002822
0.002620
0.006047
0.002620
0.001948
0.003494
