0.108439
0.001075
0.002822
0.005308
0.002553
0.002284
0.009675
0.006383
0.001277
0.001814
0.004300
0.001948
0.001948
0.003426
0.005442
0.012631
0.005173
0.001142
0.002889
0.007390
0.002083
0.001142
0.011354
0.004905
0.001478
0.003292
0.004837
0.004770
0.001612
0.002419
0.007726
0.009406
0.004770
0.001478
0.001948
0.004098
0.004367
0.000941
0.007323
0.003023
0.002284
0.002486
0.005845
0.001008
0.011287
0.002083
0.009003
0.002486
0.005980
0.000470
0.002150
0.002217
0.002284
0.001478
0.012631
0.002822
0.003023
0.001075
0.002755
0.001948
0.010212
0.003359
0.003964
0.003091
0.002553
0.002486
0.001075
0.006719
0.001814
0.008062
0.001344
0.006047
0.001142
0.004434
0.004434
0.002083
0.001545
0.005375
0.002284
0.007055
0.001478
0.002419
0.001680
0.006517
0.001747
0.011690
0.002083
0.005442
0.000739
0.002822
0.001612
0.002889
0.001948
0.002419
0.002620
0.009540
0.003762
0.003158
0.001008
0.002822
0.002486
0.007726
0.002016
0.004703
0.001612
0.002620
0.001344
0.001411
0.012429
0.003091
0.003158
0.003830
0.005375
0.002016
0.001008
0.005375
0.002217
0.006853
0.001008
0.002889
0.001680
0.004703
0.002687
0.002889
0.008197
0.005241
0.001747
0.002419
0.001209
0.001881
0.005644
0.006920
0.001411
0.003830
0.006853
0.002956
0.000672
0.001277
0.004367
0.003964
0.004703
0.002217
0.001814
0.008130
0.001814
0.002352
0.003158
0.010414
0.001209
0.001545
0.005442
0.002822
0.002083
0.000806
0.005576
0.005106
0.001545
0.001209
0.002889
0.005308
0.007122
0.000941
0.002755
0.001747
0.002687
0.001008
0.005576
0.001277
0.001680
0.001008
0.008130
0.001612
0.007189
0.001344
0.003426
0.002352
0.004300
0.001344
0.003561
0.001545
0.001344
0.003292
0.007390
0.001680
0.003292
0.000672
0.003292
0.002284
0.005241
0.002284
0.001814
0.004166
0.000605
0.002083
0.002150
0.007323
0.001411
0.006517
0.001814
0.003359
0.001680
0.007794
0.002822
0.003158
0.001814
0.002419
0.001680
0.007189
0.000537
0.002083
0.001411
0.006047
0.001344
0.006853
0.004434
0.002822
0.000739
0.002553
0.001142
0.005912
0.003091
0.001747
0.001545
0.005241
0.006047
0.001814
0.001075
0.001612
0.001478
0.003762
0.003023
0.003091
0.001948
0.002620
0.000941
0.001142
0.006248
0.001344
0.001747
0.005442
0.011354
0.001478
0.002284
0.002956
0.001545
0.004770
0.001277
0.001612
0.001814
0.006047
0.000941
0.002352
0.004905
0.003359
0.001277
0.002486
