0.070949
0.001209
0.002620
0.005778
0.004367
0.001881
0.008734
0.006316
0.002419
0.001612
0.004233
0.004703
0.003359
0.001545
0.004300
0.010951
0.004636
0.001344
0.003225
0.007256
0.003023
0.001209
0.006047
0.005912
0.002352
0.003158
0.005308
0.005711
0.002620
0.001277
0.004569
0.007995
0.004703
0.001881
0.003091
0.005039
0.005576
0.001612
0.007189
0.003561
0.002889
0.002419
0.004972
0.002687
0.006719
0.001612
0.006181
0.002822
0.005375
0.001612
0.002889
0.002486
0.004166
0.002016
0.008062
0.002620
0.004703
0.001142
0.003494
0.002889
0.009540
0.001142
0.004367
0.002419
0.004300
0.001478
0.002755
0.006316
0.002620
0.004905
0.003091
0.005375
0.002687
0.003494
0.003225
0.003494
0.003158
0.002217
0.002016
0.005980
0.004233
0.001612
0.002486
0.004770
0.003561
0.007122
0.003695
0.004636
0.002889
0.002284
0.004031
0.003225
0.002755
0.001142
0.002822
0.009070
0.004569
0.001209
0.002352
0.002620
0.004569
0.007794
0.003494
0.003091
0.003091
0.001881
0.002016
0.002016
0.008398
0.002150
0.003695
0.003897
0.007458
0.001881
0.002016
0.004703
0.004569
0.003494
0.002150
0.002687
0.003830
0.003628
0.003628
0.002217
0.004972
0.002284
0.002284
0.002150
0.001881
0.001344
0.003695
0.006383
0.003023
0.003561
0.006853
0.005173
0.002083
0.000605
0.003023
0.004031
0.005308
0.001411
0.004300
0.009070
0.002755
0.001209
0.002553
0.010884
0.002956
0.001142
0.005845
0.005241
0.003225
0.001478
0.006114
0.004367
0.003897
0.001680
0.004300
0.007055
0.006047
0.001075
0.002755
0.002620
0.005576
0.001747
0.005778
0.003158
0.003158
0.001411
0.007256
0.002822
0.007390
0.001478
0.005106
0.004434
0.004233
0.000941
0.002419
0.001612
0.003359
0.003762
0.006114
0.002956
0.003292
0.001680
0.003091
0.001881
0.007055
0.001747
0.003695
0.005576
0.002956
0.000873
0.002486
0.008197
0.003091
0.002687
0.002284
0.003494
0.002822
0.006248
0.002956
0.003628
0.003897
0.002150
0.002755
0.006920
0.002553
0.001008
0.001814
0.003158
0.001948
0.003695
0.003561
0.003494
0.002620
0.002352
0.002620
0.002956
0.004837
0.001411
0.002620
0.005980
0.003964
0.001545
0.002016
0.001814
0.004367
0.003695
0.004770
0.002486
0.004569
0.001478
0.001545
0.001948
0.006383
0.002352
0.003494
0.006383
0.007458
0.001008
0.001881
0.001948
0.003494
0.003023
0.002352
0.002687
0.003158
0.005442
0.001680
0.002687
0.006316
0.002687
0.002083
0.002822
