0.067724
0.000739
0.003023
0.008062
0.004972
0.001209
0.011354
0.002687
0.001814
0.000941
0.008398
0.003897
0.002956
0.001478
0.004031
0.010011
0.003225
0.000806
0.002217
0.005778
0.001814
0.000672
0.011153
0.007525
0.002284
0.004837
0.007458
0.001344
0.002284
0.000873
0.008062
0.013437
0.006651
0.000873
0.004031
0.006651
0.006517
0.000537
0.010884
0.001747
0.001814
0.001680
0.010347
0.002755
0.009540
0.000537
0.009205
0.003292
0.004501
0.000605
0.003359
0.002419
0.003225
0.001478
0.015318
0.003695
0.002956
0.001277
0.006651
0.000941
0.012765
0.001075
0.005912
0.004569
0.004300
0.001142
0.002822
0.010884
0.002083
0.005173
0.001747
0.003964
0.001277
0.002755
0.007995
0.003762
0.001612
0.001411
0.002620
0.005308
0.002553
0.000470
0.001680
0.004300
0.002822
0.005980
0.005845
0.005442
0.001209
0.002016
0.002687
0.001680
0.002687
0.001881
0.005106
0.011690
0.003695
0.000739
0.002083
0.002486
0.003359
0.011220
0.002150
0.002620
0.001612
0.001008
0.003091
0.001142
0.007525
0.000941
0.002822
0.002217
0.006383
0.000269
0.001545
0.003830
0.003225
0.002822
0.002822
0.002687
0.001881
0.004703
0.004300
0.001075
0.006316
0.001277
0.003091
0.002150
0.001545
0.001142
0.004233
0.006047
0.002217
0.005442
0.007458
0.001680
0.001948
0.000269
0.005778
0.003158
0.004905
0.001142
0.003023
0.006316
0.001478
0.000672
0.002687
0.007189
0.002150
0.001612
0.010548
0.003762
0.002284
0.001344
0.006719
0.001612
0.003158
0.000941
0.004636
0.011287
0.007525
0.001008
0.005173
0.004031
0.002419
0.001612
0.008936
0.002016
0.002889
0.000672
0.011758
0.003023
0.007458
0.000605
0.006651
0.003225
0.003359
0.000403
0.003830
0.000873
0.002083
0.002486
0.012765
0.001881
0.003830
0.000739
0.004972
0.000941
0.007525
0.000941
0.003628
0.007525
0.001008
0.000470
0.003023
0.010615
0.001075
0.004434
0.003695
0.001545
0.001344
0.004770
0.003964
0.005241
0.003091
0.001277
0.002016
0.005241
0.000941
0.000537
0.001680
0.003292
0.001680
0.003426
0.009070
0.003897
0.000941
0.001948
0.001478
0.001680
0.004972
0.001142
0.003225
0.009137
0.003964
0.000336
0.002352
0.001747
0.002217
0.004905
0.004636
0.000873
0.001948
0.000873
0.001545
0.001545
0.006853
0.000941
0.002419
0.004166
0.005980
0.000470
0.002217
0.001344
0.001814
0.001344
0.003494
0.001344
0.003897
0.007995
0.001680
0.001209
0.004367
0.000873
0.002217
0.002553
