0.102325
0.001142
0.004367
0.006450
0.002352
0.002889
0.013572
0.005576
0.001277
0.001344
0.005912
0.003964
0.002956
0.003158
0.004905
0.012631
0.003494
0.000806
0.002889
0.004703
0.001680
0.000672
0.015654
0.006181
0.001881
0.004434
0.006181
0.001277
0.001814
0.001075
0.007861
0.007794
0.005576
0.001209
0.003023
0.004636
0.004770
0.001411
0.011220
0.002486
0.001478
0.002755
0.005039
0.001478
0.006651
0.001545
0.007390
0.002284
0.004636
0.000806
0.003023
0.001881
0.003897
0.001209
0.013101
0.003359
0.001948
0.001344
0.004031
0.000873
0.008465
0.002284
0.005644
0.003561
0.003292
0.002016
0.001612
0.005912
0.001948
0.009205
0.002083
0.009675
0.001545
0.003762
0.004905
0.002486
0.001545
0.005644
0.002083
0.011758
0.002486
0.001814
0.001209
0.003494
0.002755
0.011019
0.002822
0.003561
0.000806
0.004166
0.002150
0.002150
0.001814
0.003158
0.001948
0.012564
0.003762
0.002284
0.001008
0.001344
0.003091
0.007794
0.003091
0.003359
0.001008
0.002822
0.001545
0.001814
0.009406
0.004233
0.003964
0.003225
0.005039
0.002083
0.001948
0.004031
0.005241
0.007525
0.001545
0.001814
0.001612
0.005039
0.004233
0.000403
0.005375
0.005173
0.002083
0.001142
0.000873
0.001277
0.003426
0.006450
0.001545
0.003830
0.008062
0.002956
0.001881
0.000806
0.005375
0.003695
0.004569
0.001478
0.004031
0.006651
0.002687
0.002083
0.003091
0.008197
0.001478
0.002822
0.009809
0.002620
0.002419
0.002150
0.007659
0.002419
0.001881
0.000873
0.005173
0.006383
0.006920
0.000941
0.002352
0.001680
0.002016
0.002016
0.007726
0.001277
0.001612
0.000873
0.009272
0.003023
0.005845
0.001344
0.004636
0.002150
0.001881
0.001411
0.002620
0.000806
0.001478
0.002687
0.007525
0.002419
0.001478
0.000941
0.003964
0.001411
0.006786
0.001545
0.002822
0.004367
0.001075
0.001545
0.001948
0.006114
0.000470
0.005308
0.002486
0.004703
0.001008
0.007659
0.001680
0.002822
0.002083
0.002687
0.001277
0.006248
0.000739
0.002486
0.001478
0.003628
0.001545
0.005711
0.004972
0.002352
0.001344
0.002755
0.001277
0.001612
0.004972
0.002352
0.003023
0.005980
0.003426
0.002486
0.000537
0.000806
0.000873
0.005106
0.004233
0.002016
0.001948
0.002083
0.001142
0.001209
0.005442
0.001814
0.001881
0.004434
0.006248
0.002822
0.001545
0.003695
0.001680
0.004166
0.001814
0.001209
0.001747
0.006786
0.001612
0.002217
0.005375
0.003426
0.001680
0.001075
