0.112335
0.001277
0.003830
0.007458
0.002016
0.002083
0.008600
0.005576
0.000941
0.001478
0.003426
0.006181
0.002284
0.002150
0.004972
0.013437
0.003359
0.001075
0.003561
0.005039
0.002016
0.001478
0.006181
0.007794
0.000739
0.005442
0.006920
0.005173
0.001411
0.002486
0.004233
0.013034
0.003561
0.000806
0.002352
0.003830
0.002486
0.000806
0.007122
0.001747
0.002486
0.003695
0.005442
0.002620
0.005308
0.001612
0.006383
0.001411
0.002620
0.000672
0.003762
0.002352
0.002822
0.001478
0.009272
0.002889
0.001948
0.001142
0.006584
0.002419
0.008130
0.002755
0.004905
0.003091
0.002889
0.002083
0.002620
0.006584
0.001411
0.008600
0.001747
0.005576
0.001747
0.004636
0.003023
0.003628
0.000739
0.003561
0.002352
0.004837
0.000873
0.001142
0.001747
0.002956
0.002083
0.010078
0.002016
0.005106
0.000403
0.004972
0.003830
0.004837
0.001881
0.002150
0.002352
0.011959
0.002352
0.001209
0.002284
0.001814
0.002620
0.010750
0.002822
0.002217
0.002620
0.003695
0.003695
0.001411
0.008197
0.002352
0.002419
0.001545
0.003292
0.001008
0.001948
0.003091
0.004300
0.005845
0.003225
0.001680
0.001209
0.004434
0.005509
0.002687
0.005980
0.003359
0.002486
0.001948
0.000739
0.000739
0.003897
0.010817
0.001411
0.005442
0.007256
0.005644
0.001344
0.000806
0.003628
0.005778
0.003561
0.001277
0.003225
0.007525
0.001814
0.002083
0.003830
0.009608
0.001075
0.002150
0.004972
0.005509
0.001277
0.002016
0.007726
0.004569
0.001814
0.001411
0.003695
0.009003
0.006786
0.002486
0.002419
0.002620
0.001881
0.001478
0.006651
0.002755
0.002755
0.001411
0.007659
0.002822
0.003494
0.001008
0.004031
0.002687
0.002889
0.000605
0.003762
0.001008
0.001478
0.003426
0.006114
0.002755
0.001680
0.000873
0.004703
0.001814
0.003494
0.001142
0.004300
0.004905
0.001142
0.001277
0.003426
0.009540
0.000873
0.005912
0.002620
0.003561
0.001881
0.008465
0.003023
0.003091
0.001478
0.001411
0.002687
0.003561
0.000067
0.002083
0.001612
0.002822
0.000672
0.005241
0.003628
0.002956
0.000470
0.006719
0.001881
0.005173
0.003830
0.001277
0.002284
0.008465
0.005039
0.002016
0.001948
0.001344
0.002284
0.006383
0.005711
0.002284
0.004501
0.004233
0.001814
0.001142
0.003426
0.001612
0.002553
0.003695
0.006651
0.001075
0.002822
0.001881
0.002217
0.004367
0.003494
0.001478
0.000873
0.008734
0.003628
0.002016
0.003426
0.001277
0.002217
0.002284
