0.114821
0.000739
0.002956
0.007256
0.002083
0.002016
0.008331
0.005241
0.001075
0.001881
0.003628
0.005845
0.001747
0.002486
0.004233
0.011623
0.004166
0.001209
0.003225
0.006248
0.002419
0.000941
0.006114
0.007323
0.001008
0.004837
0.007458
0.004905
0.000873
0.002352
0.003628
0.011758
0.003225
0.000605
0.002687
0.004636
0.002553
0.000873
0.006114
0.001814
0.002217
0.004166
0.006584
0.002217
0.006316
0.001545
0.005173
0.001344
0.003426
0.000806
0.003158
0.002016
0.002352
0.001948
0.009339
0.003158
0.001881
0.001344
0.005778
0.002553
0.007525
0.002822
0.004166
0.003292
0.002889
0.001344
0.002419
0.007256
0.001478
0.007726
0.002217
0.004569
0.001142
0.005106
0.003628
0.003091
0.000470
0.004098
0.003091
0.004367
0.001008
0.001411
0.002217
0.002687
0.001680
0.010212
0.001612
0.005308
0.000941
0.004098
0.003561
0.004770
0.001411
0.002755
0.003561
0.012631
0.002687
0.001008
0.002687
0.002687
0.002284
0.011556
0.002217
0.002217
0.002553
0.003292
0.004233
0.001344
0.008667
0.002284
0.003359
0.001545
0.003561
0.000806
0.001881
0.003091
0.004501
0.005173
0.003091
0.001680
0.001344
0.004770
0.005241
0.002284
0.005442
0.002889
0.002419
0.001881
0.001075
0.000941
0.003695
0.008936
0.001680
0.004837
0.007525
0.005711
0.001142
0.000806
0.003964
0.004703
0.004300
0.001612
0.003225
0.007458
0.001277
0.001881
0.003426
0.009406
0.001545
0.002217
0.004770
0.004636
0.001277
0.002822
0.006584
0.004166
0.001411
0.001142
0.003426
0.009675
0.005173
0.002284
0.002687
0.003964
0.001948
0.001948
0.006248
0.003359
0.002016
0.001545
0.008130
0.002956
0.003628
0.001411
0.004031
0.003359
0.002284
0.000470
0.003897
0.001008
0.001075
0.004367
0.006383
0.002553
0.001545
0.000537
0.003964
0.002217
0.003695
0.001545
0.003292
0.004636
0.000941
0.002083
0.003695
0.009205
0.001142
0.005509
0.003359
0.003897
0.002687
0.008801
0.003225
0.003225
0.001478
0.001478
0.002217
0.004367
0.000202
0.002016
0.001747
0.002217
0.000941
0.005912
0.004031
0.002620
0.000470
0.006114
0.002486
0.004098
0.004367
0.001075
0.003158
0.008533
0.005308
0.001209
0.002620
0.001545
0.001545
0.006987
0.005644
0.001881
0.003426
0.003897
0.002217
0.001411
0.004837
0.001277
0.002620
0.003628
0.007995
0.001478
0.003426
0.001478
0.002083
0.003762
0.002956
0.002083
0.001545
0.007995
0.002956
0.002217
0.004233
0.001680
0.002956
0.002889
