0.203452
0.002016
0.002834
0.004724
0.002897
0.001323
0.001953
0.003590
0.002268
0.001701
0.003338
0.002142
0.001386
0.001890
0.002016
0.017007
0.002771
0.001323
0.001449
0.004976
0.001449
0.001701
0.002708
0.001008
0.002142
0.002079
0.004283
0.004283
0.003149
0.001386
0.008881
0.013228
0.004913
0.003464
0.003212
0.006236
0.001638
0.002960
0.005417
0.003275
0.001449
0.001701
0.004157
0.001638
0.003716
0.001575
0.002331
0.002394
0.001701
0.001512
0.001260
0.002960
0.000882
0.001260
0.001449
0.001260
0.002646
0.002834
0.010204
0.004220
0.005921
0.003023
0.009196
0.003275
0.004283
0.002708
0.004913
0.006803
0.001701
0.004913
0.005480
0.002268
0.001512
0.003338
0.001575
0.002583
0.001638
0.003338
0.002897
0.004283
0.001953
0.001827
0.002016
0.002268
0.000630
0.001512
0.001638
0.002016
0.003086
0.006992
0.004913
0.003338
0.002394
0.004787
0.003653
0.010582
0.002142
0.001575
0.002897
0.005165
0.002394
0.000945
0.003212
0.004346
0.001827
0.003527
0.001953
0.003527
0.004598
0.001323
0.002142
0.002834
0.003590
0.001386
0.001323
0.002331
0.000567
0.002646
0.001890
0.001575
0.004031
0.002394
0.002079
0.003590
0.013794
0.001701
0.002394
0.003212
0.002016
0.002079
0.002520
0.012220
0.001953
0.001575
0.003842
0.003590
0.001575
0.001827
0.003716
0.001197
0.002520
0.001134
0.001386
0.005858
0.001890
0.002268
0.001512
0.005228
0.002268
0.002646
0.002142
0.001134
0.003275
0.002708
0.003149
0.003149
0.004724
0.002457
0.002268
0.006173
0.005606
0.003401
0.003338
0.003905
0.002142
0.002708
0.011653
0.005669
0.000945
0.001890
0.001701
0.001638
0.001827
0.001701
0.001764
0.002834
0.001764
0.001449
0.003527
0.001323
0.001197
0.001386
0.002520
0.001827
0.001512
0.002457
0.006740
0.003653
0.005165
0.003968
0.003086
0.006677
0.002142
0.002520
0.003779
0.007748
0.002142
0.008692
0.004409
0.003905
0.000819
0.001638
0.002268
0.002457
0.001638
0.001827
0.002016
0.002771
0.001449
0.003527
0.001449
0.003023
0.001134
0.001701
0.002646
0.002079
0.001827
0.005354
0.005291
0.002268
0.003716
0.002016
0.004913
0.007433
0.009889
0.002583
0.002079
0.002960
0.002457
0.002394
0.002771
0.003086
0.000945
0.003275
0.001323
0.001512
0.004346
0.000945
0.001575
0.003023
0.002771
0.001449
0.002394
0.002016
0.001449
0.002079
0.001638
0.003464
0.002457
0.001260
0.002960
0.003275
0.003275
0.001638
0.003842
0.005543
