0.198161
0.003968
0.003842
0.003653
0.002960
0.002079
0.003527
0.004220
0.002394
0.001701
0.004535
0.002897
0.002331
0.002646
0.002394
0.004535
0.003275
0.002142
0.001638
0.002708
0.001071
0.002331
0.003590
0.001197
0.002268
0.001638
0.006236
0.005669
0.002520
0.001323
0.005291
0.009637
0.003716
0.004094
0.004409
0.003464
0.001575
0.003842
0.006488
0.001638
0.001449
0.001827
0.005354
0.001134
0.003275
0.002457
0.004598
0.001197
0.001197
0.002079
0.003401
0.001575
0.001575
0.001134
0.002016
0.001323
0.002016
0.003338
0.009574
0.003338
0.005228
0.004283
0.008755
0.002771
0.003275
0.004598
0.003401
0.003842
0.001764
0.005291
0.004220
0.001953
0.001197
0.004976
0.002205
0.001386
0.001575
0.006110
0.001953
0.003527
0.001575
0.002960
0.001953
0.001638
0.001134
0.001449
0.001512
0.001638
0.002646
0.009763
0.003905
0.003527
0.002142
0.005228
0.004346
0.005669
0.003149
0.002583
0.002457
0.004724
0.003464
0.001827
0.001764
0.003023
0.002205
0.005102
0.002646
0.002457
0.004535
0.002142
0.001701
0.002205
0.004283
0.001701
0.002394
0.002457
0.001386
0.003590
0.002520
0.001386
0.005165
0.004787
0.002331
0.002834
0.012724
0.002834
0.002583
0.002897
0.002520
0.001827
0.003527
0.009637
0.002708
0.002079
0.003653
0.004472
0.001512
0.002583
0.005102
0.001575
0.002520
0.001827
0.001575
0.004346
0.002205
0.002646
0.002520
0.003212
0.002394
0.002016
0.002897
0.002079
0.003842
0.002771
0.003149
0.003527
0.005291
0.003149
0.002268
0.005228
0.003401
0.003716
0.003779
0.002771
0.002268
0.003464
0.009322
0.002016
0.002079
0.001386
0.002394
0.001134
0.001953
0.001890
0.003653
0.001953
0.001953
0.002016
0.003338
0.001134
0.001449
0.001890
0.003338
0.001386
0.001197
0.004472
0.007055
0.002583
0.004472
0.004724
0.004157
0.004976
0.002960
0.004157
0.004094
0.003905
0.002897
0.009196
0.004535
0.002834
0.001386
0.001953
0.002079
0.001512
0.001638
0.003590
0.002205
0.002394
0.001197
0.004472
0.002142
0.002205
0.001260
0.002771
0.002142
0.001512
0.001764
0.007181
0.004976
0.001575
0.002960
0.003590
0.004976
0.005858
0.007118
0.002771
0.002142
0.003464
0.003779
0.002708
0.002331
0.003275
0.001260
0.004598
0.002205
0.001323
0.004283
0.002016
0.001386
0.002520
0.002268
0.001701
0.002331
0.002520
0.002583
0.003653
0.002268
0.002331
0.003590
0.002897
0.002205
0.002834
0.003842
0.002583
0.003653
0.004976
