0.208680
0.002646
0.002771
0.003527
0.002142
0.002457
0.002771
0.003275
0.003086
0.002457
0.004472
0.002205
0.001890
0.002960
0.002079
0.004472
0.002583
0.002708
0.001764
0.003401
0.000945
0.001449
0.002708
0.001260
0.002457
0.001953
0.006803
0.003149
0.002016
0.003023
0.004535
0.010771
0.003149
0.003590
0.004157
0.003905
0.001449
0.004535
0.006866
0.001701
0.001953
0.001764
0.004976
0.001638
0.003905
0.001827
0.003149
0.001512
0.001071
0.001323
0.002394
0.001701
0.001575
0.001827
0.002079
0.001197
0.002708
0.003590
0.010645
0.003527
0.005228
0.004598
0.005984
0.002960
0.002268
0.003212
0.004850
0.003275
0.001827
0.005480
0.004787
0.002205
0.000882
0.003842
0.002457
0.002646
0.001638
0.005354
0.001953
0.002960
0.001575
0.001764
0.002079
0.001827
0.001449
0.001260
0.002016
0.001827
0.002457
0.008503
0.003212
0.002394
0.002771
0.006803
0.005291
0.006362
0.003212
0.003275
0.002960
0.003653
0.003464
0.002583
0.003212
0.002331
0.002520
0.004409
0.002457
0.003149
0.004787
0.002142
0.002520
0.002771
0.003464
0.001701
0.001008
0.002520
0.001512
0.002897
0.002331
0.002205
0.003905
0.006614
0.002268
0.003905
0.009007
0.004220
0.002520
0.002708
0.002708
0.003275
0.003779
0.008440
0.001701
0.002457
0.004598
0.003275
0.001890
0.002331
0.003590
0.001449
0.001827
0.001386
0.001512
0.004472
0.003023
0.002897
0.002268
0.003653
0.002646
0.002142
0.003905
0.001638
0.002646
0.003716
0.003842
0.002834
0.003149
0.002520
0.003653
0.003527
0.004283
0.003653
0.004787
0.004031
0.003275
0.004220
0.011086
0.002583
0.001575
0.001449
0.002457
0.001449
0.001449
0.001701
0.002646
0.002016
0.001953
0.002079
0.002520
0.001260
0.002897
0.001827
0.002960
0.001260
0.001701
0.003842
0.007496
0.002583
0.003464
0.004409
0.004094
0.004283
0.003212
0.004220
0.004913
0.005228
0.003590
0.010204
0.003716
0.002520
0.001134
0.002142
0.002834
0.001827
0.001701
0.002457
0.002016
0.001575
0.001701
0.003086
0.002457
0.002142
0.001008
0.002394
0.001701
0.001953
0.001764
0.005732
0.004598
0.001638
0.003275
0.003275
0.004661
0.004472
0.006488
0.004724
0.001953
0.002771
0.003086
0.004220
0.002331
0.003590
0.001449
0.004094
0.001575
0.001764
0.003149
0.002079
0.001197
0.002897
0.004094
0.002457
0.002331
0.002897
0.001890
0.004031
0.002205
0.002583
0.002142
0.002708
0.002520
0.002079
0.003086
0.003401
0.004031
0.003653
