0.153817
0.002016
0.005228
0.006740
0.002457
0.002708
0.004220
0.005480
0.003464
0.002142
0.005039
0.004157
0.002142
0.002142
0.003401
0.009070
0.004031
0.001575
0.001449
0.005417
0.001449
0.002520
0.004220
0.003275
0.001827
0.002520
0.007811
0.005669
0.002394
0.002205
0.004220
0.011338
0.003527
0.002268
0.004283
0.004094
0.001764
0.003527
0.007244
0.003275
0.002205
0.002205
0.003842
0.001764
0.003086
0.001638
0.003779
0.002394
0.001890
0.001764
0.002708
0.003212
0.001575
0.001701
0.002897
0.002583
0.002268
0.003590
0.009133
0.004283
0.005606
0.002583
0.007055
0.003842
0.002394
0.002520
0.004031
0.006551
0.001701
0.003275
0.005480
0.004031
0.001953
0.002834
0.002771
0.003968
0.001701
0.001827
0.001890
0.005669
0.002079
0.001953
0.002583
0.002771
0.001575
0.001512
0.003149
0.002960
0.002016
0.005228
0.006614
0.006236
0.001449
0.002834
0.004598
0.008440
0.001008
0.002079
0.002897
0.004724
0.002771
0.001197
0.003968
0.002897
0.001764
0.003968
0.003401
0.003842
0.005858
0.001827
0.002646
0.003149
0.003338
0.001008
0.001764
0.004220
0.001953
0.002583
0.002394
0.001575
0.002960
0.002646
0.003275
0.003275
0.005039
0.002268
0.002583
0.004283
0.002268
0.001890
0.003275
0.009511
0.001827
0.002016
0.006047
0.005291
0.001890
0.002016
0.003527
0.002771
0.003086
0.001638
0.002708
0.006866
0.002205
0.002142
0.002646
0.005795
0.001638
0.002960
0.002268
0.002897
0.002771
0.002771
0.006488
0.006362
0.003905
0.002268
0.004535
0.007748
0.003527
0.001386
0.004094
0.004598
0.002331
0.003275
0.009889
0.003653
0.001701
0.002268
0.003905
0.002457
0.001638
0.001449
0.003590
0.002960
0.001638
0.002016
0.002646
0.002960
0.001638
0.002079
0.003464
0.002079
0.002142
0.003149
0.007118
0.003905
0.003842
0.002771
0.005165
0.005354
0.002079
0.002142
0.003590
0.006110
0.002583
0.006299
0.005165
0.004535
0.000945
0.002394
0.002079
0.003149
0.002834
0.001764
0.001890
0.004724
0.001512
0.003275
0.002205
0.004220
0.001323
0.002771
0.003212
0.003086
0.001260
0.003653
0.006614
0.003527
0.002771
0.003338
0.004409
0.006929
0.005480
0.001197
0.002457
0.003590
0.002016
0.001323
0.003968
0.003086
0.002142
0.001890
0.002268
0.001953
0.003401
0.001890
0.002142
0.004913
0.004031
0.001449
0.002142
0.003212
0.001512
0.002268
0.002834
0.002394
0.002268
0.001512
0.003212
0.003779
0.002960
0.001953
0.002897
0.005291
