0.114594
0.001561
0.003122
0.001691
0.002927
0.003967
0.011316
0.004227
0.002081
0.002341
0.002536
0.002862
0.002601
0.002601
0.003122
0.010406
0.005008
0.003772
0.002471
0.003382
0.002406
0.002146
0.007024
0.003577
0.004553
0.004162
0.003382
0.001886
0.002666
0.002992
0.003837
0.005853
0.002732
0.003512
0.001756
0.003317
0.003707
0.002666
0.007024
0.002276
0.002406
0.004488
0.003057
0.004292
0.006504
0.002406
0.002862
0.001821
0.002666
0.002276
0.003512
0.002406
0.003512
0.003382
0.008975
0.002146
0.002211
0.002992
0.003317
0.002471
0.009235
0.002666
0.002536
0.002666
0.004097
0.001561
0.004097
0.002797
0.002536
0.006113
0.002732
0.003187
0.004162
0.002797
0.003187
0.002406
0.002471
0.003772
0.002211
0.006048
0.002732
0.003122
0.002341
0.002862
0.002536
0.008195
0.002211
0.004032
0.003447
0.002341
0.002016
0.002992
0.001691
0.002992
0.002601
0.009300
0.001951
0.002276
0.002666
0.002536
0.003902
0.010731
0.002927
0.003252
0.002341
0.001951
0.002666
0.002276
0.010341
0.004227
0.002797
0.003057
0.003512
0.002211
0.004488
0.005138
0.002797
0.005333
0.003252
0.002862
0.001821
0.003772
0.004488
0.003967
0.006309
0.003577
0.002081
0.002992
0.001561
0.001756
0.002471
0.002471
0.002471
0.003902
0.007544
0.002992
0.002276
0.001886
0.002276
0.002732
0.004097
0.002601
0.002732
0.008390
0.003772
0.005463
0.001951
0.004357
0.003122
0.003772
0.004488
0.002016
0.005593
0.003512
0.005268
0.002016
0.004227
0.003187
0.002276
0.003577
0.003317
0.004422
0.001691
0.002732
0.002341
0.005268
0.004227
0.003642
0.001821
0.001951
0.006048
0.004488
0.005203
0.003057
0.002732
0.005333
0.002797
0.002146
0.002992
0.001626
0.002666
0.002927
0.007804
0.001691
0.002666
0.001821
0.001886
0.002081
0.006243
0.002406
0.002732
0.002862
0.002927
0.001301
0.004488
0.003057
0.002927
0.004813
0.004422
0.002471
0.004292
0.004813
0.002536
0.001886
0.004748
0.002211
0.003447
0.004357
0.002016
0.003187
0.002797
0.001886
0.002341
0.006569
0.003057
0.001951
0.002016
0.002341
0.001951
0.002927
0.003382
0.002406
0.001951
0.005593
0.003122
0.002471
0.001366
0.001691
0.002992
0.007934
0.003772
0.003512
0.002732
0.002081
0.001886
0.002081
0.008520
0.002536
0.002862
0.004032
0.005203
0.002081
0.005203
0.004032
0.001366
0.003252
0.004032
0.003057
0.002406
0.004227
0.004162
0.005983
0.003512
0.001951
0.002927
0.004618
