0.127677
0.002708
0.004787
0.007055
0.001827
0.003401
0.003842
0.004031
0.002520
0.003275
0.003779
0.002268
0.001323
0.003023
0.002016
0.006551
0.002016
0.002457
0.001638
0.005921
0.000756
0.002583
0.003275
0.001512
0.002079
0.002457
0.006992
0.006362
0.001638
0.002708
0.004913
0.020471
0.003716
0.003590
0.003716
0.006614
0.001134
0.004409
0.006803
0.003590
0.001134
0.002331
0.002897
0.001197
0.003338
0.001260
0.002583
0.001638
0.001386
0.002079
0.001008
0.002520
0.000882
0.002142
0.002708
0.001701
0.001071
0.004850
0.010141
0.005165
0.004157
0.003968
0.005858
0.005921
0.002394
0.003464
0.004598
0.009511
0.001449
0.006110
0.004913
0.003338
0.000441
0.005228
0.002268
0.002771
0.001071
0.006173
0.001890
0.004976
0.001197
0.002457
0.002394
0.002205
0.001134
0.002520
0.002016
0.001890
0.002331
0.010015
0.008251
0.004346
0.003023
0.003779
0.005858
0.010834
0.001953
0.002834
0.002834
0.005354
0.001512
0.002897
0.002897
0.004094
0.001134
0.003338
0.002016
0.004283
0.004157
0.001890
0.002394
0.003275
0.003023
0.001512
0.002079
0.002583
0.001008
0.004220
0.001638
0.001386
0.002834
0.004850
0.003086
0.003338
0.007559
0.002520
0.001638
0.003590
0.001827
0.002016
0.004535
0.013228
0.001890
0.002646
0.006362
0.005858
0.001197
0.002646
0.002646
0.002079
0.002646
0.002708
0.001701
0.006992
0.001512
0.002268
0.001638
0.005480
0.001260
0.003464
0.003527
0.002394
0.001575
0.003023
0.004472
0.004535
0.002834
0.003149
0.005543
0.007748
0.004472
0.002646
0.004724
0.006047
0.001890
0.003149
0.011968
0.004535
0.001449
0.001638
0.002583
0.002016
0.002016
0.001638
0.002079
0.002268
0.002331
0.001827
0.002268
0.001323
0.000945
0.001827
0.002583
0.001260
0.001323
0.004661
0.007999
0.003716
0.003023
0.004409
0.003968
0.007937
0.002079
0.003716
0.004913
0.008503
0.002394
0.010456
0.005732
0.003401
0.000819
0.002646
0.002142
0.002583
0.001827
0.003527
0.001638
0.002457
0.001764
0.005606
0.001764
0.004220
0.000630
0.003716
0.001953
0.002520
0.002016
0.006740
0.005606
0.002331
0.002708
0.003212
0.007055
0.008503
0.005858
0.002079
0.001449
0.003653
0.002142
0.003464
0.002960
0.002771
0.001008
0.003149
0.002394
0.002583
0.002457
0.001386
0.001638
0.003716
0.004094
0.002016
0.001260
0.003464
0.000945
0.003590
0.001764
0.002142
0.002079
0.003968
0.002205
0.004598
0.001827
0.002646
0.002394
0.005291
