0.135601
0.000715
0.002341
0.007544
0.001821
0.001756
0.008130
0.004097
0.000911
0.002862
0.005073
0.003187
0.002146
0.001496
0.002992
0.011772
0.004553
0.001106
0.001366
0.009105
0.002471
0.001106
0.010016
0.006504
0.000650
0.003447
0.004162
0.002601
0.002016
0.001756
0.004683
0.010926
0.004683
0.000845
0.001041
0.003382
0.003382
0.001236
0.008390
0.001951
0.001756
0.003252
0.005203
0.001886
0.008585
0.001496
0.003707
0.001886
0.004032
0.000585
0.001431
0.002797
0.004032
0.002341
0.009625
0.002797
0.001821
0.001561
0.003902
0.001171
0.008585
0.002081
0.003317
0.003317
0.002992
0.002601
0.000455
0.007024
0.001691
0.008455
0.002276
0.003577
0.001171
0.005463
0.002276
0.002732
0.001171
0.003837
0.001366
0.010341
0.001821
0.001951
0.001041
0.007999
0.001691
0.010536
0.002341
0.004618
0.001041
0.005008
0.001626
0.002797
0.002341
0.003187
0.001756
0.010796
0.003512
0.002471
0.000911
0.002927
0.003642
0.008065
0.002601
0.002406
0.002471
0.004422
0.002081
0.000976
0.010276
0.003187
0.001431
0.003187
0.005723
0.001496
0.000976
0.005853
0.004748
0.007219
0.001626
0.001431
0.001106
0.004748
0.002276
0.001561
0.006309
0.003967
0.001431
0.001561
0.000845
0.001106
0.002471
0.006894
0.001366
0.003382
0.005268
0.003252
0.000780
0.002081
0.004162
0.003902
0.005333
0.000976
0.001951
0.010601
0.001756
0.000845
0.001821
0.008260
0.001041
0.002536
0.009105
0.005073
0.001886
0.001431
0.005853
0.002992
0.002862
0.002211
0.002732
0.008455
0.006048
0.001301
0.002536
0.002146
0.002406
0.001951
0.006178
0.001301
0.002341
0.002211
0.006894
0.001301
0.006439
0.000715
0.002406
0.003057
0.003512
0.000585
0.001496
0.001171
0.001951
0.004618
0.006439
0.002146
0.002406
0.000715
0.004032
0.001626
0.006178
0.001171
0.001886
0.004357
0.001236
0.001756
0.001496
0.006243
0.001756
0.006374
0.001496
0.003447
0.002341
0.008195
0.001886
0.003902
0.002406
0.002666
0.001301
0.009820
0.000715
0.002797
0.000715
0.005008
0.001171
0.008065
0.003057
0.003577
0.001041
0.003967
0.000976
0.003252
0.003512
0.002081
0.000911
0.008520
0.005853
0.003252
0.001171
0.001171
0.001821
0.004683
0.002406
0.001626
0.002601
0.005138
0.001561
0.002081
0.007024
0.002341
0.000845
0.005138
0.007024
0.001301
0.001171
0.002601
0.002862
0.006439
0.001886
0.002276
0.001756
0.005008
0.002146
0.001301
0.007089
0.001106
0.001561
0.003772
