0.196523
0.002771
0.003464
0.006551
0.002331
0.002646
0.004094
0.003023
0.002079
0.002394
0.004850
0.002016
0.001575
0.002142
0.003086
0.007622
0.002520
0.001512
0.002268
0.004535
0.000945
0.002771
0.003275
0.001008
0.002142
0.002079
0.007622
0.004535
0.003149
0.001953
0.005039
0.013039
0.004283
0.002205
0.003023
0.006362
0.001449
0.002708
0.004409
0.001953
0.001197
0.001953
0.005228
0.002016
0.002708
0.001071
0.004031
0.002016
0.001323
0.001764
0.003149
0.002897
0.000756
0.001638
0.001827
0.001386
0.002016
0.002520
0.011023
0.004094
0.005732
0.001953
0.005417
0.003212
0.003149
0.003716
0.003401
0.006992
0.001197
0.004346
0.003968
0.001701
0.001323
0.005480
0.002079
0.002834
0.001512
0.004409
0.002331
0.005795
0.002079
0.002771
0.002268
0.003275
0.000882
0.002457
0.002205
0.002268
0.001512
0.008755
0.003653
0.003590
0.001701
0.004598
0.002897
0.007559
0.002394
0.002268
0.002834
0.005669
0.002834
0.001512
0.002079
0.003149
0.001701
0.005228
0.001386
0.002520
0.004472
0.001638
0.001701
0.003338
0.003464
0.001197
0.001953
0.003968
0.000819
0.003842
0.002205
0.001449
0.002583
0.004346
0.001827
0.003149
0.010834
0.002897
0.001638
0.004283
0.003023
0.001701
0.003338
0.011842
0.001386
0.002457
0.005165
0.003779
0.001071
0.002960
0.003716
0.001512
0.002583
0.001890
0.002394
0.004976
0.001764
0.002771
0.002331
0.005669
0.001764
0.002268
0.004976
0.002268
0.002331
0.003338
0.003968
0.002708
0.004031
0.003086
0.002897
0.008188
0.004535
0.001449
0.003275
0.003401
0.002016
0.002520
0.010771
0.002457
0.000756
0.002457
0.002646
0.001701
0.001575
0.002079
0.002960
0.002897
0.002268
0.001449
0.004283
0.002457
0.001575
0.002016
0.003716
0.001638
0.001638
0.002142
0.007181
0.002583
0.003842
0.002771
0.003023
0.006866
0.001575
0.003653
0.002520
0.005606
0.001197
0.008566
0.003590
0.002646
0.000819
0.002708
0.002142
0.001638
0.001764
0.003023
0.002646
0.003464
0.001512
0.003338
0.002268
0.004283
0.000819
0.004346
0.002331
0.002457
0.001008
0.005795
0.005102
0.002079
0.003527
0.003590
0.004283
0.006299
0.007307
0.002016
0.001323
0.003779
0.001953
0.002897
0.001701
0.003086
0.000945
0.004598
0.002142
0.002079
0.003338
0.001701
0.001134
0.003716
0.003968
0.002016
0.001512
0.003590
0.001323
0.004598
0.002016
0.002646
0.001701
0.002897
0.002960
0.002583
0.003464
0.002834
0.002457
0.005291
