0.165155
0.003275
0.003212
0.004661
0.002646
0.002331
0.003590
0.002708
0.002708
0.002457
0.004976
0.002268
0.002016
0.003212
0.003968
0.004913
0.004157
0.002268
0.001764
0.003716
0.001449
0.002771
0.005354
0.001323
0.002897
0.002016
0.006551
0.005543
0.002331
0.002142
0.007433
0.009511
0.005039
0.003338
0.003779
0.002646
0.002268
0.004472
0.006866
0.001197
0.003275
0.001638
0.004850
0.001134
0.005291
0.002016
0.006992
0.000756
0.002834
0.001449
0.002708
0.001386
0.001890
0.001386
0.002708
0.000945
0.004409
0.002708
0.009574
0.002394
0.006236
0.002646
0.005102
0.003212
0.003590
0.003275
0.002771
0.004472
0.001764
0.006803
0.003275
0.001764
0.001008
0.004598
0.002205
0.001827
0.001134
0.007433
0.001197
0.003842
0.001197
0.002960
0.001764
0.002079
0.001008
0.002771
0.001575
0.001071
0.002960
0.010204
0.003905
0.001890
0.002016
0.004409
0.003086
0.009133
0.005480
0.003401
0.003212
0.003086
0.003338
0.003086
0.002394
0.002331
0.002457
0.005417
0.002583
0.002520
0.005417
0.002205
0.002457
0.002331
0.005480
0.001827
0.001134
0.002457
0.001260
0.004157
0.002583
0.001386
0.006551
0.004724
0.002583
0.002834
0.011023
0.003527
0.002771
0.002142
0.002708
0.001890
0.003653
0.009511
0.001764
0.002394
0.005354
0.003590
0.001512
0.002520
0.004472
0.000945
0.002960
0.002394
0.001701
0.004031
0.002646
0.002016
0.002331
0.006110
0.003149
0.001827
0.004976
0.001827
0.003338
0.002331
0.004346
0.003086
0.005858
0.003464
0.003401
0.005606
0.004850
0.002394
0.004535
0.002583
0.003968
0.002394
0.009511
0.002583
0.002142
0.001197
0.003212
0.000882
0.002771
0.002268
0.002708
0.001386
0.004346
0.001512
0.004661
0.001512
0.002394
0.002268
0.004094
0.001386
0.002268
0.004031
0.006488
0.001512
0.005606
0.003779
0.003212
0.002834
0.001764
0.003338
0.002708
0.004157
0.002016
0.010834
0.003464
0.002771
0.001008
0.002834
0.002016
0.001197
0.001638
0.003338
0.001827
0.002205
0.000756
0.003842
0.001827
0.003401
0.001071
0.003779
0.001386
0.001953
0.001701
0.006110
0.003968
0.001701
0.003338
0.003590
0.004094
0.005039
0.011905
0.002646
0.001827
0.001890
0.003842
0.004031
0.002583
0.001890
0.001197
0.004157
0.002079
0.001260
0.005606
0.001260
0.002520
0.002897
0.006173
0.002897
0.002142
0.001827
0.002205
0.004094
0.002646
0.002331
0.003842
0.002646
0.001827
0.002268
0.005165
0.003779
0.003905
0.003401
