0.140653
0.002457
0.003716
0.005795
0.003716
0.002583
0.003905
0.003590
0.005228
0.002205
0.004724
0.001638
0.004094
0.002520
0.002394
0.004157
0.003086
0.001449
0.001512
0.004031
0.001764
0.001890
0.004535
0.001827
0.003275
0.001134
0.005606
0.004787
0.003716
0.002520
0.005669
0.006677
0.005921
0.003527
0.005039
0.006614
0.001890
0.002520
0.008188
0.003338
0.002520
0.001197
0.004598
0.002142
0.002897
0.001512
0.004535
0.002205
0.002834
0.002394
0.002897
0.003716
0.001890
0.002331
0.002079
0.001512
0.002708
0.004535
0.008440
0.004913
0.005354
0.003590
0.005417
0.007055
0.004913
0.002394
0.006047
0.005543
0.002583
0.004220
0.005417
0.002520
0.001638
0.002708
0.002583
0.002079
0.002079
0.002268
0.002583
0.003338
0.004346
0.001323
0.003275
0.002142
0.001575
0.001260
0.002016
0.001134
0.005039
0.004031
0.006866
0.003275
0.005039
0.002834
0.005858
0.006047
0.003779
0.001386
0.003149
0.006866
0.002708
0.001764
0.003779
0.003212
0.001890
0.002771
0.003527
0.004913
0.004031
0.001386
0.003716
0.003464
0.004283
0.001575
0.002016
0.002834
0.001575
0.002331
0.002646
0.001512
0.003338
0.002079
0.003464
0.004031
0.005102
0.002394
0.003023
0.004157
0.004346
0.001449
0.003590
0.010582
0.002897
0.001575
0.005795
0.003779
0.002268
0.002205
0.002834
0.001827
0.004535
0.002268
0.002646
0.003842
0.003086
0.001701
0.003590
0.005669
0.002079
0.001512
0.005354
0.002142
0.003527
0.001134
0.003338
0.005039
0.004094
0.001953
0.005102
0.005795
0.008440
0.003464
0.006173
0.004157
0.002394
0.002646
0.012472
0.004283
0.001197
0.001386
0.001890
0.001890
0.001953
0.001953
0.004283
0.002520
0.003275
0.001386
0.003716
0.002646
0.001512
0.001764
0.003590
0.001512
0.001827
0.004157
0.006047
0.003590
0.004787
0.003968
0.005102
0.006677
0.003212
0.003527
0.005039
0.007307
0.004031
0.007937
0.004850
0.003275
0.001008
0.000630
0.002205
0.001575
0.001890
0.001764
0.002205
0.001827
0.002457
0.002016
0.002394
0.002646
0.001512
0.001827
0.001953
0.001197
0.003842
0.002583
0.005543
0.002520
0.005417
0.002897
0.007748
0.004409
0.007937
0.001701
0.003149
0.003149
0.003401
0.001953
0.003464
0.003275
0.001638
0.001764
0.002897
0.002142
0.003086
0.001575
0.002205
0.003527
0.005417
0.001638
0.002394
0.001890
0.002268
0.003527
0.002331
0.001890
0.002394
0.001512
0.003149
0.003401
0.004472
0.002331
0.003716
0.004535
