0.189594
0.002960
0.003464
0.006677
0.002646
0.002394
0.001890
0.003905
0.002646
0.001512
0.003590
0.004409
0.002016
0.001512
0.002394
0.007370
0.002834
0.001512
0.001764
0.005921
0.000945
0.001449
0.003842
0.002205
0.002205
0.001386
0.004283
0.005669
0.002771
0.001260
0.006425
0.013668
0.003905
0.002960
0.003716
0.004409
0.001008
0.004598
0.006677
0.002834
0.001764
0.001575
0.005354
0.001449
0.002708
0.001134
0.006866
0.001197
0.001638
0.001323
0.002205
0.003023
0.001260
0.001575
0.002520
0.001260
0.001827
0.002960
0.011023
0.003968
0.006866
0.002520
0.008440
0.002897
0.003023
0.002205
0.004661
0.004283
0.001134
0.005795
0.005228
0.002457
0.001134
0.004535
0.002394
0.002708
0.000567
0.006614
0.001701
0.003212
0.001197
0.002142
0.002142
0.002394
0.000504
0.002331
0.002834
0.002520
0.001386
0.009574
0.004094
0.003401
0.001449
0.003149
0.002646
0.005858
0.002708
0.002771
0.004157
0.004031
0.002771
0.002394
0.003464
0.003779
0.001953
0.003716
0.002771
0.002960
0.006740
0.001071
0.002646
0.002457
0.003842
0.001260
0.001953
0.002457
0.001071
0.003779
0.002142
0.001449
0.003968
0.003086
0.002331
0.002646
0.012598
0.002394
0.001701
0.002834
0.001953
0.001449
0.003275
0.012598
0.002457
0.001764
0.004283
0.005984
0.001764
0.002079
0.004283
0.001827
0.003023
0.001323
0.001512
0.006299
0.002205
0.001638
0.002897
0.005732
0.001890
0.001827
0.004031
0.003905
0.003275
0.001827
0.003590
0.004976
0.003212
0.003590
0.003779
0.006677
0.003779
0.002142
0.003779
0.002960
0.002142
0.003086
0.010267
0.003149
0.001386
0.001701
0.002268
0.001890
0.001386
0.001638
0.003023
0.002268
0.002457
0.000882
0.004724
0.001827
0.001323
0.001890
0.003653
0.001953
0.001008
0.003842
0.006740
0.002205
0.004787
0.004283
0.003779
0.004283
0.001953
0.002708
0.002771
0.004094
0.001890
0.010582
0.004283
0.003527
0.001134
0.001701
0.002331
0.002394
0.001575
0.001512
0.002016
0.002708
0.001008
0.003905
0.001512
0.003149
0.000756
0.003527
0.002520
0.002268
0.001386
0.006047
0.003968
0.001323
0.003338
0.002457
0.005417
0.006236
0.009574
0.002016
0.002457
0.002583
0.003338
0.003275
0.002268
0.002897
0.001134
0.004031
0.001953
0.001701
0.004913
0.001134
0.002205
0.003527
0.003590
0.002016
0.002708
0.001764
0.001386
0.003023
0.002016
0.003212
0.002205
0.001827
0.002457
0.003464
0.004157
0.001890
0.003779
0.004346
