0.117326
0.001171
0.003577
0.004292
0.002601
0.002927
0.008325
0.004097
0.002016
0.002276
0.005983
0.002471
0.003057
0.002927
0.004357
0.010731
0.004618
0.002016
0.002992
0.007284
0.002341
0.001106
0.010601
0.004097
0.001756
0.003447
0.005788
0.001561
0.002341
0.002016
0.007544
0.010016
0.005073
0.001951
0.002536
0.003837
0.002992
0.001301
0.006178
0.002211
0.002211
0.002992
0.006439
0.001886
0.005983
0.001236
0.004813
0.001886
0.003447
0.001041
0.003122
0.003902
0.002601
0.002146
0.010796
0.003122
0.002471
0.001756
0.004488
0.001626
0.007999
0.002797
0.004553
0.002927
0.003447
0.002081
0.002211
0.005528
0.001886
0.006699
0.002081
0.004878
0.001431
0.004227
0.004748
0.001756
0.001821
0.004553
0.002146
0.007479
0.002666
0.003122
0.002211
0.005268
0.002797
0.008910
0.003382
0.003187
0.000976
0.002601
0.001886
0.002406
0.002471
0.003707
0.003057
0.009105
0.002341
0.002862
0.001886
0.002992
0.002666
0.008780
0.003642
0.002536
0.002016
0.002992
0.002862
0.001496
0.007349
0.003252
0.003512
0.003122
0.004553
0.002601
0.002081
0.005008
0.003382
0.005723
0.002016
0.002797
0.001626
0.004878
0.003772
0.001171
0.004488
0.004097
0.002276
0.001626
0.001301
0.000976
0.004748
0.006699
0.002211
0.003317
0.007414
0.002211
0.001886
0.001431
0.006113
0.003642
0.003902
0.001691
0.003772
0.009365
0.003252
0.002797
0.002992
0.006959
0.002081
0.002276
0.009105
0.002666
0.002471
0.002471
0.005918
0.002797
0.002146
0.001691
0.004943
0.007804
0.005008
0.003057
0.003837
0.001951
0.003057
0.002536
0.005073
0.002276
0.002016
0.001821
0.008910
0.002406
0.004618
0.001756
0.004032
0.002601
0.003447
0.000715
0.003382
0.001561
0.001886
0.003122
0.007934
0.001756
0.001691
0.001106
0.002471
0.001236
0.004357
0.001691
0.002406
0.004878
0.002406
0.001951
0.002862
0.005333
0.001626
0.004618
0.002016
0.003122
0.002406
0.006178
0.003447
0.002471
0.002666
0.002666
0.002471
0.007219
0.001561
0.002732
0.001236
0.003382
0.001561
0.005983
0.005658
0.001496
0.001431
0.003902
0.001821
0.003187
0.002536
0.001886
0.002927
0.007089
0.004813
0.002406
0.001951
0.001756
0.001821
0.005528
0.004357
0.001951
0.002536
0.003512
0.001626
0.001236
0.004748
0.002081
0.001951
0.005593
0.005268
0.002341
0.002471
0.003057
0.002341
0.003252
0.002601
0.001561
0.002406
0.006113
0.002666
0.002601
0.003122
0.002666
0.001756
0.003317
