0.080385
0.002992
0.004292
0.005138
0.003837
0.004683
0.004097
0.003187
0.002666
0.004162
0.004162
0.002081
0.003122
0.006829
0.002797
0.005398
0.003447
0.002992
0.003642
0.008650
0.001626
0.003317
0.004032
0.004422
0.002016
0.005073
0.005723
0.004357
0.001171
0.003187
0.003122
0.003577
0.003837
0.001951
0.003577
0.004553
0.002601
0.003252
0.003122
0.003382
0.001626
0.003512
0.007089
0.002666
0.002666
0.003122
0.002536
0.003122
0.002732
0.004097
0.002016
0.005983
0.000976
0.003642
0.005008
0.004878
0.001561
0.004813
0.004097
0.003837
0.003317
0.004097
0.002341
0.003642
0.002406
0.002927
0.002601
0.007804
0.002016
0.005528
0.002016
0.003512
0.001171
0.005723
0.004618
0.002471
0.001756
0.004422
0.003317
0.003642
0.002927
0.003382
0.003642
0.004488
0.002992
0.004683
0.004097
0.003317
0.002927
0.004878
0.003382
0.002927
0.002601
0.002471
0.004227
0.005593
0.002406
0.003057
0.003317
0.004422
0.002732
0.005983
0.002992
0.006634
0.002211
0.003967
0.003642
0.003577
0.004683
0.003967
0.004162
0.003837
0.004488
0.005268
0.002406
0.004878
0.002536
0.003382
0.002666
0.003967
0.003252
0.008195
0.004748
0.002536
0.002276
0.003642
0.002927
0.002992
0.001886
0.003447
0.002341
0.004683
0.004357
0.006113
0.004292
0.003122
0.001626
0.002862
0.004227
0.004227
0.004292
0.005853
0.002732
0.006178
0.002016
0.003772
0.002797
0.007999
0.003057
0.003772
0.003902
0.003642
0.002081
0.003577
0.005593
0.004292
0.001886
0.003252
0.003772
0.003967
0.005398
0.002211
0.003382
0.002601
0.002536
0.003317
0.002797
0.003447
0.001431
0.001626
0.008065
0.002666
0.001951
0.003382
0.002081
0.003967
0.002471
0.003122
0.002341
0.002862
0.001756
0.004227
0.004032
0.003967
0.001561
0.003967
0.002797
0.002146
0.002211
0.004292
0.003057
0.006048
0.001301
0.003187
0.001951
0.007609
0.002732
0.004618
0.003252
0.003447
0.001301
0.007934
0.002797
0.003317
0.002146
0.003902
0.003252
0.004162
0.002666
0.004227
0.002341
0.004162
0.003512
0.003642
0.005333
0.003122
0.002146
0.005398
0.001886
0.003577
0.002797
0.002471
0.004943
0.005138
0.002797
0.003187
0.002081
0.003382
0.003122
0.005203
0.005073
0.005528
0.001951
0.003837
0.002146
0.003382
0.003252
0.003512
0.003252
0.007739
0.007479
0.004292
0.002016
0.002927
0.002211
0.002471
0.003252
0.003317
0.003057
0.008260
0.002536
0.003512
0.001496
0.002927
0.002732
0.004422
