0.161691
0.003401
0.003212
0.006173
0.001701
0.001827
0.002771
0.003779
0.001575
0.001323
0.003212
0.001890
0.001701
0.001512
0.001764
0.006551
0.001512
0.001386
0.000945
0.004724
0.000567
0.001953
0.002520
0.001071
0.002520
0.002520
0.005858
0.006236
0.002079
0.002079
0.006236
0.014235
0.004724
0.005228
0.003086
0.004031
0.001575
0.003968
0.004346
0.001953
0.002016
0.002268
0.004220
0.000378
0.002960
0.001764
0.004283
0.001134
0.001575
0.002268
0.001134
0.001386
0.001323
0.001449
0.001260
0.001323
0.003653
0.006614
0.009070
0.002771
0.006236
0.004283
0.007559
0.002520
0.003338
0.006236
0.003338
0.006488
0.001260
0.008188
0.004157
0.002268
0.001260
0.006110
0.000756
0.001575
0.001197
0.005984
0.000756
0.004661
0.001260
0.002771
0.000693
0.002520
0.001323
0.002394
0.001197
0.001701
0.002960
0.013668
0.004346
0.003527
0.002331
0.010330
0.002142
0.007874
0.006488
0.005291
0.002394
0.005039
0.004094
0.004913
0.001323
0.002897
0.002457
0.005228
0.001260
0.001638
0.007118
0.003149
0.000630
0.001827
0.003653
0.001827
0.000504
0.001890
0.001008
0.003779
0.001008
0.000504
0.005543
0.009007
0.000945
0.002646
0.016377
0.006173
0.001134
0.003527
0.002205
0.002205
0.002394
0.012913
0.002457
0.002268
0.004850
0.005291
0.001008
0.001827
0.002268
0.001323
0.001827
0.001071
0.000630
0.006362
0.001323
0.001323
0.001071
0.004157
0.001386
0.001197
0.002268
0.002268
0.002205
0.001701
0.002897
0.004031
0.003275
0.004031
0.002897
0.006803
0.004787
0.003968
0.003527
0.002205
0.002394
0.006110
0.009826
0.002771
0.001260
0.001197
0.001323
0.000945
0.001764
0.002331
0.001764
0.001071
0.002897
0.001575
0.002457
0.000882
0.001071
0.002331
0.001953
0.001071
0.002520
0.005417
0.005480
0.001512
0.005165
0.005228
0.003086
0.003905
0.002771
0.007433
0.002016
0.005417
0.002520
0.012850
0.003401
0.003716
0.001260
0.002457
0.001071
0.001890
0.001134
0.004346
0.001386
0.002583
0.001071
0.005858
0.000693
0.003338
0.000945
0.004157
0.001134
0.001134
0.000945
0.008566
0.003464
0.002583
0.004157
0.005858
0.002897
0.007748
0.012346
0.005921
0.001134
0.002960
0.004157
0.007433
0.001260
0.002331
0.001638
0.004913
0.001071
0.001197
0.003905
0.002268
0.000756
0.002016
0.004157
0.001953
0.000315
0.002142
0.001701
0.004598
0.000882
0.001764
0.004157
0.005228
0.001827
0.002520
0.005291
0.006110
0.002142
0.004850
