0.127016
0.001301
0.004878
0.004748
0.002927
0.001951
0.011316
0.002862
0.001756
0.002536
0.005918
0.002862
0.003187
0.002862
0.004292
0.008975
0.004227
0.001301
0.003122
0.005463
0.001301
0.001821
0.008910
0.005593
0.002211
0.003317
0.007284
0.002146
0.001236
0.001301
0.006178
0.008195
0.003902
0.001561
0.003122
0.003837
0.003837
0.000845
0.008390
0.001626
0.001691
0.002666
0.007479
0.001886
0.005723
0.001301
0.004813
0.002081
0.003967
0.001691
0.002797
0.002862
0.002276
0.002927
0.009690
0.003187
0.003122
0.001756
0.004292
0.001236
0.006764
0.003642
0.004813
0.003512
0.002081
0.001626
0.002927
0.004488
0.001236
0.007154
0.001691
0.005138
0.001496
0.004553
0.003772
0.002471
0.001236
0.002862
0.002341
0.007414
0.002146
0.002146
0.002081
0.004292
0.002601
0.007609
0.003642
0.003642
0.000520
0.003252
0.003837
0.001691
0.002862
0.002927
0.004292
0.009365
0.003512
0.003382
0.002341
0.002016
0.002471
0.006959
0.003317
0.002406
0.002276
0.002732
0.002992
0.001171
0.005593
0.001561
0.005463
0.001821
0.004878
0.001041
0.002406
0.004683
0.004097
0.005203
0.001951
0.002081
0.002081
0.003642
0.004097
0.001626
0.005073
0.003772
0.003382
0.001691
0.001496
0.001431
0.005268
0.006959
0.002081
0.003317
0.009105
0.002081
0.002081
0.002666
0.007804
0.003577
0.004813
0.001431
0.003187
0.005788
0.002927
0.001691
0.004553
0.007674
0.001691
0.001951
0.007154
0.002797
0.002536
0.001951
0.008650
0.003187
0.002601
0.000976
0.004683
0.005658
0.005528
0.002276
0.003707
0.002341
0.003057
0.001626
0.006178
0.001886
0.001951
0.002081
0.011707
0.002797
0.004032
0.001756
0.004357
0.002276
0.002797
0.001301
0.004943
0.001041
0.002146
0.002992
0.006569
0.002666
0.002601
0.001171
0.003772
0.001626
0.003642
0.001821
0.003057
0.003837
0.001886
0.002211
0.003707
0.007024
0.001301
0.004618
0.003512
0.001886
0.002341
0.007544
0.003317
0.002862
0.001496
0.001561
0.002341
0.005008
0.000715
0.001886
0.002146
0.004032
0.001951
0.003837
0.005073
0.002341
0.001431
0.003707
0.001626
0.002992
0.002927
0.002406
0.002732
0.004748
0.005528
0.004032
0.002601
0.002016
0.002146
0.004422
0.003967
0.001756
0.003447
0.003707
0.001886
0.002341
0.005073
0.001366
0.003057
0.005008
0.006374
0.001366
0.003837
0.002016
0.002276
0.002732
0.003252
0.001756
0.002797
0.005073
0.002927
0.002992
0.002862
0.001561
0.001496
0.002471
