0.132544
0.001756
0.003837
0.003577
0.002146
0.002081
0.008130
0.003642
0.001561
0.001756
0.005203
0.004227
0.002797
0.001496
0.003642
0.010341
0.003902
0.001756
0.002341
0.004943
0.002016
0.001561
0.008260
0.004422
0.001496
0.003317
0.003707
0.002601
0.001756
0.002211
0.004943
0.006178
0.004488
0.003057
0.003057
0.004032
0.003837
0.001691
0.007349
0.002992
0.001756
0.004553
0.005918
0.002601
0.005983
0.001626
0.005593
0.002601
0.003057
0.001171
0.003772
0.002146
0.002732
0.003707
0.009625
0.003707
0.001821
0.001561
0.003382
0.002276
0.007739
0.003057
0.005723
0.004357
0.003187
0.001951
0.003122
0.004683
0.001496
0.004032
0.001691
0.005138
0.002406
0.004357
0.004357
0.003577
0.001626
0.003187
0.002666
0.005853
0.002081
0.001561
0.002471
0.003707
0.002211
0.010471
0.003512
0.005398
0.001106
0.003577
0.002536
0.003447
0.001821
0.003122
0.002992
0.009951
0.003447
0.002341
0.002016
0.003512
0.002276
0.006309
0.002732
0.002992
0.001821
0.003512
0.002276
0.002601
0.006569
0.002927
0.003317
0.002927
0.003317
0.002146
0.001886
0.003577
0.002536
0.007414
0.002536
0.003122
0.001691
0.003317
0.002862
0.002536
0.005138
0.002992
0.002797
0.002146
0.001301
0.001561
0.004488
0.005008
0.001821
0.003122
0.005138
0.001951
0.001951
0.002081
0.003707
0.003122
0.003382
0.002016
0.002927
0.007284
0.002211
0.002862
0.002732
0.005593
0.001821
0.002797
0.005788
0.003512
0.002797
0.002471
0.004422
0.002406
0.002797
0.001951
0.003772
0.005268
0.003967
0.002992
0.004422
0.004357
0.002341
0.002601
0.005788
0.003707
0.002276
0.003902
0.008975
0.004357
0.005138
0.002211
0.003187
0.003902
0.003772
0.001626
0.003967
0.001951
0.002471
0.004683
0.006243
0.002992
0.002146
0.000976
0.004553
0.002081
0.004813
0.002016
0.003707
0.004813
0.002536
0.002081
0.003577
0.006243
0.001561
0.003642
0.002341
0.002797
0.003837
0.008130
0.003252
0.003577
0.002797
0.002601
0.002992
0.004553
0.000845
0.001886
0.001626
0.003772
0.002146
0.006439
0.005008
0.003642
0.001626
0.002797
0.001691
0.004292
0.002732
0.001756
0.003382
0.007219
0.003252
0.002471
0.002276
0.001691
0.001106
0.004097
0.003317
0.002471
0.002016
0.003252
0.002016
0.002601
0.004683
0.001951
0.002732
0.003317
0.003902
0.002081
0.002732
0.003057
0.001886
0.004748
0.002992
0.002862
0.001886
0.004357
0.002276
0.004292
0.003642
0.002016
0.002211
0.003447
