0.110042
0.001756
0.002666
0.004422
0.001951
0.000976
0.006309
0.002536
0.001236
0.002016
0.004943
0.002797
0.001301
0.001171
0.002146
0.005528
0.002666
0.001301
0.001561
0.003122
0.002732
0.002081
0.008195
0.006243
0.001561
0.002081
0.003577
0.001236
0.001886
0.002471
0.006829
0.006439
0.007544
0.002732
0.005073
0.003707
0.004292
0.001301
0.009300
0.001821
0.003512
0.003967
0.005398
0.003187
0.005658
0.001041
0.003772
0.001171
0.003122
0.000520
0.002341
0.001496
0.006634
0.003967
0.014568
0.004878
0.002341
0.001496
0.003512
0.000911
0.011511
0.004162
0.006959
0.004488
0.004227
0.003252
0.002992
0.006634
0.001626
0.007739
0.001366
0.004032
0.002732
0.005138
0.004488
0.004097
0.001301
0.004488
0.002276
0.006374
0.002146
0.002471
0.001366
0.005593
0.004878
0.013463
0.006439
0.006894
0.000650
0.002666
0.001691
0.002862
0.003902
0.006048
0.005138
0.009951
0.004292
0.003057
0.001496
0.002341
0.002146
0.007089
0.002081
0.000911
0.002276
0.003772
0.002406
0.001691
0.006178
0.002536
0.001691
0.001886
0.003642
0.001496
0.000976
0.002862
0.006374
0.008195
0.003512
0.002341
0.001496
0.002211
0.003382
0.001301
0.006178
0.004748
0.002732
0.002992
0.001951
0.001496
0.004162
0.005788
0.001301
0.002927
0.005268
0.001301
0.001951
0.002666
0.005658
0.005138
0.003642
0.000845
0.001821
0.004878
0.001431
0.001756
0.001626
0.003967
0.002536
0.001691
0.004683
0.002732
0.001691
0.001366
0.003837
0.001431
0.002341
0.001431
0.003837
0.005723
0.007674
0.003772
0.005398
0.003252
0.002341
0.002081
0.005853
0.001431
0.004357
0.003577
0.010796
0.004227
0.004943
0.000780
0.003122
0.001821
0.002276
0.000520
0.002797
0.000976
0.003707
0.004162
0.008260
0.002601
0.003577
0.000976
0.002927
0.000976
0.008065
0.002536
0.004422
0.004488
0.003707
0.004748
0.005073
0.008390
0.001301
0.004357
0.002992
0.003057
0.005008
0.009365
0.005463
0.004357
0.001756
0.002862
0.002276
0.006178
0.000976
0.001561
0.001691
0.003837
0.003057
0.007479
0.005398
0.003382
0.001301
0.002927
0.001626
0.002406
0.004553
0.002927
0.003057
0.007219
0.005593
0.004878
0.002016
0.001691
0.001236
0.003317
0.003252
0.000911
0.002797
0.003577
0.001496
0.002276
0.004488
0.000976
0.001366
0.003382
0.004097
0.000976
0.001626
0.002732
0.002471
0.005008
0.003187
0.001431
0.000976
0.003252
0.001236
0.000845
0.005203
0.002797
0.001496
0.002211
