0.120838
0.000911
0.003057
0.005723
0.001236
0.002732
0.009820
0.004357
0.000455
0.002016
0.006504
0.002601
0.002016
0.001756
0.004097
0.011121
0.002797
0.000715
0.001951
0.006048
0.001626
0.002536
0.013658
0.006374
0.000455
0.003642
0.004553
0.002146
0.000715
0.001886
0.005463
0.010146
0.006048
0.001236
0.002666
0.003512
0.002601
0.000976
0.008455
0.001171
0.000845
0.005203
0.006309
0.001236
0.005008
0.001496
0.003447
0.001431
0.003057
0.000650
0.002276
0.001756
0.002471
0.003772
0.011446
0.001886
0.001431
0.001821
0.004422
0.001041
0.008260
0.002276
0.003642
0.002536
0.003252
0.002016
0.000585
0.004878
0.001301
0.010666
0.001691
0.004683
0.000715
0.010341
0.003317
0.002211
0.001041
0.006309
0.001951
0.010991
0.001171
0.002862
0.000976
0.006764
0.002146
0.012357
0.003252
0.004097
0.000715
0.006959
0.001626
0.001821
0.001951
0.005333
0.001951
0.009886
0.004943
0.001821
0.000455
0.002146
0.002666
0.008780
0.001041
0.001626
0.001431
0.007284
0.001821
0.000520
0.006634
0.003512
0.001236
0.002797
0.003837
0.002406
0.000780
0.003707
0.005008
0.010991
0.001496
0.001951
0.001951
0.006309
0.001821
0.000780
0.008260
0.004097
0.001756
0.001756
0.000911
0.001561
0.003902
0.005528
0.000976
0.003967
0.006699
0.002471
0.000780
0.001886
0.005853
0.003707
0.003122
0.000976
0.002146
0.006634
0.001431
0.001106
0.002146
0.007804
0.000911
0.002536
0.011446
0.003122
0.000650
0.001756
0.005723
0.003642
0.001496
0.000650
0.003772
0.007739
0.005008
0.001301
0.004813
0.001691
0.002406
0.002146
0.006504
0.001821
0.001561
0.002927
0.008195
0.001626
0.004748
0.001496
0.002797
0.001756
0.001886
0.001301
0.002341
0.001366
0.001951
0.005788
0.008910
0.001301
0.001301
0.001041
0.002797
0.000845
0.004292
0.001301
0.003122
0.003967
0.001756
0.003122
0.001366
0.006048
0.001106
0.009886
0.002276
0.002862
0.001366
0.011186
0.003642
0.002536
0.001431
0.003187
0.001106
0.008650
0.000780
0.003252
0.001041
0.005983
0.001561
0.012162
0.004813
0.002471
0.001041
0.006243
0.001496
0.002211
0.003382
0.003122
0.001886
0.006764
0.005593
0.003057
0.000650
0.000845
0.001626
0.006439
0.002927
0.001431
0.002797
0.007479
0.000845
0.000976
0.005788
0.002536
0.000390
0.004488
0.005073
0.002536
0.000911
0.002081
0.002016
0.009300
0.001496
0.001626
0.001691
0.006504
0.001171
0.001236
0.005658
0.002862
0.000845
0.002276
