0.116155
0.002471
0.003837
0.005268
0.001496
0.002797
0.010796
0.003447
0.000520
0.002992
0.005723
0.003122
0.001301
0.003187
0.004357
0.009365
0.002081
0.001821
0.001886
0.005008
0.001431
0.002471
0.011837
0.006699
0.001431
0.004162
0.005268
0.002927
0.001431
0.002601
0.006504
0.009235
0.003512
0.001886
0.003252
0.004097
0.002992
0.001431
0.009690
0.001561
0.001626
0.002276
0.005788
0.001496
0.005528
0.002471
0.005723
0.001236
0.002276
0.001886
0.003187
0.001561
0.002862
0.002536
0.012227
0.003642
0.001561
0.002992
0.003187
0.001301
0.008845
0.003577
0.005593
0.002146
0.003577
0.003707
0.001626
0.005983
0.001236
0.007609
0.001301
0.005398
0.001756
0.005528
0.002666
0.003057
0.001561
0.004292
0.002016
0.009690
0.001626
0.002601
0.001561
0.002862
0.003317
0.009430
0.003512
0.005723
0.001106
0.005788
0.002211
0.002471
0.002732
0.004683
0.003057
0.010666
0.003252
0.003577
0.001236
0.002732
0.002276
0.010146
0.001561
0.002601
0.001366
0.002666
0.001821
0.001626
0.006829
0.003902
0.002666
0.002276
0.002536
0.002471
0.001041
0.002406
0.003187
0.005788
0.001171
0.002341
0.000715
0.007349
0.002276
0.002081
0.004618
0.004813
0.001756
0.001691
0.001951
0.002276
0.004292
0.006894
0.001691
0.004748
0.006894
0.002992
0.001496
0.002276
0.005008
0.004748
0.002081
0.002081
0.003577
0.007414
0.001951
0.002732
0.002797
0.007544
0.001821
0.003057
0.007609
0.004618
0.002146
0.002797
0.007284
0.002732
0.002081
0.001951
0.003967
0.005528
0.005723
0.002797
0.004227
0.002797
0.002276
0.002276
0.005008
0.001561
0.001691
0.002081
0.010081
0.002406
0.003382
0.001626
0.004422
0.002211
0.001756
0.001496
0.003772
0.001106
0.001236
0.002927
0.007154
0.001756
0.002341
0.001496
0.003577
0.001691
0.004422
0.003057
0.003252
0.002797
0.002927
0.003837
0.001886
0.007739
0.001171
0.005203
0.001561
0.003122
0.002081
0.010276
0.002601
0.003512
0.001691
0.004227
0.001301
0.004162
0.001626
0.004292
0.001236
0.004097
0.002601
0.006699
0.003837
0.003317
0.001236
0.005008
0.001301
0.004032
0.003122
0.003512
0.001626
0.007154
0.004618
0.003317
0.001626
0.001496
0.001496
0.005918
0.002276
0.002016
0.001756
0.004943
0.001041
0.001821
0.003837
0.002341
0.002341
0.002797
0.003902
0.003447
0.002016
0.002081
0.001301
0.004227
0.002146
0.002341
0.001366
0.008780
0.000976
0.003057
0.003577
0.003447
0.001366
0.002211
