0.117536
0.003842
0.003023
0.004598
0.003464
0.002960
0.003779
0.002834
0.005354
0.003464
0.005102
0.002834
0.005606
0.003716
0.003338
0.005543
0.003716
0.002708
0.002583
0.005480
0.003212
0.003086
0.005228
0.002897
0.003212
0.001827
0.004346
0.004220
0.003338
0.002268
0.003086
0.005165
0.005795
0.003401
0.002268
0.004409
0.002520
0.003716
0.005732
0.002331
0.002205
0.001638
0.003653
0.002268
0.003590
0.001890
0.003590
0.002520
0.002394
0.002834
0.002520
0.004157
0.001890
0.003779
0.003464
0.002646
0.002520
0.004787
0.005795
0.004535
0.004913
0.004472
0.003149
0.003716
0.003338
0.001764
0.003401
0.005543
0.003149
0.004850
0.004220
0.002205
0.001449
0.002646
0.002142
0.003149
0.002646
0.002457
0.002520
0.002897
0.004787
0.002268
0.002394
0.003023
0.002079
0.002142
0.004157
0.001701
0.004283
0.003212
0.006236
0.002960
0.004031
0.001701
0.005102
0.005165
0.003527
0.002394
0.003590
0.006488
0.002205
0.001449
0.003716
0.004220
0.003464
0.004220
0.005480
0.004913
0.004787
0.002205
0.004598
0.004724
0.006425
0.002079
0.002708
0.003905
0.002142
0.003905
0.003212
0.002646
0.003023
0.002079
0.002708
0.003464
0.003716
0.002834
0.002583
0.002079
0.004283
0.003023
0.003842
0.007685
0.002960
0.002205
0.004094
0.003779
0.004283
0.003464
0.003779
0.003149
0.005039
0.003275
0.002205
0.003716
0.003716
0.002016
0.003401
0.007118
0.004283
0.002205
0.006110
0.003653
0.003401
0.002457
0.003275
0.004409
0.003716
0.002771
0.003842
0.003275
0.007559
0.002331
0.003401
0.002897
0.003590
0.002646
0.010015
0.003779
0.002079
0.001701
0.003212
0.001890
0.002897
0.001638
0.002457
0.003716
0.004724
0.002583
0.002583
0.002834
0.002142
0.001953
0.004283
0.002394
0.001701
0.003779
0.004157
0.003401
0.003212
0.004283
0.003023
0.004283
0.002457
0.002016
0.004409
0.006551
0.003149
0.008125
0.004031
0.003275
0.002457
0.001386
0.002583
0.002520
0.002771
0.001890
0.002708
0.002457
0.002457
0.002960
0.001890
0.003653
0.002394
0.002897
0.003023
0.002016
0.003464
0.002394
0.005039
0.002708
0.004976
0.002960
0.005039
0.003023
0.007307
0.001890
0.002646
0.003149
0.002520
0.003338
0.002897
0.003338
0.001890
0.002457
0.005165
0.003842
0.004094
0.002394
0.003590
0.005417
0.006299
0.002394
0.003590
0.003716
0.003023
0.005354
0.003275
0.002583
0.003023
0.002394
0.003212
0.003527
0.003590
0.003275
0.002331
0.003653
