0.101067
0.001821
0.003707
0.003317
0.004227
0.001886
0.006894
0.003122
0.003382
0.003512
0.004032
0.001821
0.003967
0.002862
0.003772
0.005788
0.004292
0.001886
0.002146
0.004032
0.003187
0.002406
0.005333
0.002276
0.002666
0.004097
0.005983
0.002016
0.003512
0.001886
0.003642
0.004488
0.007479
0.001626
0.004227
0.003122
0.004227
0.002732
0.005398
0.002016
0.003707
0.002797
0.007414
0.001691
0.005983
0.002406
0.003642
0.001561
0.005333
0.002471
0.002992
0.002666
0.004422
0.003382
0.007414
0.002862
0.003902
0.002927
0.004357
0.002211
0.008390
0.002992
0.004553
0.002016
0.004618
0.001626
0.002862
0.004032
0.003122
0.002341
0.001886
0.002146
0.003447
0.004422
0.003902
0.002016
0.003252
0.002146
0.003057
0.002471
0.004162
0.001626
0.002666
0.002992
0.004748
0.004748
0.004422
0.002081
0.004097
0.002862
0.003447
0.001626
0.004357
0.001821
0.004357
0.006113
0.005268
0.002406
0.003057
0.002406
0.005268
0.006959
0.003252
0.002146
0.004162
0.002732
0.004943
0.002081
0.008065
0.001301
0.003447
0.002081
0.006309
0.002341
0.003252
0.004032
0.005203
0.003707
0.003447
0.002471
0.003707
0.005268
0.005528
0.001821
0.006504
0.002406
0.003577
0.001561
0.003642
0.001756
0.002601
0.003707
0.003837
0.003642
0.006178
0.002927
0.003317
0.001821
0.004553
0.002471
0.005593
0.002146
0.002732
0.004032
0.002732
0.002081
0.002862
0.005463
0.004683
0.003057
0.005918
0.002732
0.003642
0.001366
0.006439
0.001301
0.004422
0.002601
0.003837
0.002862
0.008260
0.002016
0.003707
0.002276
0.005333
0.003057
0.004162
0.001886
0.003772
0.002341
0.008195
0.002732
0.005723
0.002797
0.003187
0.003057
0.005333
0.002211
0.003642
0.002016
0.003967
0.003057
0.005333
0.002081
0.004813
0.001691
0.004488
0.002211
0.006569
0.002927
0.002732
0.004097
0.003577
0.001626
0.003447
0.005723
0.003187
0.002471
0.004032
0.002211
0.003642
0.006959
0.003512
0.001886
0.005203
0.001236
0.002927
0.002536
0.003837
0.001756
0.002341
0.002211
0.004162
0.003382
0.004227
0.002081
0.003187
0.002211
0.002862
0.001821
0.004553
0.001951
0.003122
0.004162
0.006113
0.002146
0.002992
0.001496
0.005138
0.004813
0.005333
0.001821
0.003837
0.002927
0.002797
0.001691
0.007154
0.001431
0.002536
0.002992
0.008520
0.001626
0.002211
0.001496
0.004357
0.002666
0.003967
0.002211
0.004097
0.006634
0.003252
0.001821
0.005723
0.001951
0.003447
0.002016
