0.125585
0.001626
0.003902
0.005398
0.002797
0.003252
0.008455
0.004357
0.001236
0.001886
0.004878
0.003317
0.002601
0.003447
0.002797
0.008780
0.002601
0.001756
0.002666
0.006894
0.001756
0.001886
0.013202
0.007024
0.001886
0.004357
0.005463
0.003187
0.001366
0.002862
0.006178
0.009170
0.003837
0.001691
0.002406
0.003967
0.002211
0.002341
0.009365
0.002601
0.001496
0.003642
0.005788
0.001821
0.004813
0.001431
0.003252
0.002081
0.003252
0.001561
0.002146
0.002797
0.002862
0.002341
0.010471
0.002927
0.002992
0.002016
0.003837
0.002081
0.007674
0.002146
0.004097
0.003187
0.003772
0.001496
0.002666
0.006048
0.001496
0.007219
0.001626
0.006959
0.001756
0.004292
0.004553
0.003967
0.001821
0.003707
0.002016
0.007544
0.002146
0.002276
0.001951
0.003382
0.002732
0.007934
0.003187
0.006309
0.001756
0.003252
0.001951
0.003577
0.001301
0.001496
0.003187
0.007414
0.002406
0.001431
0.001886
0.002081
0.003382
0.006634
0.003187
0.002992
0.003057
0.002601
0.002536
0.001171
0.006894
0.001431
0.002732
0.002992
0.003707
0.001756
0.001561
0.003967
0.003317
0.005658
0.002276
0.002862
0.002471
0.004943
0.003512
0.002732
0.004618
0.002927
0.001626
0.001951
0.001561
0.001431
0.005138
0.007999
0.002341
0.003317
0.008780
0.004162
0.001691
0.001691
0.005398
0.005138
0.003187
0.001431
0.002732
0.006699
0.001756
0.002992
0.003187
0.007544
0.002016
0.002146
0.007349
0.005788
0.002406
0.002666
0.007349
0.002927
0.001626
0.001626
0.003057
0.006309
0.005463
0.002146
0.003642
0.002406
0.002992
0.001886
0.004748
0.002341
0.002406
0.001691
0.009690
0.003577
0.003122
0.001496
0.002016
0.002471
0.002666
0.000845
0.002406
0.001756
0.002146
0.003902
0.007609
0.003057
0.002536
0.001171
0.003252
0.002146
0.004553
0.001951
0.002406
0.003837
0.002406
0.002016
0.003187
0.006894
0.001431
0.003447
0.002797
0.004162
0.003317
0.007999
0.002927
0.004422
0.002016
0.001561
0.001691
0.004618
0.001106
0.003057
0.001886
0.003967
0.002016
0.006243
0.003772
0.003772
0.000911
0.004422
0.001886
0.006439
0.004162
0.001496
0.002601
0.007024
0.004032
0.002016
0.001301
0.001951
0.002601
0.004813
0.004097
0.002601
0.003317
0.001951
0.001561
0.002276
0.004097
0.001821
0.002081
0.002732
0.005788
0.001756
0.001756
0.002666
0.001691
0.004032
0.002081
0.002471
0.003577
0.007089
0.001756
0.003187
0.003707
0.001496
0.001561
0.002927
