0.160305
0.002205
0.004346
0.004472
0.002457
0.001953
0.004094
0.004031
0.002142
0.001197
0.005732
0.002205
0.002268
0.001449
0.002394
0.004535
0.002142
0.001575
0.001638
0.005291
0.000504
0.001512
0.003905
0.001260
0.002331
0.001386
0.006866
0.005291
0.002583
0.002457
0.007999
0.012724
0.005543
0.004031
0.004724
0.005732
0.001890
0.003086
0.007622
0.003149
0.001449
0.001386
0.004472
0.001827
0.002268
0.001953
0.003905
0.001890
0.001260
0.001386
0.002331
0.002520
0.001638
0.001512
0.002646
0.001575
0.002457
0.002457
0.013416
0.004472
0.007055
0.003149
0.007937
0.005102
0.005039
0.003716
0.005858
0.006740
0.002142
0.004472
0.005228
0.001197
0.001008
0.004472
0.002268
0.002520
0.001449
0.004472
0.001638
0.004661
0.001953
0.001575
0.002457
0.001827
0.000756
0.001134
0.001953
0.002205
0.003527
0.009259
0.005165
0.003716
0.002960
0.004976
0.006803
0.007559
0.004031
0.002708
0.004283
0.004661
0.002331
0.001386
0.002708
0.002520
0.001638
0.003275
0.001827
0.002394
0.003905
0.001953
0.002583
0.001512
0.003212
0.000756
0.002205
0.002394
0.000945
0.002016
0.002142
0.000756
0.003023
0.003338
0.003086
0.003779
0.010141
0.003401
0.002960
0.003716
0.002268
0.001638
0.004220
0.011275
0.002771
0.001638
0.005165
0.006047
0.001197
0.001134
0.005669
0.001386
0.002142
0.002079
0.001512
0.004031
0.001197
0.001449
0.001890
0.004787
0.001890
0.001197
0.004535
0.002457
0.002520
0.002205
0.004409
0.003779
0.004409
0.003086
0.003905
0.005669
0.006362
0.002646
0.007181
0.004913
0.002394
0.003968
0.012031
0.004409
0.001008
0.001953
0.002457
0.001323
0.001827
0.001701
0.002520
0.001764
0.002205
0.001197
0.003842
0.002079
0.001260
0.001449
0.003338
0.001701
0.001512
0.003905
0.009259
0.003653
0.004976
0.004094
0.004283
0.005921
0.002834
0.003842
0.004661
0.007622
0.002646
0.008251
0.005354
0.003149
0.001323
0.002205
0.002142
0.001575
0.001827
0.002771
0.002205
0.002897
0.001386
0.003464
0.001953
0.003275
0.001575
0.002583
0.002771
0.001512
0.002142
0.004283
0.004598
0.002646
0.004409
0.002960
0.005606
0.006740
0.007748
0.002897
0.003842
0.003149
0.003464
0.002205
0.002205
0.003023
0.000882
0.002583
0.002268
0.001764
0.003653
0.000819
0.001701
0.001953
0.002960
0.001449
0.001890
0.001764
0.001638
0.002457
0.002268
0.002646
0.002646
0.002394
0.003338
0.003401
0.003968
0.002520
0.003779
0.005480
