0.121618
0.000585
0.002927
0.003382
0.002666
0.001561
0.011837
0.003122
0.002146
0.001691
0.004618
0.002927
0.002406
0.001496
0.004813
0.010016
0.004097
0.001496
0.001626
0.004553
0.001756
0.001626
0.010991
0.004553
0.002016
0.002992
0.007999
0.001951
0.002016
0.002341
0.004292
0.007544
0.004878
0.001821
0.002341
0.003577
0.003252
0.001951
0.015284
0.002146
0.001951
0.003317
0.006374
0.002471
0.005658
0.001431
0.005528
0.001756
0.003512
0.001171
0.003967
0.002601
0.002797
0.002732
0.012357
0.003382
0.002081
0.002406
0.005138
0.002016
0.009560
0.001886
0.005008
0.002666
0.003512
0.001561
0.002146
0.004813
0.001496
0.005918
0.002992
0.003642
0.002211
0.004422
0.006178
0.002341
0.001366
0.001496
0.002797
0.006569
0.002666
0.001366
0.002471
0.002666
0.002536
0.007804
0.003707
0.005528
0.001366
0.002666
0.004162
0.002601
0.002666
0.001886
0.003837
0.009170
0.002601
0.001886
0.002601
0.002862
0.002211
0.006634
0.003382
0.002862
0.002211
0.003317
0.004813
0.002341
0.007284
0.001496
0.003772
0.002471
0.004943
0.000715
0.002146
0.003642
0.003382
0.005008
0.003122
0.002406
0.001756
0.003902
0.005658
0.001951
0.006309
0.001561
0.003187
0.001236
0.001626
0.001561
0.004097
0.005268
0.001561
0.003252
0.010146
0.002797
0.002732
0.001431
0.004553
0.003252
0.003447
0.001301
0.002927
0.006764
0.002797
0.001171
0.002536
0.005593
0.002276
0.002666
0.007089
0.003642
0.002016
0.002081
0.007999
0.002341
0.002666
0.001691
0.002471
0.004748
0.006439
0.001171
0.002471
0.002146
0.001821
0.002276
0.006959
0.002601
0.002211
0.002211
0.011707
0.003317
0.003902
0.001691
0.002211
0.003317
0.003707
0.001041
0.003837
0.001366
0.001626
0.004357
0.007934
0.002536
0.002146
0.001821
0.005268
0.002211
0.006634
0.001886
0.001821
0.003382
0.002211
0.001236
0.003772
0.005658
0.001951
0.003707
0.004162
0.002601
0.001886
0.008715
0.003512
0.002341
0.002927
0.001236
0.002797
0.003382
0.001106
0.001756
0.002406
0.002211
0.002471
0.005138
0.006309
0.002276
0.000911
0.002732
0.002536
0.002146
0.004292
0.001301
0.002732
0.007609
0.005398
0.001496
0.002146
0.001821
0.001496
0.004683
0.006504
0.001886
0.002927
0.002601
0.002146
0.001951
0.005593
0.001236
0.002992
0.003317
0.006634
0.001106
0.004162
0.001301
0.002406
0.003772
0.004618
0.002471
0.001366
0.005463
0.004748
0.002341
0.004813
0.001756
0.002732
0.002666
