0.161313
0.003401
0.004157
0.005165
0.002394
0.003401
0.004472
0.004724
0.001953
0.001890
0.004283
0.003023
0.003464
0.001764
0.002708
0.006047
0.002331
0.000756
0.001575
0.004850
0.000630
0.002205
0.003023
0.001260
0.002646
0.002834
0.007433
0.004787
0.002457
0.002205
0.005543
0.011842
0.003968
0.002331
0.002771
0.005228
0.001134
0.004724
0.006551
0.001890
0.002016
0.001449
0.003968
0.001701
0.003464
0.001764
0.003023
0.002079
0.002771
0.001449
0.002331
0.002457
0.001260
0.001953
0.001449
0.001323
0.002897
0.005291
0.010204
0.003401
0.004976
0.003086
0.008440
0.002834
0.003716
0.003842
0.004220
0.006299
0.001827
0.005606
0.005732
0.002331
0.000882
0.004094
0.002394
0.002520
0.001575
0.004031
0.002079
0.003653
0.001701
0.002960
0.001827
0.002457
0.000819
0.002771
0.002079
0.000882
0.001953
0.010456
0.004724
0.003527
0.002708
0.004787
0.003086
0.005984
0.004283
0.004031
0.003149
0.004283
0.004031
0.004031
0.002583
0.002771
0.002079
0.005354
0.001386
0.001764
0.006173
0.002646
0.001134
0.003527
0.004031
0.001764
0.000819
0.003716
0.001449
0.003275
0.001449
0.000882
0.005354
0.006047
0.003527
0.002646
0.009511
0.003842
0.001827
0.004283
0.002960
0.002394
0.003212
0.010960
0.002394
0.003023
0.006047
0.004157
0.001323
0.001827
0.003338
0.001260
0.002960
0.002079
0.001890
0.004913
0.002331
0.001575
0.002960
0.005732
0.001953
0.002016
0.003527
0.002142
0.002331
0.003212
0.003905
0.004598
0.002960
0.003464
0.003779
0.006614
0.005795
0.002520
0.004346
0.003779
0.002331
0.003968
0.010519
0.003275
0.001071
0.002268
0.002394
0.001890
0.002205
0.001827
0.002079
0.001701
0.002520
0.001386
0.002520
0.002646
0.001953
0.001638
0.002708
0.001449
0.001890
0.005039
0.006488
0.001827
0.004724
0.003464
0.003086
0.005417
0.003086
0.003842
0.002897
0.006110
0.001827
0.010078
0.004787
0.002897
0.001008
0.002079
0.001827
0.001512
0.001449
0.002142
0.002331
0.002583
0.001701
0.003149
0.001764
0.003527
0.001827
0.003023
0.001701
0.001827
0.002205
0.006551
0.004976
0.002142
0.002771
0.003905
0.004598
0.005291
0.009322
0.003212
0.002142
0.004220
0.003968
0.005543
0.002583
0.002520
0.001323
0.003590
0.001827
0.000945
0.003842
0.001260
0.001386
0.003464
0.005165
0.002142
0.001386
0.002205
0.002708
0.003779
0.001638
0.002205
0.003212
0.004031
0.002708
0.002142
0.004472
0.003716
0.002834
0.004661
