0.115245
0.001301
0.003967
0.006309
0.001756
0.002406
0.009105
0.005073
0.000715
0.002081
0.005268
0.003447
0.001886
0.001951
0.003707
0.009951
0.002276
0.000780
0.001626
0.004878
0.000845
0.001106
0.014048
0.008260
0.000976
0.004357
0.005463
0.002992
0.001106
0.001496
0.007349
0.009170
0.004032
0.000715
0.003252
0.003837
0.005268
0.001496
0.013723
0.001496
0.002276
0.003642
0.007479
0.000780
0.008325
0.001106
0.007739
0.001301
0.003122
0.000845
0.003577
0.001496
0.003707
0.001496
0.012357
0.002666
0.002146
0.001756
0.005268
0.001041
0.008650
0.001691
0.004683
0.002601
0.001951
0.001366
0.001366
0.006439
0.001041
0.009560
0.002276
0.007479
0.000715
0.004553
0.004032
0.002992
0.000650
0.003837
0.001496
0.008585
0.000650
0.001236
0.000845
0.007154
0.002276
0.010861
0.003057
0.005073
0.000390
0.005268
0.001756
0.003837
0.000911
0.003707
0.002732
0.010471
0.002732
0.002146
0.001821
0.001366
0.003122
0.010146
0.002406
0.001821
0.002797
0.004162
0.002471
0.000911
0.006764
0.002471
0.001431
0.002666
0.003252
0.001431
0.000911
0.003252
0.006764
0.008715
0.001886
0.001626
0.001236
0.006178
0.003642
0.002211
0.005268
0.003967
0.001756
0.001366
0.000715
0.001171
0.005008
0.006829
0.000780
0.003967
0.005853
0.003122
0.001106
0.000911
0.005463
0.004357
0.002471
0.000911
0.002862
0.007869
0.001041
0.001301
0.002927
0.007154
0.001561
0.001691
0.009560
0.003772
0.001301
0.002341
0.006309
0.003317
0.001236
0.001951
0.004357
0.009105
0.005333
0.001106
0.003902
0.001821
0.003252
0.002536
0.009105
0.000585
0.002276
0.001366
0.011511
0.001626
0.005333
0.000845
0.004162
0.001951
0.003317
0.001236
0.003837
0.001171
0.002276
0.003967
0.007544
0.001431
0.002927
0.001561
0.006309
0.001626
0.004422
0.001041
0.003577
0.004097
0.001236
0.001886
0.001821
0.006699
0.000585
0.006113
0.002016
0.004357
0.001496
0.008910
0.003122
0.003577
0.000976
0.002406
0.001171
0.007414
0.000650
0.002797
0.001041
0.005073
0.000650
0.006113
0.004357
0.003057
0.000520
0.005268
0.001041
0.004748
0.002927
0.001821
0.001691
0.007869
0.003252
0.002406
0.001171
0.001431
0.001756
0.007219
0.003512
0.001951
0.003187
0.003512
0.002341
0.001171
0.004618
0.002211
0.001431
0.003317
0.003837
0.001886
0.001691
0.002081
0.003057
0.005658
0.002601
0.001171
0.001756
0.007089
0.002797
0.002016
0.005073
0.003252
0.001301
0.001756
