0.167423
0.002897
0.002331
0.004787
0.003464
0.003527
0.003401
0.001953
0.006236
0.004157
0.003212
0.002016
0.004535
0.004031
0.001764
0.005669
0.005165
0.003527
0.001386
0.006425
0.002960
0.003779
0.004220
0.001512
0.001701
0.002268
0.003338
0.003212
0.001827
0.002016
0.002394
0.004031
0.004157
0.002016
0.002016
0.004472
0.001701
0.002960
0.004598
0.002583
0.002142
0.003086
0.002520
0.002142
0.002897
0.002016
0.002834
0.003464
0.002834
0.003212
0.001701
0.005417
0.002394
0.004598
0.003212
0.002646
0.001953
0.003653
0.004157
0.004283
0.003653
0.003716
0.002142
0.005291
0.003716
0.001764
0.002520
0.006110
0.001260
0.002960
0.004472
0.001575
0.002016
0.002708
0.002646
0.002268
0.002646
0.002394
0.002708
0.003779
0.006173
0.002016
0.003212
0.003779
0.002520
0.002960
0.004157
0.001449
0.003842
0.003149
0.007118
0.002520
0.003401
0.001701
0.003653
0.004157
0.003023
0.001134
0.003086
0.007307
0.001323
0.002016
0.005102
0.004220
0.002708
0.002708
0.004850
0.006047
0.004850
0.001764
0.004661
0.005543
0.004976
0.002897
0.001701
0.005417
0.001953
0.003905
0.003905
0.001764
0.002331
0.002079
0.003023
0.003401
0.003149
0.002079
0.002268
0.003275
0.002646
0.001638
0.002205
0.008125
0.002708
0.003086
0.004787
0.004346
0.002583
0.003905
0.002457
0.001953
0.005984
0.003464
0.001827
0.004157
0.002331
0.002268
0.003023
0.007433
0.003086
0.002268
0.006551
0.002520
0.003086
0.002708
0.002016
0.004661
0.004220
0.002457
0.003905
0.004220
0.006488
0.001638
0.002834
0.003401
0.002079
0.002142
0.009448
0.002960
0.002960
0.002394
0.002268
0.001890
0.001953
0.002331
0.002897
0.003968
0.003338
0.002897
0.002457
0.003968
0.001638
0.002646
0.003590
0.002394
0.002331
0.003527
0.003086
0.003590
0.001827
0.002331
0.003086
0.006110
0.002142
0.003338
0.002394
0.007370
0.001953
0.007999
0.003275
0.002708
0.001449
0.002394
0.002268
0.003086
0.003464
0.004031
0.001827
0.002897
0.002394
0.002268
0.003023
0.004598
0.001764
0.003212
0.002142
0.002897
0.002268
0.002079
0.004661
0.002520
0.003905
0.002708
0.003842
0.004472
0.006929
0.001701
0.002268
0.003716
0.002268
0.002771
0.003653
0.003716
0.002205
0.002016
0.004031
0.002520
0.002897
0.002583
0.003338
0.005984
0.006803
0.002331
0.002268
0.003023
0.003212
0.005354
0.003023
0.003149
0.003023
0.001386
0.003401
0.002142
0.001953
0.002834
0.002646
0.004976
