0.115310
0.001236
0.002406
0.004227
0.003122
0.002016
0.010471
0.003252
0.001106
0.001951
0.005138
0.002666
0.001171
0.003057
0.004357
0.009040
0.003187
0.001951
0.002406
0.005268
0.002406
0.001236
0.007544
0.005073
0.002732
0.003707
0.006894
0.001691
0.001366
0.001821
0.006178
0.008260
0.005203
0.002276
0.002536
0.003577
0.004943
0.001561
0.007934
0.002341
0.002732
0.003512
0.006569
0.002276
0.006959
0.002081
0.004357
0.001756
0.002992
0.001171
0.002341
0.002666
0.004683
0.002471
0.010731
0.003447
0.002666
0.002016
0.005203
0.002146
0.007284
0.003057
0.003122
0.003252
0.004813
0.002536
0.002471
0.004618
0.002016
0.006959
0.001431
0.004943
0.002016
0.004553
0.004097
0.002081
0.001431
0.003057
0.001626
0.006178
0.001756
0.002081
0.001041
0.003512
0.003642
0.008195
0.004422
0.004488
0.001951
0.002862
0.002211
0.002406
0.003057
0.003967
0.003837
0.009105
0.004097
0.003317
0.001821
0.002146
0.003967
0.007544
0.002862
0.004422
0.001951
0.003772
0.002927
0.001236
0.007869
0.002927
0.002146
0.002341
0.004553
0.001756
0.002211
0.004162
0.003967
0.006439
0.001821
0.001301
0.002406
0.004422
0.003837
0.002341
0.006113
0.003252
0.002406
0.002211
0.001821
0.002146
0.002992
0.006634
0.002081
0.003902
0.007739
0.002016
0.001431
0.002081
0.004488
0.002732
0.003057
0.001756
0.003057
0.006959
0.002536
0.002471
0.002406
0.006699
0.001756
0.003252
0.007024
0.003772
0.002992
0.002862
0.006048
0.002536
0.002016
0.001561
0.003317
0.005983
0.005918
0.002797
0.002406
0.002732
0.003512
0.002927
0.006504
0.001886
0.002406
0.003577
0.008520
0.002732
0.005333
0.001951
0.002797
0.003187
0.003577
0.000845
0.002406
0.001496
0.003122
0.004488
0.007089
0.003122
0.003512
0.001236
0.004032
0.001626
0.005138
0.002341
0.001951
0.004357
0.003512
0.002536
0.001951
0.006569
0.002341
0.004553
0.002666
0.002536
0.002862
0.007804
0.002927
0.002211
0.001951
0.001431
0.002471
0.004813
0.001561
0.002016
0.001106
0.002797
0.001951
0.006113
0.004357
0.002927
0.001691
0.002992
0.001821
0.002146
0.004618
0.002536
0.002211
0.006048
0.004097
0.002081
0.002536
0.001821
0.002471
0.006113
0.004162
0.002081
0.002016
0.003512
0.002732
0.002081
0.006243
0.001756
0.002081
0.003707
0.006504
0.002016
0.003642
0.002862
0.002992
0.004813
0.003772
0.001366
0.001626
0.005333
0.003447
0.003252
0.005658
0.002666
0.001691
0.003187
