0.121878
0.000715
0.002797
0.005788
0.002341
0.001886
0.009690
0.004683
0.001366
0.002016
0.007414
0.003057
0.003122
0.001496
0.003967
0.010341
0.002862
0.000911
0.003382
0.005853
0.002146
0.000976
0.013983
0.007544
0.001301
0.002797
0.005853
0.001691
0.001821
0.001496
0.005723
0.012357
0.003187
0.001041
0.002862
0.003902
0.004488
0.001236
0.010081
0.001756
0.002081
0.003057
0.006894
0.002081
0.009365
0.001756
0.007414
0.001561
0.003967
0.000976
0.003772
0.001821
0.003447
0.002016
0.010471
0.002732
0.002601
0.001301
0.005073
0.001106
0.008845
0.002341
0.005268
0.002276
0.002666
0.001561
0.001106
0.005398
0.001561
0.007479
0.001496
0.007869
0.001691
0.003772
0.003512
0.002276
0.001496
0.003057
0.001886
0.010926
0.001106
0.001366
0.001041
0.004748
0.002732
0.007869
0.002601
0.003902
0.000780
0.002601
0.001886
0.003382
0.002666
0.002471
0.002666
0.010601
0.004422
0.002536
0.001366
0.002016
0.002732
0.007089
0.002536
0.002927
0.002211
0.003187
0.002341
0.000650
0.007219
0.002471
0.003577
0.002406
0.004227
0.001431
0.001951
0.003122
0.004878
0.008845
0.001366
0.001561
0.001626
0.004162
0.003967
0.001691
0.006699
0.003382
0.002081
0.002471
0.002016
0.000911
0.004488
0.009300
0.001301
0.002732
0.007219
0.002601
0.001171
0.001041
0.007219
0.004488
0.003772
0.001301
0.003057
0.007609
0.002016
0.001626
0.003772
0.006699
0.001171
0.002406
0.008195
0.003382
0.001496
0.001626
0.007024
0.002862
0.001886
0.001496
0.003057
0.007739
0.005528
0.001236
0.003707
0.002862
0.002862
0.002146
0.006699
0.001431
0.002536
0.002081
0.010666
0.002211
0.005268
0.001236
0.003317
0.002081
0.003642
0.000976
0.005463
0.001691
0.002146
0.003707
0.007739
0.001496
0.002862
0.001041
0.005723
0.001561
0.005528
0.001236
0.002601
0.003967
0.002016
0.001561
0.002797
0.007544
0.001171
0.004813
0.002666
0.003642
0.001951
0.007609
0.003122
0.002797
0.001951
0.001496
0.001756
0.006504
0.001366
0.001951
0.001691
0.005918
0.001821
0.006894
0.003902
0.002146
0.001821
0.002276
0.000976
0.003837
0.002992
0.001691
0.001756
0.006894
0.004683
0.001951
0.001366
0.000715
0.002081
0.004618
0.004292
0.001431
0.002927
0.003252
0.002016
0.000911
0.005268
0.001301
0.002406
0.003837
0.005398
0.000911
0.002732
0.002797
0.001951
0.004813
0.002471
0.001691
0.002211
0.005398
0.002081
0.002406
0.004227
0.001821
0.001366
0.002081
