0.139330
0.003590
0.003401
0.008881
0.001512
0.002520
0.004220
0.003653
0.001638
0.001701
0.004283
0.002646
0.001701
0.001638
0.002897
0.006992
0.002268
0.000945
0.001512
0.004535
0.000819
0.002142
0.003842
0.001449
0.001827
0.003464
0.007118
0.006299
0.002583
0.001827
0.003905
0.018267
0.004913
0.003212
0.003779
0.005354
0.001890
0.004472
0.007622
0.001890
0.002016
0.002331
0.006110
0.001575
0.004094
0.001449
0.005669
0.001449
0.002457
0.001512
0.002520
0.001638
0.002079
0.001764
0.003401
0.001260
0.003653
0.003905
0.009322
0.002457
0.007118
0.002457
0.005417
0.003464
0.003653
0.004472
0.003464
0.006236
0.001134
0.007118
0.002897
0.002646
0.000819
0.005480
0.002331
0.002394
0.001449
0.005858
0.001512
0.004724
0.000819
0.003590
0.001260
0.003212
0.000378
0.002331
0.002016
0.002205
0.001764
0.012094
0.003212
0.004283
0.001701
0.006362
0.002646
0.007748
0.004409
0.003401
0.002897
0.005102
0.002834
0.003527
0.002079
0.002646
0.001701
0.004472
0.002394
0.002142
0.005039
0.001764
0.001638
0.002268
0.003779
0.002205
0.001260
0.002708
0.000693
0.003086
0.002457
0.001260
0.005165
0.006929
0.002771
0.003086
0.013668
0.004031
0.001260
0.003779
0.002583
0.001953
0.002834
0.010393
0.002016
0.002834
0.005228
0.004787
0.000756
0.002708
0.003716
0.001449
0.001701
0.000945
0.001764
0.005228
0.001701
0.001638
0.002394
0.005669
0.001386
0.001764
0.004157
0.002016
0.001890
0.003149
0.004535
0.004913
0.003275
0.003905
0.003716
0.009259
0.005669
0.001449
0.004409
0.003338
0.002079
0.003779
0.009259
0.002331
0.001260
0.001260
0.002834
0.001512
0.002834
0.002016
0.003086
0.001764
0.002394
0.001134
0.002960
0.001827
0.001323
0.002394
0.005102
0.001764
0.001764
0.004850
0.007748
0.001764
0.005669
0.003968
0.004283
0.005417
0.001827
0.004409
0.002016
0.006425
0.001890
0.011401
0.003464
0.003653
0.000630
0.003212
0.001512
0.001890
0.001575
0.002331
0.001449
0.004661
0.000945
0.004346
0.001575
0.002960
0.001512
0.004283
0.001953
0.003023
0.001638
0.008629
0.003275
0.002834
0.004661
0.004535
0.003716
0.008503
0.008125
0.002583
0.001827
0.003149
0.002834
0.004724
0.002016
0.003212
0.001386
0.003716
0.001890
0.000882
0.003653
0.001197
0.001827
0.003212
0.003338
0.001638
0.000819
0.002205
0.002520
0.004094
0.001764
0.001701
0.002394
0.004409
0.002457
0.004094
0.006236
0.004094
0.002834
0.005039
