0.121358
0.002276
0.003577
0.005983
0.000976
0.001756
0.005658
0.002927
0.001301
0.002016
0.003317
0.003772
0.001691
0.001431
0.002601
0.007284
0.004032
0.002211
0.001821
0.003837
0.002276
0.002211
0.008195
0.008585
0.000455
0.001821
0.002146
0.001691
0.001821
0.002601
0.006178
0.010796
0.003772
0.004162
0.004097
0.005723
0.001561
0.001236
0.005788
0.001886
0.001561
0.002211
0.003577
0.002536
0.004162
0.002211
0.004878
0.002146
0.002341
0.001431
0.002081
0.002797
0.003252
0.003187
0.011967
0.007024
0.000715
0.001626
0.001431
0.000715
0.008325
0.004683
0.005008
0.005268
0.004227
0.006374
0.002536
0.006894
0.001626
0.006634
0.001041
0.004553
0.001821
0.004683
0.002797
0.004357
0.001951
0.005268
0.001691
0.006699
0.002732
0.004618
0.001561
0.004357
0.004162
0.013463
0.003512
0.007544
0.000390
0.002862
0.000976
0.002341
0.003642
0.005983
0.004227
0.014958
0.003902
0.005983
0.001691
0.003967
0.001691
0.007219
0.001106
0.002666
0.001366
0.002927
0.001171
0.001821
0.004227
0.004162
0.002081
0.002536
0.001951
0.002862
0.001756
0.002732
0.003707
0.007544
0.001301
0.003187
0.000455
0.002992
0.001821
0.000780
0.005593
0.005853
0.003382
0.002406
0.001626
0.002341
0.004683
0.007089
0.000976
0.002016
0.003382
0.001756
0.001431
0.002341
0.003447
0.006439
0.003577
0.002276
0.002276
0.005788
0.001626
0.002081
0.002276
0.004292
0.001431
0.002536
0.004097
0.003772
0.001626
0.001886
0.003772
0.002146
0.003902
0.003512
0.002732
0.005853
0.006048
0.004357
0.004488
0.005788
0.000715
0.001756
0.002797
0.001756
0.002081
0.004097
0.007804
0.005593
0.002471
0.002862
0.003317
0.004292
0.002666
0.001171
0.003642
0.001951
0.001106
0.002536
0.004813
0.002992
0.001171
0.001496
0.003317
0.001626
0.006113
0.003382
0.003902
0.005983
0.004032
0.006764
0.003967
0.008975
0.001366
0.004162
0.001886
0.002276
0.004748
0.010536
0.003317
0.006699
0.003707
0.004357
0.001236
0.004748
0.001561
0.003577
0.001301
0.003252
0.002406
0.005983
0.003382
0.004422
0.001886
0.003382
0.000911
0.003252
0.004748
0.005268
0.002211
0.009170
0.003772
0.005918
0.001951
0.002341
0.000780
0.003967
0.002016
0.001106
0.002992
0.002992
0.001886
0.003252
0.004422
0.002797
0.000976
0.003252
0.003772
0.002666
0.001561
0.002081
0.001171
0.003577
0.001301
0.002536
0.000650
0.005268
0.000976
0.002016
0.004227
0.003382
0.001236
0.003317
