0.172714
0.003212
0.002960
0.005165
0.002708
0.002897
0.002331
0.004031
0.002079
0.001827
0.004094
0.003275
0.001134
0.002457
0.002331
0.007118
0.001890
0.001575
0.001323
0.005732
0.001008
0.002016
0.004346
0.002331
0.001953
0.002331
0.004913
0.005165
0.002708
0.001197
0.004094
0.013353
0.004535
0.005039
0.002583
0.003716
0.001575
0.003968
0.006110
0.001575
0.001575
0.001638
0.003905
0.001197
0.002583
0.001638
0.012598
0.001260
0.000882
0.001827
0.001827
0.001827
0.001701
0.001890
0.001764
0.001071
0.002834
0.005669
0.010771
0.004409
0.008881
0.002960
0.005669
0.003023
0.003716
0.003779
0.004472
0.006488
0.001575
0.005606
0.003842
0.002457
0.000945
0.004472
0.001260
0.003275
0.000756
0.006992
0.001134
0.003905
0.001386
0.002646
0.001134
0.002205
0.001008
0.001827
0.001449
0.002079
0.002960
0.010708
0.003527
0.003779
0.001827
0.004976
0.003149
0.006992
0.003212
0.003275
0.002646
0.005165
0.003212
0.002520
0.003401
0.004031
0.002268
0.004598
0.001134
0.002960
0.012031
0.002708
0.001386
0.002583
0.004094
0.001638
0.001386
0.003023
0.000819
0.003401
0.001197
0.001197
0.004724
0.005921
0.001512
0.002897
0.012787
0.004031
0.001386
0.002834
0.002079
0.001449
0.001953
0.012157
0.001764
0.002331
0.003968
0.004976
0.000945
0.001512
0.004031
0.001071
0.001764
0.001575
0.000756
0.005984
0.001134
0.001323
0.000945
0.003401
0.002646
0.001575
0.002331
0.002079
0.003149
0.003149
0.003590
0.003527
0.004598
0.003653
0.002205
0.006677
0.004472
0.002960
0.002960
0.002708
0.002394
0.005543
0.009889
0.003527
0.001512
0.001764
0.002331
0.001071
0.001575
0.001953
0.002457
0.001701
0.001134
0.001701
0.003842
0.001260
0.001008
0.002520
0.001953
0.001134
0.001890
0.004661
0.007622
0.002771
0.005480
0.006551
0.002708
0.004913
0.001953
0.004409
0.002834
0.005669
0.002583
0.010330
0.004850
0.002708
0.001512
0.001701
0.002583
0.002016
0.001638
0.002457
0.001134
0.002897
0.000819
0.005165
0.001386
0.002268
0.001008
0.003464
0.002016
0.002268
0.002142
0.007622
0.003212
0.002016
0.003905
0.004157
0.005102
0.007874
0.009133
0.003590
0.001386
0.002897
0.003653
0.003527
0.001386
0.002331
0.000945
0.004094
0.001323
0.001638
0.003905
0.001134
0.001323
0.003086
0.002897
0.002457
0.001890
0.002016
0.002142
0.002583
0.001575
0.002708
0.003401
0.003905
0.002834
0.004157
0.005228
0.003149
0.003590
0.005102
