0.114399
0.001301
0.001756
0.006439
0.001496
0.003447
0.008650
0.003707
0.001106
0.002146
0.005398
0.002341
0.002146
0.002341
0.002276
0.008520
0.002601
0.000845
0.001626
0.006569
0.001756
0.002146
0.012227
0.005723
0.001496
0.004683
0.007089
0.002536
0.000715
0.001886
0.005463
0.008585
0.004422
0.000585
0.002081
0.004618
0.005008
0.001561
0.011056
0.001951
0.002146
0.004422
0.009235
0.001496
0.006569
0.001886
0.006309
0.002536
0.003902
0.000976
0.002406
0.002601
0.004162
0.002862
0.012292
0.002406
0.001496
0.003057
0.004943
0.001431
0.007739
0.002016
0.004357
0.003447
0.002406
0.001626
0.001951
0.007349
0.001041
0.007479
0.002211
0.005268
0.000911
0.006894
0.004292
0.002601
0.001041
0.003382
0.001756
0.008650
0.001236
0.001626
0.000911
0.004813
0.001561
0.009495
0.003057
0.004227
0.000845
0.004618
0.002732
0.002862
0.001236
0.004162
0.002927
0.010016
0.002797
0.002146
0.001626
0.002276
0.002146
0.007934
0.002992
0.002211
0.002927
0.005138
0.002211
0.001171
0.005723
0.002536
0.002601
0.002797
0.003122
0.000911
0.000845
0.003772
0.003707
0.006569
0.001886
0.001561
0.001691
0.005723
0.004032
0.001431
0.005138
0.004097
0.002536
0.001756
0.000520
0.001301
0.002862
0.007024
0.000715
0.005138
0.007414
0.002666
0.000911
0.000976
0.005528
0.004618
0.002146
0.001106
0.001951
0.006699
0.000976
0.001236
0.002601
0.006243
0.001366
0.002406
0.008455
0.003902
0.001561
0.002797
0.005853
0.003447
0.001626
0.001756
0.003447
0.008520
0.005463
0.001301
0.003057
0.002471
0.003317
0.002927
0.008390
0.001756
0.002601
0.002732
0.011707
0.001756
0.004748
0.001041
0.003317
0.002081
0.002732
0.001171
0.003967
0.001431
0.002797
0.005333
0.007999
0.001951
0.003252
0.001626
0.005723
0.001821
0.006634
0.001691
0.002536
0.006243
0.001041
0.001561
0.002341
0.007219
0.000911
0.005918
0.003382
0.003772
0.002081
0.008650
0.003122
0.003382
0.001366
0.002341
0.001041
0.005528
0.000260
0.002471
0.001366
0.006504
0.001106
0.007219
0.005333
0.002146
0.000780
0.005398
0.001496
0.004097
0.003577
0.001756
0.001756
0.007999
0.003772
0.002016
0.001626
0.001431
0.002471
0.006959
0.003837
0.001301
0.002732
0.004162
0.001366
0.001691
0.004292
0.001821
0.001561
0.004488
0.003902
0.001561
0.002016
0.002601
0.002081
0.007089
0.003707
0.001821
0.002211
0.007349
0.003577
0.002016
0.004227
0.002601
0.002081
0.002797
