0.112123
0.001041
0.004878
0.005918
0.001496
0.003447
0.009560
0.005658
0.000650
0.001951
0.006959
0.003707
0.001821
0.001301
0.004488
0.010406
0.002406
0.001171
0.001756
0.006048
0.001691
0.001236
0.012617
0.007479
0.000845
0.003902
0.006959
0.002797
0.001431
0.001626
0.008195
0.009820
0.004878
0.001366
0.002992
0.003252
0.004943
0.001431
0.011967
0.001691
0.001431
0.003057
0.006829
0.001951
0.007544
0.001821
0.005138
0.001691
0.003707
0.000325
0.002862
0.002276
0.003772
0.001821
0.009170
0.003187
0.002927
0.001821
0.005073
0.001171
0.008260
0.002927
0.005853
0.003122
0.003447
0.002211
0.002276
0.005723
0.000911
0.008650
0.001821
0.006309
0.001106
0.004488
0.003772
0.002992
0.000976
0.003902
0.002016
0.010341
0.001301
0.002341
0.001106
0.004943
0.002146
0.008975
0.003577
0.004162
0.000976
0.005723
0.001951
0.003057
0.002536
0.002536
0.002927
0.007739
0.003057
0.002406
0.000455
0.002146
0.003382
0.008910
0.002406
0.003057
0.002862
0.003382
0.001626
0.001301
0.008975
0.003187
0.001366
0.002992
0.003707
0.001561
0.001171
0.003512
0.004618
0.004878
0.001496
0.001951
0.001821
0.004813
0.003252
0.001431
0.007869
0.004488
0.002146
0.001756
0.001106
0.001301
0.006113
0.007544
0.000911
0.003122
0.007479
0.003057
0.000585
0.001496
0.007414
0.006374
0.002862
0.001496
0.002732
0.009365
0.001301
0.002146
0.002341
0.007739
0.000715
0.002276
0.008585
0.004748
0.002016
0.002406
0.007869
0.003512
0.001366
0.001106
0.004683
0.006634
0.005398
0.001821
0.002797
0.002732
0.002927
0.001626
0.007414
0.001236
0.001561
0.001236
0.009820
0.002081
0.004422
0.000976
0.003447
0.001756
0.003642
0.001691
0.003642
0.001236
0.001951
0.003447
0.005983
0.001691
0.004422
0.001171
0.006374
0.001561
0.005008
0.001301
0.003252
0.004162
0.002471
0.003122
0.002471
0.006309
0.001106
0.005983
0.002406
0.003642
0.001496
0.007284
0.002732
0.003642
0.001041
0.002862
0.001496
0.005398
0.001106
0.002992
0.002016
0.004422
0.001301
0.006113
0.003967
0.002862
0.000585
0.005203
0.000911
0.004097
0.002797
0.002276
0.002797
0.008065
0.004162
0.002146
0.000911
0.001821
0.001756
0.006569
0.003252
0.001626
0.002601
0.002146
0.000585
0.001106
0.004683
0.002536
0.001366
0.003187
0.005853
0.002341
0.002016
0.002341
0.003382
0.004292
0.001496
0.001561
0.002211
0.005853
0.001756
0.002341
0.004162
0.002666
0.001496
0.002081
