0.121748
0.001041
0.001886
0.003252
0.004032
0.002862
0.007479
0.002601
0.001691
0.001431
0.003447
0.002146
0.002666
0.002081
0.002471
0.007544
0.003837
0.000845
0.002341
0.004488
0.001821
0.002016
0.006699
0.007349
0.001756
0.002862
0.004488
0.001366
0.001821
0.002081
0.004488
0.006113
0.006113
0.001626
0.002081
0.002601
0.006439
0.001821
0.007609
0.001756
0.002732
0.004032
0.004748
0.001626
0.008975
0.001626
0.004227
0.000845
0.005528
0.000715
0.002601
0.001496
0.005528
0.002341
0.009235
0.003057
0.004292
0.001756
0.004097
0.000911
0.010471
0.002406
0.003512
0.002211
0.003707
0.002992
0.001691
0.004227
0.002016
0.011707
0.001626
0.002862
0.001951
0.006178
0.003382
0.001561
0.001626
0.006569
0.001821
0.007349
0.001691
0.002601
0.000911
0.003057
0.003577
0.010341
0.003577
0.002927
0.001236
0.004683
0.001691
0.001496
0.003447
0.004553
0.002341
0.007479
0.006113
0.003057
0.000911
0.001886
0.004553
0.011251
0.002536
0.000976
0.004227
0.005463
0.001951
0.000976
0.009690
0.003317
0.002536
0.001236
0.006178
0.002341
0.001041
0.002927
0.006309
0.011186
0.001951
0.001691
0.003837
0.005138
0.002927
0.000976
0.012292
0.006699
0.002081
0.001496
0.001041
0.001106
0.002732
0.005788
0.002146
0.002601
0.005073
0.001691
0.001821
0.000976
0.003707
0.001951
0.004227
0.001106
0.001171
0.004813
0.001886
0.001561
0.001886
0.005073
0.001236
0.002406
0.004683
0.002471
0.001691
0.002992
0.005398
0.001041
0.002341
0.002406
0.002081
0.005983
0.007479
0.002601
0.002797
0.001366
0.004032
0.002211
0.004943
0.001366
0.004292
0.002341
0.008195
0.001821
0.006048
0.001106
0.002341
0.001561
0.005983
0.001106
0.002862
0.000976
0.003122
0.003772
0.005008
0.001951
0.005658
0.001431
0.004097
0.000455
0.007089
0.001691
0.002536
0.003317
0.002666
0.002146
0.002211
0.005788
0.001691
0.008520
0.002016
0.001626
0.003447
0.010406
0.002601
0.001951
0.002276
0.003187
0.001496
0.005073
0.001431
0.003577
0.001301
0.002471
0.001886
0.006764
0.002992
0.002211
0.001496
0.005918
0.000911
0.001756
0.003512
0.002081
0.001756
0.005983
0.009105
0.003707
0.001301
0.001171
0.003447
0.007024
0.004032
0.001171
0.005073
0.006699
0.001366
0.000780
0.006178
0.002797
0.001821
0.002927
0.007609
0.003187
0.001691
0.002016
0.003902
0.007934
0.001301
0.001301
0.003642
0.006309
0.001756
0.001301
0.007869
0.003252
0.001821
0.002341
