0.122854
0.001691
0.004878
0.003967
0.002992
0.002862
0.009755
0.002601
0.001951
0.001756
0.005593
0.003057
0.002081
0.003837
0.004422
0.009625
0.003122
0.002081
0.002732
0.006048
0.002016
0.001496
0.010601
0.004422
0.002341
0.004422
0.005593
0.002406
0.001951
0.001886
0.005398
0.008260
0.004227
0.001431
0.002666
0.003642
0.002601
0.001106
0.007609
0.001821
0.002146
0.003382
0.006243
0.002276
0.004618
0.001626
0.004292
0.002016
0.002471
0.001821
0.003317
0.002536
0.003707
0.002601
0.012292
0.003317
0.002211
0.002341
0.003577
0.001431
0.007544
0.002666
0.004162
0.003122
0.003057
0.000911
0.002992
0.004618
0.001301
0.007544
0.002536
0.005723
0.001821
0.004618
0.004292
0.002211
0.000845
0.004422
0.002146
0.008845
0.002016
0.002341
0.002146
0.003382
0.002471
0.008845
0.003122
0.003707
0.001886
0.004292
0.002992
0.002601
0.002797
0.003382
0.003122
0.010016
0.003122
0.001496
0.002666
0.002016
0.002797
0.008130
0.002862
0.003707
0.002276
0.003252
0.002732
0.001301
0.008715
0.002732
0.003447
0.002992
0.004227
0.002341
0.002211
0.003382
0.003837
0.004943
0.001496
0.001756
0.002927
0.004943
0.003382
0.002341
0.005723
0.002797
0.002341
0.001626
0.001431
0.001431
0.003837
0.005788
0.002666
0.004488
0.007414
0.002601
0.001886
0.001496
0.005658
0.003382
0.002927
0.002146
0.003642
0.006764
0.002797
0.002862
0.002406
0.006178
0.001691
0.002927
0.007284
0.002666
0.002471
0.002341
0.006569
0.003707
0.002862
0.001561
0.005268
0.006374
0.005203
0.002146
0.003252
0.001951
0.002341
0.002081
0.004357
0.002211
0.002146
0.002081
0.009105
0.003252
0.003707
0.001626
0.004162
0.002862
0.002862
0.001041
0.002797
0.001171
0.002211
0.003837
0.006634
0.002211
0.002732
0.001431
0.003707
0.001366
0.005073
0.001821
0.003187
0.004748
0.001886
0.001301
0.003187
0.005853
0.001951
0.005073
0.003122
0.003772
0.002862
0.006178
0.003187
0.003122
0.002016
0.002471
0.002536
0.005203
0.001301
0.003057
0.001431
0.003122
0.002276
0.006894
0.005463
0.002601
0.001171
0.003967
0.001691
0.003187
0.003642
0.002081
0.002927
0.006178
0.004032
0.002081
0.002276
0.001431
0.001691
0.006439
0.003902
0.002471
0.003577
0.002471
0.001821
0.001431
0.005918
0.001951
0.003057
0.004292
0.005723
0.001626
0.002862
0.001886
0.003187
0.004097
0.003512
0.001756
0.002341
0.005333
0.002146
0.002666
0.004488
0.002601
0.001561
0.002797
