0.116545
0.000845
0.002341
0.005918
0.002341
0.003057
0.008390
0.004357
0.001821
0.001951
0.004097
0.003057
0.001886
0.002146
0.002016
0.009170
0.003122
0.001366
0.001561
0.006959
0.002016
0.000845
0.010146
0.010146
0.001301
0.004357
0.003447
0.003252
0.001951
0.001756
0.004422
0.011707
0.006243
0.001366
0.001626
0.004357
0.004227
0.001041
0.008910
0.001886
0.001431
0.003317
0.006113
0.001886
0.010536
0.001301
0.004878
0.001626
0.004943
0.000715
0.001951
0.001756
0.004162
0.001821
0.012097
0.002471
0.002732
0.001951
0.003772
0.001236
0.010796
0.001821
0.003642
0.003122
0.003122
0.002276
0.000911
0.008130
0.001431
0.008520
0.001171
0.006113
0.000845
0.005593
0.003187
0.002927
0.001041
0.003187
0.000911
0.009105
0.002471
0.002016
0.000715
0.005203
0.001561
0.010471
0.003317
0.005203
0.000455
0.005593
0.001431
0.002601
0.002146
0.003902
0.002341
0.011186
0.004162
0.002211
0.000911
0.002276
0.002862
0.008455
0.001951
0.003122
0.001561
0.004488
0.001366
0.001041
0.008325
0.002797
0.002081
0.002536
0.004943
0.001301
0.000780
0.003967
0.004422
0.008455
0.001171
0.001756
0.001496
0.006243
0.003382
0.001756
0.009365
0.004422
0.001236
0.001561
0.001756
0.000976
0.001691
0.008650
0.001236
0.004227
0.005528
0.002536
0.001301
0.001366
0.003967
0.005138
0.003577
0.001171
0.001496
0.006699
0.001886
0.002016
0.002146
0.008195
0.001496
0.002081
0.006959
0.004292
0.001496
0.002406
0.005008
0.003122
0.002471
0.001496
0.002146
0.008065
0.007999
0.002081
0.001496
0.002146
0.002862
0.002341
0.006048
0.001951
0.002406
0.001496
0.008715
0.002992
0.007609
0.000911
0.003642
0.001756
0.004097
0.000845
0.002862
0.000911
0.002536
0.003967
0.007349
0.001756
0.002797
0.000976
0.003967
0.001691
0.006764
0.001301
0.000976
0.004488
0.001561
0.002732
0.001496
0.007674
0.001171
0.008520
0.001431
0.002732
0.001171
0.009040
0.002016
0.003512
0.001626
0.002341
0.001171
0.007024
0.001171
0.003187
0.000780
0.004813
0.001171
0.007089
0.003837
0.002601
0.000845
0.005008
0.000976
0.004032
0.003577
0.001691
0.001236
0.009235
0.006504
0.003642
0.001561
0.001301
0.001756
0.007609
0.003252
0.001886
0.002992
0.004227
0.000715
0.001366
0.006634
0.002211
0.001236
0.003772
0.007609
0.002211
0.001106
0.002927
0.003252
0.005268
0.002016
0.001236
0.001301
0.006699
0.001821
0.002471
0.004943
0.002341
0.001236
0.002601
