0.114594
0.000845
0.002601
0.005723
0.002211
0.002992
0.007609
0.005008
0.001236
0.002146
0.005528
0.002862
0.002406
0.002016
0.003317
0.009495
0.002211
0.000585
0.002406
0.007154
0.001691
0.001886
0.012292
0.007804
0.001431
0.005008
0.005398
0.001626
0.001106
0.002341
0.005723
0.008195
0.004422
0.000650
0.002862
0.004357
0.004683
0.001431
0.010406
0.001691
0.002666
0.004488
0.007609
0.000976
0.006504
0.001626
0.006829
0.001626
0.002732
0.000585
0.003187
0.002341
0.003512
0.002341
0.010211
0.003122
0.002276
0.002146
0.004813
0.001366
0.008130
0.001951
0.004553
0.003252
0.002862
0.001821
0.001756
0.006048
0.001106
0.008195
0.002406
0.005983
0.000911
0.006243
0.004097
0.002406
0.001236
0.003772
0.002016
0.008455
0.000845
0.001626
0.001366
0.005008
0.002146
0.009755
0.003642
0.004618
0.000715
0.004553
0.002471
0.002797
0.001756
0.003252
0.002536
0.009105
0.002862
0.002016
0.001821
0.002732
0.002732
0.007609
0.003057
0.002536
0.002601
0.005268
0.003187
0.001431
0.005528
0.002666
0.002081
0.003577
0.003252
0.001431
0.001041
0.003772
0.004618
0.007544
0.002406
0.002146
0.001431
0.006439
0.004097
0.001431
0.006634
0.003447
0.002927
0.001756
0.000260
0.001301
0.002992
0.006439
0.001301
0.005008
0.007284
0.002536
0.000585
0.001756
0.004618
0.004422
0.002797
0.001431
0.002601
0.007089
0.001236
0.001301
0.002732
0.006829
0.001236
0.002797
0.009170
0.003447
0.001431
0.002927
0.004292
0.003317
0.002341
0.002146
0.003512
0.007544
0.005138
0.001626
0.003772
0.002146
0.002862
0.002601
0.007739
0.001496
0.002666
0.001496
0.010081
0.001951
0.004162
0.000845
0.003447
0.002276
0.002862
0.000585
0.003837
0.001431
0.002406
0.005593
0.008780
0.001886
0.003057
0.001106
0.005658
0.001041
0.005463
0.001041
0.002536
0.005723
0.000976
0.001821
0.002081
0.006113
0.000845
0.005788
0.002927
0.002732
0.001561
0.008195
0.003057
0.003447
0.001431
0.001951
0.001106
0.006829
0.000976
0.002276
0.001626
0.005268
0.001496
0.007479
0.005008
0.002732
0.000911
0.004813
0.001496
0.005138
0.004097
0.002862
0.001821
0.009170
0.003512
0.001951
0.001821
0.001366
0.002081
0.006243
0.005008
0.001626
0.003382
0.004357
0.002797
0.001821
0.004878
0.001626
0.001041
0.003902
0.003837
0.001366
0.001756
0.002992
0.001821
0.007219
0.002666
0.002406
0.002406
0.007349
0.002341
0.002601
0.004683
0.002601
0.002016
0.002146
