0.119602
0.002081
0.002732
0.005203
0.003317
0.003057
0.009365
0.003837
0.001756
0.001821
0.004748
0.003707
0.002276
0.003317
0.003837
0.012682
0.003447
0.001886
0.002211
0.006243
0.001756
0.001951
0.006699
0.006829
0.002016
0.003967
0.005203
0.003187
0.001301
0.002146
0.004097
0.009300
0.003707
0.002211
0.002146
0.003967
0.004292
0.001301
0.007154
0.002016
0.001886
0.003642
0.004943
0.002992
0.005788
0.001561
0.004813
0.002081
0.002797
0.001496
0.001951
0.002862
0.002341
0.002341
0.010146
0.003512
0.001886
0.001886
0.004097
0.001886
0.009105
0.002341
0.004488
0.003317
0.003057
0.002406
0.001691
0.005723
0.001301
0.006829
0.002081
0.003772
0.002601
0.004227
0.004292
0.003447
0.001236
0.003837
0.001821
0.007154
0.001301
0.002536
0.001626
0.003642
0.002732
0.009495
0.003122
0.005073
0.000845
0.003447
0.002146
0.002797
0.002146
0.003902
0.002536
0.010926
0.002276
0.002927
0.001821
0.002862
0.002862
0.009105
0.003317
0.002927
0.002471
0.003837
0.002862
0.001561
0.008390
0.002732
0.003317
0.002862
0.004162
0.002732
0.002732
0.003382
0.003252
0.007609
0.002341
0.002146
0.002276
0.004162
0.003772
0.001951
0.004553
0.004097
0.001756
0.002666
0.001561
0.001041
0.004488
0.007284
0.002211
0.003902
0.006894
0.002601
0.001041
0.001951
0.004553
0.005593
0.003447
0.002016
0.002081
0.008650
0.000780
0.002732
0.002601
0.006374
0.001821
0.002732
0.005723
0.004813
0.002081
0.002797
0.006048
0.002536
0.002471
0.001951
0.002406
0.006243
0.004488
0.001951
0.002211
0.003122
0.002732
0.001886
0.005788
0.001821
0.001626
0.002406
0.008585
0.004032
0.003512
0.001691
0.002666
0.003057
0.002146
0.001106
0.002992
0.001041
0.002081
0.004357
0.007674
0.003057
0.002406
0.001236
0.002797
0.002211
0.004943
0.001626
0.002341
0.004357
0.002341
0.002732
0.002862
0.004618
0.002081
0.004097
0.002406
0.002146
0.002471
0.007414
0.002341
0.003967
0.002016
0.003057
0.001951
0.004943
0.000976
0.002406
0.001496
0.003382
0.001561
0.005593
0.004032
0.003902
0.001821
0.004553
0.002016
0.003057
0.003252
0.003057
0.002341
0.006504
0.004162
0.002666
0.001951
0.001626
0.003057
0.006439
0.005788
0.002536
0.002081
0.003512
0.001951
0.001821
0.005138
0.003122
0.002666
0.004162
0.004553
0.002211
0.003057
0.002992
0.002666
0.005658
0.003122
0.002601
0.002016
0.005983
0.003317
0.003382
0.005203
0.003252
0.001626
0.002927
