0.116025
0.000976
0.002927
0.005138
0.001756
0.002927
0.006894
0.002666
0.001561
0.001431
0.002601
0.001886
0.002536
0.001236
0.002927
0.009820
0.003967
0.001106
0.001106
0.005983
0.002601
0.001041
0.006178
0.007154
0.001041
0.002927
0.003122
0.001301
0.001626
0.001626
0.003772
0.008585
0.006569
0.000976
0.002211
0.003252
0.009040
0.001041
0.008715
0.001041
0.003382
0.005008
0.004422
0.001431
0.011446
0.001236
0.005138
0.001171
0.005463
0.000976
0.001626
0.001626
0.005073
0.002797
0.009886
0.001951
0.003057
0.001496
0.003707
0.000715
0.010601
0.001561
0.003447
0.001756
0.003577
0.002666
0.000911
0.005138
0.001171
0.011446
0.000976
0.004292
0.001106
0.006634
0.002992
0.001431
0.001951
0.006113
0.000585
0.009105
0.001691
0.003252
0.000260
0.005723
0.002797
0.009170
0.001301
0.003967
0.000780
0.007284
0.001041
0.001756
0.002601
0.003837
0.001236
0.008975
0.005983
0.002666
0.000780
0.001301
0.003642
0.009625
0.001561
0.002601
0.004162
0.007544
0.001301
0.001106
0.009625
0.004488
0.001041
0.002406
0.006048
0.003057
0.000976
0.003447
0.007869
0.010146
0.000715
0.001366
0.002146
0.005788
0.002666
0.000845
0.013463
0.007024
0.001301
0.000976
0.002081
0.000780
0.001756
0.005528
0.001106
0.003187
0.004943
0.002406
0.001886
0.001561
0.001301
0.003707
0.003447
0.001301
0.000976
0.006959
0.002732
0.001561
0.002406
0.007544
0.001821
0.001951
0.005073
0.003512
0.001756
0.002797
0.003577
0.001561
0.001951
0.000650
0.001951
0.006178
0.008260
0.001496
0.002081
0.001561
0.005528
0.001626
0.006959
0.001171
0.004227
0.001886
0.007804
0.000976
0.007999
0.001106
0.002016
0.001886
0.006243
0.001106
0.002601
0.000976
0.003577
0.004683
0.006113
0.001496
0.003902
0.001431
0.004162
0.001106
0.007674
0.001366
0.002276
0.003252
0.002081
0.002927
0.000845
0.006504
0.001301
0.007934
0.001041
0.002016
0.002081
0.008520
0.001106
0.002016
0.002081
0.004162
0.000650
0.006439
0.001366
0.005073
0.000520
0.005593
0.001496
0.007934
0.002927
0.002211
0.000650
0.007934
0.000780
0.002211
0.004292
0.002601
0.000780
0.006894
0.008065
0.003512
0.000780
0.001366
0.002146
0.007284
0.003772
0.000780
0.004683
0.004813
0.000650
0.001041
0.007089
0.002341
0.001171
0.004227
0.006504
0.003057
0.000976
0.002666
0.005073
0.010276
0.001691
0.001951
0.003252
0.006504
0.001301
0.001366
0.010016
0.003967
0.000845
0.001691
