0.114074
0.000585
0.002992
0.004553
0.002601
0.002211
0.008780
0.002666
0.001106
0.002341
0.005918
0.002601
0.002927
0.001951
0.003512
0.008845
0.003967
0.001106
0.002862
0.004553
0.001561
0.001821
0.012162
0.006959
0.001366
0.003252
0.006309
0.002016
0.001496
0.002211
0.006829
0.010081
0.005138
0.000976
0.002732
0.002927
0.004032
0.001106
0.009820
0.000455
0.003447
0.002797
0.007804
0.001171
0.008780
0.001041
0.006634
0.001106
0.005073
0.000715
0.003317
0.001301
0.004553
0.002081
0.012097
0.002276
0.001886
0.002341
0.007089
0.000585
0.009040
0.001951
0.004748
0.002862
0.003317
0.001756
0.001951
0.004553
0.000976
0.012682
0.001301
0.004162
0.001691
0.006439
0.004357
0.001626
0.001301
0.005073
0.001886
0.006699
0.001886
0.002016
0.001236
0.003252
0.002276
0.012032
0.002666
0.004488
0.000715
0.004878
0.001626
0.003577
0.002081
0.003447
0.002471
0.009951
0.004032
0.001301
0.001041
0.001496
0.002797
0.008910
0.003252
0.002471
0.002732
0.004292
0.002081
0.001041
0.009300
0.002797
0.003252
0.002276
0.006113
0.000845
0.002016
0.001821
0.006569
0.007219
0.001756
0.001561
0.001951
0.005723
0.003837
0.000845
0.007739
0.003837
0.001561
0.001301
0.001431
0.001301
0.004162
0.005918
0.001626
0.003317
0.006113
0.001821
0.001431
0.001626
0.005853
0.002666
0.003837
0.001496
0.002666
0.006699
0.002471
0.001951
0.003252
0.004292
0.001106
0.003122
0.008910
0.002927
0.002211
0.002211
0.007934
0.001496
0.002146
0.001171
0.004422
0.008325
0.005983
0.001431
0.004162
0.001886
0.002536
0.002016
0.007544
0.001431
0.003642
0.001301
0.009365
0.000911
0.007024
0.000911
0.002797
0.001886
0.004422
0.000780
0.004162
0.000715
0.002146
0.003642
0.006959
0.001561
0.002666
0.001431
0.006569
0.000911
0.007089
0.001041
0.002797
0.002927
0.001626
0.002732
0.002146
0.006374
0.000715
0.008520
0.002276
0.003642
0.002601
0.010211
0.003122
0.001821
0.001301
0.003772
0.001301
0.005203
0.001171
0.002732
0.000911
0.002992
0.001431
0.006894
0.004683
0.002211
0.000650
0.005008
0.001886
0.002471
0.003447
0.002471
0.001496
0.006504
0.006309
0.002146
0.002016
0.001431
0.002471
0.006048
0.003772
0.001691
0.003837
0.003772
0.001041
0.000845
0.006764
0.002016
0.001431
0.003317
0.005983
0.001561
0.002081
0.001756
0.002797
0.005268
0.002146
0.001431
0.002146
0.007544
0.002732
0.001496
0.006243
0.002081
0.001496
0.001236
