0.131439
0.001821
0.002666
0.002862
0.002732
0.003252
0.009430
0.004292
0.001561
0.002536
0.004032
0.002732
0.002601
0.003187
0.003707
0.010341
0.003707
0.001886
0.001821
0.004683
0.001236
0.002146
0.008585
0.005853
0.001106
0.003642
0.005398
0.002146
0.001496
0.001691
0.003512
0.009105
0.002862
0.001171
0.002016
0.002406
0.004032
0.000976
0.007739
0.001886
0.001106
0.002601
0.005333
0.001691
0.008325
0.001301
0.004032
0.001431
0.004227
0.001691
0.002927
0.002146
0.003642
0.002927
0.010471
0.002666
0.001691
0.002016
0.004162
0.001041
0.008520
0.002211
0.003577
0.002601
0.002927
0.003577
0.001886
0.003577
0.001431
0.011056
0.001691
0.004618
0.001236
0.005463
0.002992
0.001691
0.000845
0.006504
0.001496
0.009560
0.002146
0.003642
0.001106
0.003902
0.001561
0.011576
0.003837
0.003642
0.000911
0.004748
0.002536
0.002666
0.002406
0.003642
0.002406
0.009300
0.003057
0.002601
0.002016
0.002666
0.004748
0.011381
0.003252
0.003447
0.002406
0.004553
0.002341
0.001301
0.008780
0.004032
0.002992
0.002927
0.004618
0.002471
0.001431
0.002341
0.004227
0.008780
0.001756
0.002211
0.002471
0.006959
0.003967
0.001366
0.009430
0.003902
0.002276
0.002797
0.001821
0.001821
0.003512
0.004488
0.001561
0.004292
0.005788
0.002601
0.001431
0.000780
0.004878
0.002276
0.003057
0.001821
0.002666
0.006699
0.001561
0.002601
0.002016
0.004878
0.001171
0.001951
0.005658
0.003057
0.002276
0.002666
0.005918
0.003252
0.001561
0.001561
0.002146
0.005268
0.005593
0.001561
0.001756
0.002797
0.002211
0.001821
0.005008
0.001301
0.002146
0.002146
0.007154
0.001756
0.006634
0.001561
0.003512
0.002666
0.005008
0.001496
0.003187
0.001106
0.002211
0.003447
0.005593
0.001561
0.003512
0.002666
0.004813
0.001626
0.004227
0.001301
0.002341
0.002927
0.001886
0.003057
0.002276
0.005528
0.001041
0.007674
0.002341
0.002406
0.002016
0.008975
0.002536
0.002276
0.001821
0.004813
0.002146
0.006243
0.001106
0.005138
0.001561
0.003837
0.001236
0.006439
0.003577
0.002146
0.001171
0.005463
0.001171
0.003122
0.003122
0.003382
0.001561
0.005853
0.003967
0.003317
0.001106
0.001366
0.002471
0.006569
0.003967
0.001691
0.002732
0.003577
0.002081
0.001366
0.005463
0.002211
0.001561
0.003512
0.005528
0.003382
0.001561
0.002406
0.002797
0.006243
0.002992
0.002081
0.002276
0.007349
0.002536
0.002276
0.005788
0.003187
0.002276
0.003057
