0.115049
0.001561
0.003512
0.002601
0.002341
0.002081
0.014828
0.003122
0.001886
0.002146
0.003057
0.003902
0.002406
0.002406
0.003187
0.013593
0.003902
0.002471
0.001886
0.002992
0.003252
0.002146
0.008065
0.003187
0.003317
0.003837
0.004227
0.002276
0.002211
0.001496
0.004292
0.007674
0.004488
0.003057
0.002016
0.003382
0.002471
0.001106
0.007739
0.001366
0.002146
0.003642
0.003382
0.002992
0.005853
0.001951
0.003512
0.001431
0.002601
0.001951
0.002471
0.001821
0.002992
0.002276
0.015544
0.002862
0.002666
0.001821
0.002666
0.001366
0.014958
0.003187
0.005398
0.003577
0.003252
0.002276
0.002601
0.003317
0.002797
0.005398
0.002797
0.002211
0.003187
0.003902
0.004813
0.002471
0.001886
0.001886
0.002211
0.007219
0.002471
0.001626
0.002081
0.001951
0.003967
0.012682
0.003772
0.003902
0.002016
0.002016
0.001626
0.002601
0.003187
0.002146
0.003642
0.013658
0.002797
0.003122
0.001756
0.002016
0.004292
0.011251
0.003057
0.003057
0.003122
0.002471
0.002406
0.001366
0.011967
0.002341
0.003317
0.002146
0.004227
0.001951
0.002927
0.003642
0.003447
0.005398
0.002732
0.002211
0.001301
0.002536
0.004422
0.002081
0.006764
0.002081
0.002341
0.002341
0.002211
0.002276
0.003187
0.003707
0.002406
0.004488
0.006894
0.001756
0.002341
0.001236
0.003057
0.003122
0.003967
0.001431
0.002276
0.008065
0.003057
0.003967
0.001106
0.004683
0.003122
0.004878
0.004748
0.003122
0.004813
0.002862
0.004357
0.001886
0.005593
0.001951
0.002341
0.004357
0.005203
0.004227
0.001431
0.003447
0.002536
0.003837
0.005008
0.002471
0.001366
0.003122
0.006309
0.004618
0.003512
0.002276
0.002276
0.003577
0.002471
0.001691
0.002146
0.001106
0.002081
0.003967
0.007609
0.002276
0.003187
0.001496
0.002862
0.001496
0.008715
0.002211
0.002927
0.003902
0.002862
0.001561
0.005398
0.004683
0.002732
0.002927
0.002992
0.001561
0.006243
0.006309
0.004292
0.002471
0.004618
0.001171
0.002732
0.003447
0.001951
0.001626
0.002341
0.001496
0.002406
0.008130
0.005073
0.002732
0.002016
0.002016
0.001691
0.002666
0.003122
0.001561
0.002016
0.007219
0.004422
0.001951
0.002211
0.001431
0.002146
0.008390
0.004292
0.001951
0.002992
0.001561
0.001626
0.002276
0.008585
0.001626
0.002081
0.003772
0.004748
0.001561
0.004162
0.001691
0.001691
0.002732
0.004422
0.002601
0.001886
0.005268
0.003122
0.003382
0.004683
0.001366
0.002992
0.003642
