0.136707
0.001691
0.002536
0.002797
0.002862
0.003837
0.009625
0.004032
0.001691
0.002276
0.003317
0.002927
0.003512
0.003837
0.003772
0.011121
0.003317
0.003057
0.002276
0.006178
0.001691
0.002406
0.004748
0.003252
0.001821
0.004878
0.003642
0.003187
0.002211
0.001561
0.003252
0.007674
0.001886
0.001886
0.002211
0.004032
0.003122
0.002341
0.005918
0.002992
0.001886
0.002862
0.004032
0.001886
0.005658
0.002081
0.004357
0.002927
0.001626
0.002601
0.002862
0.002601
0.001886
0.001496
0.009690
0.002341
0.003057
0.003577
0.004292
0.002341
0.009105
0.002081
0.004422
0.003772
0.002341
0.002341
0.002666
0.004227
0.002016
0.005528
0.002146
0.005333
0.002081
0.003772
0.004227
0.002601
0.002146
0.003252
0.002341
0.009365
0.002601
0.003057
0.002276
0.006178
0.002276
0.009300
0.002601
0.004422
0.002471
0.002992
0.002536
0.003447
0.002081
0.002081
0.002471
0.009430
0.002992
0.001821
0.001951
0.003382
0.002927
0.009105
0.002927
0.004227
0.002146
0.002406
0.002536
0.001691
0.008975
0.003837
0.003772
0.006113
0.002927
0.002862
0.002081
0.006634
0.001691
0.003772
0.002276
0.002016
0.002016
0.004357
0.004227
0.003902
0.004748
0.002601
0.002406
0.001431
0.002146
0.001886
0.001821
0.005008
0.002601
0.004878
0.007024
0.004618
0.001561
0.002016
0.001951
0.002536
0.002927
0.003187
0.001821
0.008845
0.003187
0.003642
0.002732
0.007544
0.002406
0.003252
0.005138
0.002406
0.003057
0.002471
0.004618
0.004227
0.003772
0.002406
0.002666
0.004748
0.002732
0.002081
0.002406
0.002992
0.002341
0.003187
0.004097
0.003252
0.001431
0.002081
0.006829
0.002666
0.004292
0.001886
0.002276
0.003252
0.002016
0.002211
0.002406
0.002081
0.001431
0.004488
0.005333
0.001691
0.001691
0.002276
0.002211
0.001886
0.006569
0.002732
0.002536
0.004683
0.002992
0.001561
0.002992
0.005138
0.002927
0.004683
0.003772
0.003967
0.002471
0.006048
0.002927
0.002081
0.003187
0.002992
0.002211
0.006504
0.001951
0.002666
0.001821
0.003577
0.001496
0.005398
0.003642
0.002601
0.002276
0.002797
0.001626
0.003447
0.002862
0.001886
0.002146
0.007609
0.002797
0.001301
0.001431
0.002016
0.001756
0.005983
0.005398
0.003902
0.001756
0.002471
0.002341
0.002406
0.005528
0.002862
0.002406
0.006569
0.003187
0.002666
0.003382
0.005138
0.002016
0.003577
0.003122
0.002666
0.002016
0.004357
0.002732
0.004748
0.002992
0.001691
0.002666
0.003837
