0.119017
0.001236
0.002927
0.004878
0.003122
0.003642
0.008650
0.005073
0.000976
0.001691
0.004032
0.002471
0.002276
0.002471
0.002471
0.009105
0.002666
0.001886
0.001886
0.004813
0.000976
0.001951
0.008195
0.007609
0.001431
0.003772
0.002536
0.002276
0.001951
0.001756
0.005658
0.012422
0.004553
0.002276
0.001886
0.003837
0.003577
0.001886
0.006048
0.001691
0.002471
0.003837
0.004748
0.002081
0.005853
0.001496
0.003967
0.001691
0.004683
0.001236
0.001431
0.002016
0.002992
0.002797
0.008975
0.003902
0.002601
0.001366
0.002732
0.000976
0.010536
0.002601
0.004162
0.003642
0.003187
0.003122
0.001626
0.006439
0.002016
0.013788
0.001236
0.006959
0.001951
0.005138
0.004162
0.003057
0.001171
0.006113
0.001496
0.010536
0.001756
0.003967
0.000585
0.005138
0.002211
0.009755
0.003837
0.005333
0.001431
0.004357
0.001301
0.003252
0.003252
0.004292
0.003317
0.014373
0.002862
0.002601
0.000845
0.003512
0.002341
0.008975
0.001366
0.002797
0.002146
0.004032
0.001691
0.001431
0.009820
0.004488
0.001366
0.002732
0.003772
0.002666
0.001171
0.002732
0.003252
0.009105
0.001821
0.002276
0.001106
0.003447
0.002666
0.002341
0.009105
0.004618
0.001431
0.001951
0.001301
0.001626
0.003122
0.007804
0.001691
0.003642
0.003642
0.002601
0.000976
0.001236
0.003772
0.004748
0.003382
0.002406
0.001951
0.006243
0.001951
0.002211
0.001626
0.005398
0.001301
0.002471
0.005463
0.004097
0.002276
0.003772
0.004162
0.002992
0.002601
0.002536
0.002016
0.007999
0.005723
0.002341
0.003512
0.003772
0.002797
0.002211
0.004032
0.001821
0.002146
0.002146
0.006569
0.003772
0.005918
0.001561
0.002406
0.002146
0.003447
0.000715
0.001496
0.001106
0.001821
0.003967
0.005528
0.002341
0.002406
0.001496
0.002406
0.001041
0.006764
0.002341
0.003122
0.004162
0.004292
0.003122
0.002797
0.008780
0.001236
0.007284
0.001561
0.003837
0.002601
0.007349
0.002471
0.003837
0.002146
0.003902
0.001041
0.007739
0.000911
0.003252
0.000780
0.004813
0.002146
0.007024
0.004032
0.003837
0.001496
0.004553
0.001041
0.004032
0.004488
0.003252
0.001951
0.007674
0.004878
0.002016
0.001366
0.002081
0.001951
0.006048
0.002797
0.001431
0.001951
0.002927
0.001171
0.002081
0.004488
0.002992
0.000715
0.003057
0.006048
0.003317
0.001366
0.002406
0.001431
0.005918
0.002406
0.001951
0.002016
0.005203
0.001301
0.002732
0.005203
0.002927
0.000976
0.002536
