0.155827
0.001691
0.001756
0.003837
0.001951
0.002406
0.010926
0.002797
0.001236
0.003317
0.005203
0.002471
0.002211
0.002146
0.002797
0.011837
0.003187
0.001301
0.001106
0.005593
0.002081
0.001821
0.005463
0.003707
0.001171
0.003447
0.003967
0.001626
0.001561
0.002406
0.003187
0.005398
0.005073
0.001821
0.001041
0.004097
0.003512
0.002601
0.007869
0.001951
0.002927
0.005853
0.006113
0.001236
0.005593
0.001951
0.002732
0.002016
0.003837
0.001236
0.001301
0.001756
0.004422
0.003317
0.011056
0.002601
0.002471
0.003447
0.004357
0.001496
0.010861
0.003122
0.003512
0.002341
0.003512
0.001756
0.000976
0.004553
0.002016
0.005853
0.001496
0.002992
0.001886
0.007154
0.004878
0.002406
0.001821
0.002992
0.001951
0.007934
0.002081
0.001301
0.001171
0.004878
0.002666
0.012487
0.002666
0.003252
0.000911
0.003252
0.001951
0.002146
0.003057
0.002732
0.003252
0.009951
0.004878
0.001756
0.000911
0.001886
0.003707
0.010536
0.002666
0.001886
0.003902
0.005918
0.002927
0.001301
0.010861
0.002666
0.002341
0.001691
0.004813
0.001431
0.000585
0.003577
0.006569
0.009365
0.001886
0.001366
0.002601
0.004488
0.003837
0.001431
0.008715
0.004748
0.002146
0.001626
0.001041
0.001301
0.002276
0.004227
0.001301
0.004162
0.006894
0.002276
0.001951
0.002276
0.002992
0.001951
0.004162
0.001236
0.001496
0.007414
0.001886
0.002081
0.001691
0.006113
0.001756
0.003967
0.004357
0.002797
0.001431
0.002081
0.004227
0.002016
0.003187
0.001431
0.001496
0.004227
0.004943
0.002341
0.002341
0.002081
0.002797
0.003187
0.006048
0.002081
0.002016
0.003512
0.008910
0.001301
0.006439
0.001626
0.001886
0.002016
0.002797
0.001626
0.001431
0.001561
0.002341
0.006439
0.007089
0.001236
0.001626
0.001756
0.003187
0.001171
0.007414
0.001691
0.001821
0.003642
0.001821
0.001561
0.001691
0.004553
0.002406
0.005008
0.003122
0.002276
0.002797
0.009690
0.003187
0.001431
0.002406
0.002016
0.001496
0.005333
0.001106
0.001496
0.001756
0.003057
0.002471
0.009040
0.004813
0.002862
0.001301
0.002536
0.001756
0.003252
0.003772
0.000911
0.001041
0.005333
0.005528
0.002146
0.002081
0.001301
0.002016
0.005853
0.004553
0.001821
0.004488
0.004488
0.001561
0.001301
0.006309
0.001691
0.001041
0.004357
0.005528
0.001236
0.001496
0.001691
0.004748
0.007739
0.003772
0.001561
0.001886
0.005398
0.001886
0.001951
0.007089
0.002471
0.000845
0.002927
