0.124285
0.000976
0.002927
0.003902
0.002211
0.002536
0.012617
0.004357
0.001691
0.002146
0.002276
0.003252
0.002471
0.002276
0.004227
0.014373
0.003902
0.001821
0.002797
0.004227
0.002276
0.001431
0.007284
0.005138
0.002081
0.004227
0.004488
0.003772
0.002276
0.002016
0.003837
0.011121
0.002992
0.002341
0.002016
0.004227
0.003122
0.001691
0.007089
0.002797
0.002601
0.003252
0.002927
0.003122
0.005983
0.001951
0.003642
0.002862
0.002471
0.001496
0.002797
0.003252
0.003512
0.002732
0.009820
0.003382
0.002146
0.002016
0.003447
0.002732
0.012097
0.002601
0.003642
0.003382
0.003772
0.001951
0.002536
0.004032
0.002276
0.004748
0.002797
0.004357
0.002992
0.002471
0.003577
0.002406
0.001691
0.001886
0.003057
0.007479
0.002601
0.001886
0.002601
0.002732
0.002536
0.009820
0.003382
0.003707
0.001886
0.002146
0.002797
0.003577
0.002862
0.002797
0.003187
0.014568
0.001951
0.001821
0.002797
0.003707
0.003057
0.008325
0.003317
0.002862
0.002146
0.002016
0.002601
0.002081
0.010211
0.002341
0.005333
0.003577
0.002992
0.002797
0.002732
0.003577
0.003057
0.005398
0.002797
0.002341
0.001951
0.002992
0.005073
0.003642
0.006178
0.002927
0.002992
0.002016
0.001691
0.001561
0.001821
0.004878
0.002536
0.002927
0.007674
0.003122
0.002536
0.001626
0.002536
0.003187
0.003642
0.001626
0.003187
0.007349
0.002797
0.003187
0.003187
0.006113
0.003057
0.003577
0.003837
0.003447
0.004227
0.002016
0.005138
0.002276
0.003707
0.003122
0.002732
0.005788
0.004227
0.003642
0.001886
0.003707
0.002016
0.003187
0.005138
0.004422
0.002016
0.002666
0.006634
0.003837
0.004097
0.001431
0.002146
0.004488
0.001886
0.001691
0.002471
0.003317
0.002862
0.002797
0.005658
0.002276
0.002601
0.001041
0.002732
0.002016
0.006439
0.002601
0.002601
0.005203
0.002276
0.001821
0.002927
0.006569
0.002471
0.003382
0.003837
0.003252
0.002601
0.005528
0.003382
0.001821
0.002666
0.001366
0.002016
0.004422
0.002276
0.001886
0.002016
0.002862
0.001951
0.005333
0.004748
0.003317
0.002536
0.001756
0.002862
0.002797
0.003382
0.001431
0.002992
0.007869
0.003122
0.002471
0.002536
0.001691
0.002016
0.005073
0.004878
0.003252
0.001301
0.001951
0.001626
0.002081
0.005008
0.001951
0.003252
0.003902
0.003577
0.001756
0.004032
0.002862
0.002146
0.003057
0.004292
0.002927
0.002016
0.004097
0.003902
0.004097
0.003057
0.001366
0.002406
0.004032
