0.112773
0.000455
0.001431
0.001691
0.001366
0.001041
0.009886
0.002862
0.001431
0.001041
0.003642
0.002601
0.001951
0.000715
0.002666
0.009105
0.003252
0.000195
0.000845
0.003382
0.002211
0.002536
0.012942
0.006764
0.000520
0.001691
0.003707
0.000650
0.001886
0.001171
0.005658
0.011056
0.004618
0.001236
0.001041
0.001431
0.008130
0.001626
0.009105
0.000715
0.005463
0.004943
0.005333
0.001301
0.020486
0.001106
0.004292
0.001626
0.005203
0.000585
0.000911
0.000911
0.009170
0.006113
0.019121
0.004357
0.003317
0.001431
0.002536
0.000715
0.018210
0.004357
0.004878
0.001626
0.002341
0.001691
0.001496
0.003187
0.001821
0.009690
0.002146
0.004488
0.001496
0.004032
0.004748
0.003187
0.001301
0.002276
0.001041
0.009300
0.001366
0.001431
0.000845
0.002927
0.005398
0.017560
0.006374
0.005593
0.000520
0.002406
0.001756
0.002146
0.002276
0.004357
0.007089
0.012877
0.004032
0.002146
0.000650
0.001236
0.003057
0.009105
0.001041
0.000845
0.004032
0.004878
0.002211
0.001431
0.009625
0.002211
0.001041
0.001561
0.005073
0.000585
0.000650
0.001366
0.008585
0.012032
0.001301
0.001106
0.001366
0.001821
0.001366
0.000520
0.011446
0.003837
0.001626
0.000455
0.002146
0.001431
0.004748
0.007024
0.001236
0.001691
0.007154
0.001431
0.002276
0.001951
0.005658
0.005463
0.003057
0.000455
0.000715
0.004618
0.002146
0.000520
0.001236
0.003642
0.001626
0.001691
0.003902
0.002146
0.000911
0.000845
0.002927
0.001041
0.001886
0.000585
0.001756
0.002601
0.009235
0.004227
0.003967
0.003967
0.004292
0.002081
0.003707
0.000911
0.006569
0.008520
0.009625
0.004227
0.009300
0.000650
0.001626
0.001366
0.005788
0.000976
0.002016
0.001106
0.004422
0.005203
0.005463
0.002601
0.004748
0.001496
0.003447
0.000715
0.006243
0.002016
0.001886
0.001951
0.004422
0.003902
0.006178
0.006439
0.000715
0.003317
0.001886
0.002341
0.004683
0.010796
0.005983
0.005073
0.001756
0.001236
0.001301
0.002862
0.000976
0.002276
0.001496
0.002601
0.002211
0.006829
0.003772
0.003642
0.000650
0.002992
0.001691
0.003057
0.002797
0.001106
0.002732
0.004162
0.007479
0.005398
0.001756
0.001626
0.003512
0.006243
0.001951
0.000650
0.006699
0.006048
0.001886
0.001041
0.006699
0.001106
0.000260
0.001821
0.005788
0.001301
0.000520
0.001431
0.003187
0.005073
0.001561
0.001041
0.002406
0.003057
0.001431
0.000650
0.004422
0.001171
0.001041
0.000585
