0.095018
0.001496
0.001431
0.003707
0.003642
0.005203
0.005853
0.004357
0.001041
0.002471
0.002146
0.001691
0.004488
0.005008
0.002797
0.009300
0.004618
0.003187
0.002276
0.007544
0.001561
0.002406
0.004227
0.004422
0.001496
0.006829
0.002927
0.003642
0.001626
0.001756
0.003577
0.004813
0.005203
0.000911
0.000780
0.002211
0.005528
0.001886
0.006569
0.002146
0.001041
0.002341
0.002276
0.001431
0.013983
0.001366
0.004488
0.002341
0.005528
0.001821
0.001821
0.002341
0.002992
0.002471
0.003512
0.002211
0.001886
0.002276
0.002601
0.001431
0.008715
0.001951
0.001951
0.002016
0.002862
0.002666
0.001431
0.004097
0.001301
0.015934
0.000911
0.007674
0.001106
0.004943
0.001236
0.001951
0.001431
0.007869
0.000911
0.012812
0.001951
0.006243
0.001041
0.007479
0.002146
0.008390
0.002471
0.002666
0.000780
0.006699
0.001951
0.004357
0.002601
0.003447
0.002146
0.004422
0.005593
0.002797
0.001301
0.002471
0.003252
0.014308
0.002471
0.006374
0.002732
0.003707
0.001496
0.001886
0.012617
0.006634
0.002862
0.006504
0.005788
0.004357
0.001366
0.006569
0.005138
0.005138
0.001431
0.001886
0.002732
0.007219
0.003512
0.003512
0.008065
0.003902
0.001886
0.002146
0.001626
0.002666
0.001886
0.004488
0.002016
0.006634
0.003967
0.003057
0.001561
0.002666
0.002732
0.002732
0.004878
0.003577
0.002146
0.008390
0.003772
0.005008
0.002081
0.007934
0.000780
0.002211
0.002471
0.002862
0.002081
0.006374
0.003772
0.004357
0.002146
0.001821
0.001951
0.003577
0.005788
0.001886
0.001366
0.000845
0.002276
0.002536
0.003252
0.001366
0.002146
0.001366
0.002732
0.001821
0.008325
0.001886
0.002081
0.002666
0.006569
0.002016
0.002797
0.001756
0.001561
0.002081
0.002797
0.001561
0.003707
0.001821
0.004162
0.002601
0.004162
0.001691
0.001496
0.002016
0.001626
0.003642
0.001301
0.005008
0.000911
0.009170
0.001301
0.004032
0.001301
0.007934
0.001041
0.002146
0.002211
0.004488
0.001366
0.007609
0.001171
0.005528
0.001171
0.007739
0.001171
0.005203
0.000976
0.001626
0.001106
0.007609
0.001041
0.006113
0.002862
0.002341
0.001951
0.004227
0.005593
0.004097
0.001691
0.001756
0.002471
0.007609
0.003642
0.003577
0.001951
0.003707
0.001561
0.001496
0.008520
0.004032
0.002016
0.004618
0.008650
0.005008
0.002406
0.005398
0.002601
0.004488
0.001691
0.001951
0.002276
0.010406
0.002406
0.005138
0.005853
0.002732
0.001301
0.002927
