0.120968
0.002016
0.002341
0.004813
0.002797
0.002992
0.013007
0.006309
0.000976
0.002862
0.002406
0.003837
0.002797
0.002666
0.003252
0.011902
0.003577
0.002276
0.003122
0.006699
0.001366
0.001951
0.008845
0.005203
0.001496
0.003772
0.004813
0.003382
0.001171
0.002666
0.003057
0.010536
0.002862
0.002081
0.001691
0.004162
0.002146
0.001561
0.007479
0.002536
0.001301
0.002536
0.003577
0.002406
0.005788
0.002211
0.003642
0.002732
0.002471
0.001886
0.002601
0.003382
0.002862
0.001821
0.010796
0.003447
0.002992
0.002081
0.003967
0.001821
0.011381
0.003382
0.002081
0.002341
0.003902
0.002406
0.001951
0.004943
0.001626
0.006894
0.002341
0.006374
0.001496
0.003512
0.002992
0.002341
0.001626
0.004227
0.001496
0.007804
0.002536
0.003382
0.000976
0.005203
0.002406
0.009625
0.002992
0.003772
0.001691
0.002406
0.002081
0.004878
0.001431
0.002862
0.002276
0.010731
0.002992
0.002341
0.001951
0.003512
0.003512
0.011446
0.004292
0.004878
0.002406
0.002406
0.002081
0.002211
0.010991
0.003902
0.002927
0.004683
0.002927
0.002536
0.001821
0.004292
0.002601
0.005853
0.001821
0.002211
0.001821
0.003642
0.004422
0.002992
0.006504
0.001886
0.002471
0.001886
0.001756
0.002081
0.002341
0.006243
0.001691
0.003187
0.006829
0.002992
0.001626
0.001756
0.003252
0.003967
0.003187
0.002732
0.002406
0.008910
0.002862
0.003447
0.003122
0.007479
0.002146
0.003512
0.006048
0.002927
0.003317
0.003642
0.006504
0.004943
0.002601
0.002016
0.002341
0.007479
0.004097
0.003057
0.001886
0.002666
0.001041
0.002406
0.004488
0.002211
0.001626
0.002536
0.005463
0.002927
0.003902
0.001756
0.001691
0.003642
0.002341
0.002081
0.001951
0.001496
0.001236
0.002666
0.005463
0.002471
0.001496
0.002406
0.003512
0.002666
0.006439
0.002146
0.001691
0.003967
0.002016
0.002797
0.002276
0.005593
0.001561
0.004422
0.002862
0.004357
0.002406
0.006113
0.002081
0.002666
0.003122
0.003317
0.001626
0.006113
0.001171
0.002992
0.001236
0.004097
0.001951
0.005528
0.002992
0.002601
0.001561
0.003057
0.002341
0.004097
0.003772
0.002341
0.001626
0.007674
0.003382
0.002081
0.001691
0.002601
0.001821
0.005853
0.004097
0.002797
0.001886
0.002406
0.001366
0.002732
0.006569
0.002862
0.002146
0.006178
0.003902
0.003252
0.002471
0.003837
0.001821
0.003512
0.002732
0.001886
0.001691
0.005723
0.002601
0.003967
0.004097
0.002081
0.001821
0.003707
