0.085458
0.001431
0.002666
0.003447
0.002992
0.001821
0.014958
0.004618
0.002406
0.002016
0.004032
0.002732
0.002016
0.001756
0.003707
0.013983
0.003382
0.002862
0.002732
0.004748
0.001691
0.001886
0.009430
0.003902
0.004162
0.002732
0.005658
0.002797
0.001951
0.001821
0.004748
0.009170
0.003512
0.002601
0.002797
0.003772
0.002927
0.001301
0.007934
0.002081
0.002016
0.002862
0.005203
0.002992
0.006374
0.000976
0.004488
0.001626
0.002536
0.001886
0.003382
0.002536
0.002666
0.002211
0.014373
0.003642
0.003512
0.002081
0.004032
0.002797
0.011967
0.002406
0.004422
0.003317
0.003122
0.000845
0.004227
0.004748
0.002732
0.004813
0.002732
0.004032
0.002276
0.003122
0.004878
0.002471
0.002016
0.001041
0.003512
0.005918
0.001886
0.001431
0.002211
0.003577
0.002732
0.010731
0.003382
0.004097
0.002146
0.001496
0.002601
0.002862
0.002276
0.002406
0.004357
0.011381
0.002406
0.001691
0.002081
0.002797
0.004162
0.011707
0.003967
0.003967
0.002276
0.001756
0.003252
0.002146
0.011186
0.002536
0.002992
0.003317
0.003447
0.001821
0.003837
0.004162
0.003122
0.005853
0.003967
0.003187
0.001756
0.003837
0.005918
0.002797
0.006243
0.002211
0.002276
0.002341
0.001756
0.001171
0.003057
0.003772
0.002666
0.003057
0.010731
0.004553
0.001041
0.001171
0.003447
0.002992
0.003447
0.001561
0.002927
0.008780
0.003447
0.004878
0.001821
0.005593
0.003382
0.004488
0.005983
0.002927
0.005593
0.001951
0.008195
0.002406
0.004553
0.001951
0.002862
0.003707
0.005268
0.002666
0.002406
0.002862
0.002992
0.002992
0.005723
0.003772
0.001626
0.002081
0.006309
0.005008
0.004227
0.002406
0.002276
0.005203
0.002016
0.001886
0.001626
0.001886
0.002016
0.002536
0.009430
0.002471
0.002862
0.000911
0.004032
0.001301
0.006764
0.001756
0.004032
0.004097
0.002211
0.001431
0.005528
0.005788
0.002666
0.002016
0.005853
0.002732
0.002601
0.005918
0.004683
0.002797
0.003317
0.001561
0.003447
0.003772
0.001561
0.002081
0.001756
0.002536
0.002601
0.005853
0.004227
0.002666
0.001496
0.002341
0.001886
0.002016
0.003382
0.001171
0.003252
0.007544
0.003967
0.001626
0.002276
0.001496
0.002146
0.007089
0.004813
0.003057
0.002276
0.003057
0.001756
0.001951
0.008065
0.001626
0.002536
0.003317
0.004618
0.001431
0.004683
0.002406
0.001366
0.002341
0.006634
0.003057
0.002016
0.004032
0.004618
0.004618
0.002797
0.000845
0.003577
0.003902
