0.125650
0.001041
0.004227
0.003447
0.002146
0.002406
0.013983
0.003187
0.000911
0.002276
0.003252
0.003317
0.002081
0.001366
0.007284
0.015349
0.001691
0.001041
0.002211
0.003967
0.002016
0.001691
0.011316
0.006504
0.000911
0.002146
0.004553
0.001626
0.001301
0.002146
0.007349
0.010601
0.003837
0.000650
0.001951
0.002862
0.005138
0.001626
0.010926
0.002732
0.001886
0.002797
0.004618
0.001171
0.011316
0.001691
0.004878
0.001431
0.002992
0.001106
0.002666
0.001171
0.003382
0.002406
0.013007
0.002276
0.003577
0.001756
0.003512
0.000715
0.012877
0.001821
0.004357
0.001756
0.002536
0.002146
0.000520
0.004878
0.001626
0.011642
0.001756
0.005463
0.000780
0.004618
0.002666
0.001106
0.001366
0.004488
0.001951
0.014438
0.001236
0.002666
0.000976
0.002927
0.002081
0.015219
0.003447
0.003057
0.000976
0.004032
0.000845
0.001951
0.002276
0.003642
0.003122
0.012227
0.003837
0.003447
0.000650
0.001496
0.002601
0.008845
0.002211
0.002471
0.002211
0.004618
0.001041
0.000911
0.011707
0.002732
0.001886
0.002276
0.003187
0.002471
0.001041
0.001886
0.003902
0.009040
0.001496
0.001561
0.001496
0.005398
0.002341
0.000715
0.007219
0.005853
0.001691
0.000976
0.001366
0.002276
0.003447
0.004943
0.001496
0.002666
0.007479
0.001366
0.001171
0.001626
0.005398
0.005203
0.002732
0.001561
0.002146
0.008715
0.002081
0.001951
0.003837
0.005333
0.001171
0.002927
0.005268
0.004032
0.002406
0.002797
0.005658
0.003317
0.001821
0.001821
0.002276
0.004748
0.005138
0.002081
0.002862
0.002406
0.001821
0.002536
0.004943
0.001366
0.002862
0.002406
0.008520
0.002341
0.004683
0.001301
0.002536
0.001691
0.003707
0.001561
0.003967
0.000780
0.001886
0.003642
0.007479
0.001431
0.003707
0.001366
0.004032
0.001106
0.007739
0.001106
0.003317
0.003642
0.002081
0.004292
0.002146
0.005268
0.001431
0.004748
0.001236
0.002341
0.001626
0.009235
0.002601
0.001626
0.001886
0.002016
0.001561
0.007219
0.000976
0.003122
0.001366
0.003902
0.001561
0.008455
0.003317
0.002211
0.001366
0.004227
0.001171
0.003577
0.003707
0.002146
0.001236
0.006569
0.005918
0.006374
0.001496
0.001301
0.002146
0.006829
0.002732
0.001756
0.002992
0.004943
0.002081
0.001431
0.006243
0.002146
0.001301
0.002341
0.004618
0.002666
0.001626
0.002927
0.002471
0.006113
0.001951
0.000976
0.002016
0.005398
0.002276
0.001821
0.004422
0.003057
0.001431
0.001236
