0.119537
0.001951
0.003122
0.003837
0.001821
0.002406
0.011837
0.004357
0.001886
0.002797
0.002536
0.002927
0.001886
0.001886
0.003512
0.013398
0.003902
0.002406
0.002471
0.005658
0.001951
0.002341
0.007219
0.005203
0.002146
0.004553
0.003642
0.002211
0.001691
0.001821
0.003772
0.009365
0.002862
0.002732
0.001886
0.004748
0.001366
0.001886
0.005268
0.002927
0.001496
0.003122
0.003707
0.003902
0.005983
0.002016
0.003252
0.003057
0.002016
0.001626
0.002211
0.003252
0.002862
0.002016
0.010796
0.003187
0.001756
0.002536
0.002016
0.002406
0.012162
0.003382
0.003577
0.003447
0.003577
0.002601
0.003967
0.004683
0.001301
0.006764
0.001821
0.005983
0.002927
0.004422
0.004097
0.002666
0.001431
0.003252
0.001886
0.007869
0.001756
0.002146
0.002471
0.004553
0.001301
0.012097
0.002276
0.004748
0.001171
0.002601
0.001756
0.002666
0.002276
0.003707
0.003187
0.014373
0.001626
0.001821
0.001561
0.003512
0.001106
0.012097
0.001626
0.004292
0.002146
0.002732
0.002016
0.001951
0.011576
0.003122
0.002666
0.003707
0.003707
0.001431
0.002601
0.005658
0.001431
0.003902
0.003057
0.002601
0.001106
0.003772
0.002601
0.003967
0.005073
0.003447
0.002341
0.003447
0.001236
0.001886
0.002732
0.005268
0.001626
0.004162
0.007024
0.002732
0.001496
0.001171
0.002276
0.002276
0.003577
0.002146
0.002406
0.011576
0.002862
0.004683
0.001301
0.007349
0.001756
0.004553
0.004683
0.003057
0.002927
0.003057
0.004878
0.002146
0.004292
0.002797
0.002601
0.005398
0.004032
0.003447
0.001886
0.004683
0.000715
0.002797
0.003447
0.003642
0.000650
0.002146
0.005268
0.005008
0.003382
0.001821
0.001951
0.006048
0.002341
0.002016
0.001366
0.002601
0.001236
0.003512
0.007934
0.003057
0.001106
0.001171
0.002211
0.002536
0.006959
0.002601
0.001951
0.004422
0.001886
0.002016
0.004683
0.007089
0.002016
0.004162
0.004422
0.002666
0.004292
0.007154
0.003707
0.002797
0.003122
0.002601
0.002992
0.006178
0.001041
0.002146
0.001886
0.002732
0.001821
0.007934
0.003837
0.002862
0.001496
0.002081
0.001301
0.002797
0.003057
0.002406
0.001886
0.009951
0.003707
0.001561
0.002341
0.001951
0.000650
0.006894
0.003057
0.002732
0.001041
0.001951
0.001561
0.001366
0.006504
0.002146
0.002341
0.005853
0.005983
0.001171
0.003447
0.004488
0.000845
0.003057
0.004422
0.003967
0.000845
0.005723
0.002211
0.004943
0.002732
0.001561
0.001821
0.006699
