0.090986
0.002601
0.001951
0.002341
0.003057
0.003512
0.009886
0.003447
0.002862
0.002927
0.002341
0.002666
0.002341
0.002927
0.002862
0.010601
0.003967
0.002081
0.002211
0.003837
0.002536
0.003642
0.008130
0.004097
0.001626
0.004618
0.003382
0.002797
0.003122
0.001561
0.003642
0.007219
0.005658
0.003187
0.002471
0.004748
0.003512
0.003317
0.005073
0.001821
0.001756
0.004422
0.003252
0.002601
0.005528
0.002406
0.002471
0.002406
0.003187
0.002081
0.001691
0.002471
0.002992
0.003642
0.010796
0.002862
0.002536
0.002927
0.002341
0.002016
0.011902
0.003512
0.002211
0.002666
0.006504
0.002862
0.002471
0.004032
0.002406
0.008325
0.001951
0.003447
0.003642
0.005073
0.003902
0.002146
0.002276
0.005658
0.001756
0.006764
0.003902
0.002732
0.002081
0.003382
0.003252
0.010471
0.002016
0.002471
0.002081
0.003772
0.002992
0.002016
0.003577
0.003382
0.002211
0.013267
0.004553
0.003707
0.001951
0.002862
0.002341
0.012877
0.002211
0.003122
0.002536
0.003512
0.003382
0.001951
0.008845
0.004553
0.002276
0.003252
0.003122
0.003837
0.002016
0.004097
0.003252
0.007349
0.002471
0.002666
0.002081
0.004813
0.003837
0.003122
0.006113
0.004488
0.002276
0.002471
0.001756
0.002276
0.001886
0.004748
0.003122
0.004813
0.005398
0.002211
0.002211
0.002276
0.002536
0.002732
0.003772
0.003512
0.001496
0.007609
0.002211
0.004618
0.001821
0.004943
0.002797
0.003837
0.004553
0.001496
0.002862
0.005138
0.003252
0.002797
0.003967
0.002797
0.001886
0.004292
0.006959
0.002927
0.002016
0.003382
0.001821
0.003902
0.003967
0.001756
0.002211
0.002536
0.006374
0.002862
0.003122
0.002732
0.001886
0.003577
0.001821
0.002666
0.001366
0.001561
0.002536
0.004292
0.007479
0.001821
0.002406
0.002081
0.002146
0.001756
0.008975
0.002666
0.001691
0.004553
0.003577
0.002146
0.003382
0.004813
0.003057
0.005333
0.003772
0.001821
0.003642
0.007934
0.002927
0.002797
0.004422
0.002666
0.002601
0.004488
0.001691
0.002927
0.002406
0.004097
0.003317
0.007869
0.004097
0.001821
0.002081
0.003447
0.001691
0.002601
0.006374
0.002732
0.001886
0.006634
0.004618
0.002341
0.002081
0.002341
0.002146
0.007804
0.003252
0.002732
0.002732
0.003902
0.001886
0.002536
0.006309
0.003187
0.001691
0.003967
0.003187
0.003707
0.003317
0.002992
0.002536
0.004227
0.003642
0.002927
0.002276
0.005333
0.003772
0.002601
0.005528
0.003122
0.002797
0.002992
