0.111928
0.001236
0.002406
0.005593
0.002601
0.003642
0.009820
0.004032
0.001691
0.001301
0.003577
0.002471
0.003382
0.002276
0.004357
0.009300
0.004227
0.001366
0.001561
0.005463
0.002081
0.001691
0.006699
0.004748
0.001301
0.003122
0.003902
0.002016
0.001821
0.001626
0.004162
0.007674
0.005333
0.001496
0.002276
0.003577
0.003772
0.001301
0.010991
0.001366
0.001821
0.003187
0.003772
0.001301
0.008585
0.002016
0.005138
0.001691
0.004032
0.000976
0.002016
0.002406
0.004097
0.002666
0.008390
0.002601
0.002471
0.002276
0.003707
0.001301
0.008585
0.002927
0.003382
0.003967
0.003512
0.002601
0.001691
0.005008
0.001171
0.015088
0.001561
0.007349
0.002081
0.005398
0.003057
0.001366
0.001041
0.006439
0.001041
0.009235
0.002862
0.002666
0.000780
0.005073
0.002536
0.009755
0.002471
0.003967
0.001496
0.004748
0.001171
0.001496
0.002601
0.004422
0.002081
0.008845
0.005008
0.003252
0.001626
0.002146
0.003642
0.010926
0.002927
0.003057
0.002797
0.005658
0.001366
0.001041
0.010991
0.003772
0.002601
0.003057
0.004748
0.001821
0.001886
0.002992
0.005918
0.009951
0.001886
0.001756
0.001431
0.005138
0.004422
0.001106
0.008585
0.004553
0.001821
0.001691
0.002146
0.000845
0.002797
0.006113
0.001691
0.004097
0.005268
0.002276
0.001106
0.001496
0.002862
0.002862
0.005528
0.002146
0.002471
0.007479
0.003382
0.001626
0.001691
0.005723
0.002016
0.001691
0.004943
0.003057
0.002146
0.002732
0.004813
0.004032
0.002536
0.001756
0.002862
0.005723
0.005788
0.001366
0.002732
0.003837
0.003317
0.002992
0.006699
0.000976
0.001691
0.003252
0.005918
0.001951
0.006178
0.001106
0.003252
0.002276
0.004813
0.000976
0.002797
0.001691
0.002471
0.003772
0.005398
0.001236
0.003122
0.001301
0.003967
0.000976
0.007414
0.001366
0.002732
0.004292
0.001821
0.002276
0.001496
0.006048
0.001561
0.009365
0.001756
0.003317
0.002276
0.008195
0.001366
0.002862
0.002146
0.004032
0.001756
0.006504
0.001236
0.002992
0.000845
0.004227
0.001756
0.007349
0.002536
0.002081
0.001431
0.005203
0.000845
0.002471
0.003772
0.002471
0.001821
0.007479
0.007349
0.003317
0.001366
0.001106
0.001691
0.007804
0.005398
0.002146
0.003512
0.003837
0.001626
0.000911
0.005528
0.002536
0.001756
0.002601
0.006309
0.001691
0.002406
0.002471
0.002927
0.007219
0.001431
0.001626
0.002146
0.005138
0.004357
0.002016
0.006829
0.003187
0.001626
0.002601
