0.112838
0.002146
0.002666
0.002862
0.003057
0.002732
0.008910
0.003382
0.002471
0.002471
0.003447
0.003187
0.003642
0.003902
0.002666
0.010861
0.005138
0.003252
0.002341
0.004227
0.003187
0.001951
0.005918
0.002601
0.003122
0.004227
0.003902
0.003057
0.002666
0.001951
0.003252
0.006699
0.004357
0.002406
0.002016
0.004748
0.002797
0.002341
0.004748
0.001821
0.002601
0.003772
0.004422
0.002732
0.006569
0.001951
0.002276
0.001886
0.003252
0.002341
0.002666
0.002666
0.002927
0.002471
0.010926
0.003967
0.002797
0.002406
0.002862
0.002666
0.010276
0.002732
0.002146
0.003252
0.004488
0.002146
0.002536
0.003902
0.002276
0.006113
0.002471
0.002992
0.002536
0.003902
0.004943
0.002081
0.002992
0.003187
0.002536
0.005398
0.002927
0.002601
0.003057
0.003577
0.002536
0.010211
0.004227
0.002016
0.002276
0.002601
0.003057
0.003317
0.002927
0.002536
0.003967
0.009625
0.003122
0.002341
0.002211
0.002797
0.002276
0.010341
0.002016
0.003967
0.001496
0.002927
0.003707
0.002406
0.010666
0.004032
0.003252
0.003967
0.003642
0.003187
0.002666
0.004357
0.002797
0.006569
0.002862
0.002797
0.002341
0.003967
0.003317
0.003252
0.005528
0.002862
0.002211
0.003252
0.002927
0.001626
0.002862
0.004488
0.002341
0.003902
0.006959
0.003187
0.003057
0.001626
0.003057
0.001691
0.004357
0.002406
0.002536
0.008195
0.002536
0.003577
0.002862
0.005138
0.002732
0.003447
0.004553
0.001821
0.003512
0.002992
0.004032
0.002406
0.004683
0.002601
0.002797
0.003642
0.005203
0.003122
0.002471
0.003317
0.001561
0.003902
0.003642
0.002862
0.002146
0.002211
0.007414
0.003252
0.004292
0.003057
0.002536
0.004162
0.003512
0.002406
0.002406
0.002406
0.002146
0.004227
0.007804
0.002732
0.002081
0.001756
0.002211
0.002471
0.006243
0.002666
0.002276
0.004618
0.002276
0.002081
0.004097
0.005723
0.002211
0.003642
0.004227
0.002016
0.003382
0.006048
0.002862
0.002016
0.005008
0.002276
0.003057
0.003252
0.001951
0.002471
0.002471
0.002601
0.002927
0.007154
0.005398
0.002341
0.001951
0.001886
0.002406
0.001951
0.003707
0.001886
0.002601
0.006569
0.004488
0.003057
0.002081
0.002797
0.001366
0.007674
0.003642
0.002992
0.001756
0.002341
0.002992
0.002016
0.007544
0.002276
0.002992
0.003577
0.005138
0.002732
0.003187
0.003122
0.001886
0.003772
0.004748
0.002536
0.001821
0.004357
0.002666
0.004097
0.003772
0.002276
0.001951
0.004618
