0.137032
0.002146
0.002927
0.003057
0.003057
0.003967
0.009235
0.004683
0.001561
0.001886
0.004227
0.002406
0.002927
0.004162
0.004227
0.010861
0.003317
0.003187
0.002536
0.005788
0.001821
0.002406
0.005073
0.003252
0.002211
0.004813
0.003382
0.003317
0.002406
0.002016
0.002601
0.007869
0.002276
0.001366
0.002016
0.004162
0.002797
0.002536
0.006309
0.002406
0.001691
0.003512
0.004292
0.002081
0.005788
0.002016
0.003447
0.002341
0.001951
0.002471
0.002536
0.003122
0.002341
0.001951
0.009886
0.001951
0.002666
0.003512
0.003772
0.002471
0.008390
0.002016
0.003772
0.003772
0.002471
0.002016
0.002471
0.004488
0.001951
0.005983
0.002146
0.005268
0.002016
0.003772
0.004488
0.002862
0.002016
0.003382
0.002797
0.007869
0.002732
0.003187
0.001821
0.005398
0.002276
0.008715
0.002797
0.004097
0.002601
0.002862
0.002732
0.003837
0.002081
0.002666
0.001886
0.010146
0.002992
0.001951
0.002406
0.003187
0.002862
0.008780
0.002536
0.004683
0.001951
0.002601
0.002276
0.001691
0.009560
0.003252
0.003902
0.004813
0.002927
0.002471
0.001886
0.006243
0.001951
0.004032
0.002471
0.001756
0.002341
0.004683
0.004032
0.003577
0.004683
0.002536
0.002341
0.002276
0.002341
0.002276
0.001756
0.004553
0.002276
0.004748
0.006374
0.003837
0.002016
0.002211
0.002016
0.002406
0.003057
0.003252
0.002016
0.007674
0.003187
0.003837
0.003252
0.007349
0.002601
0.003187
0.004813
0.002601
0.002732
0.002406
0.004227
0.003512
0.003642
0.002601
0.002471
0.006243
0.002797
0.002016
0.002016
0.003252
0.002081
0.003902
0.004097
0.002797
0.001821
0.001756
0.006894
0.002666
0.003837
0.002341
0.002211
0.003642
0.002016
0.002601
0.002211
0.002341
0.001886
0.004227
0.005723
0.002276
0.001886
0.001821
0.002146
0.001951
0.006764
0.002601
0.002732
0.004618
0.002797
0.001496
0.002732
0.004878
0.002536
0.004943
0.004422
0.003577
0.002471
0.006113
0.002666
0.002471
0.003187
0.002992
0.002732
0.006569
0.001951
0.002471
0.002471
0.004618
0.001691
0.005528
0.004162
0.002601
0.002341
0.002992
0.001886
0.003967
0.002666
0.001626
0.001886
0.007414
0.003057
0.001951
0.001431
0.001626
0.002276
0.005398
0.005073
0.003707
0.001626
0.002276
0.001821
0.002341
0.005268
0.002536
0.002536
0.006569
0.003252
0.002211
0.003252
0.005203
0.001626
0.003902
0.003252
0.003252
0.002081
0.004032
0.002927
0.004357
0.002797
0.001951
0.002471
0.004227
