0.129683
0.001366
0.002862
0.004162
0.001821
0.004162
0.012617
0.003577
0.001106
0.003122
0.004748
0.001626
0.002276
0.002471
0.003122
0.010601
0.003902
0.001431
0.002601
0.003642
0.001691
0.002276
0.008910
0.003577
0.000976
0.003902
0.005333
0.001821
0.001431
0.002146
0.003252
0.007479
0.004488
0.001301
0.002732
0.004097
0.003577
0.002732
0.009820
0.002276
0.002276
0.003902
0.004943
0.001756
0.006894
0.001951
0.004813
0.002211
0.003447
0.001236
0.002471
0.002666
0.003902
0.002797
0.011576
0.002862
0.001691
0.003382
0.004618
0.001496
0.009495
0.002471
0.005463
0.002016
0.003772
0.001626
0.002471
0.005138
0.001496
0.007479
0.002927
0.004162
0.001821
0.003837
0.002927
0.001886
0.001756
0.004357
0.002146
0.008260
0.001951
0.002666
0.001561
0.003967
0.002992
0.009755
0.002732
0.004162
0.001171
0.003577
0.002732
0.002732
0.003252
0.003902
0.001951
0.010471
0.002797
0.002081
0.001691
0.003252
0.002927
0.009690
0.003122
0.002862
0.002666
0.004032
0.002016
0.001431
0.010016
0.003707
0.002927
0.003252
0.003837
0.001106
0.001691
0.004292
0.003902
0.007934
0.001951
0.002536
0.002536
0.005658
0.004422
0.001431
0.006504
0.003317
0.002536
0.002797
0.002081
0.001626
0.002992
0.004683
0.001041
0.004227
0.008390
0.001886
0.001886
0.001171
0.002927
0.002341
0.003512
0.001756
0.002732
0.006699
0.001366
0.002406
0.002341
0.004748
0.002081
0.003382
0.005788
0.002341
0.002276
0.002211
0.005593
0.002601
0.003382
0.001886
0.002927
0.005723
0.004618
0.002471
0.003057
0.004488
0.002341
0.002146
0.006374
0.001431
0.002471
0.002146
0.006829
0.003122
0.004553
0.001756
0.003382
0.004097
0.002146
0.001691
0.002341
0.002211
0.002276
0.004422
0.007544
0.001431
0.001691
0.001496
0.004097
0.002016
0.007414
0.001691
0.002406
0.004097
0.002406
0.002406
0.002406
0.005918
0.001301
0.005528
0.003317
0.003967
0.002601
0.005528
0.003317
0.001496
0.002471
0.001756
0.002081
0.004813
0.001171
0.001756
0.001886
0.002211
0.001951
0.005658
0.002276
0.002862
0.001561
0.004618
0.001431
0.003902
0.003837
0.001756
0.001496
0.007024
0.003967
0.002211
0.002081
0.002211
0.002341
0.007349
0.004032
0.002406
0.002601
0.002536
0.001691
0.001756
0.005983
0.002666
0.001561
0.004422
0.002862
0.001951
0.002016
0.003707
0.003187
0.005203
0.003642
0.001366
0.002016
0.006374
0.003057
0.003057
0.006374
0.001821
0.002211
0.003772
