0.102237
0.001366
0.002406
0.004097
0.002601
0.003187
0.006504
0.003252
0.001561
0.002536
0.003317
0.004813
0.004162
0.003512
0.002666
0.005983
0.003837
0.002992
0.001821
0.004683
0.002341
0.002016
0.007674
0.007219
0.001366
0.003577
0.002797
0.002601
0.002797
0.002211
0.004422
0.006374
0.003642
0.002016
0.002992
0.003772
0.004227
0.001756
0.005983
0.002146
0.002146
0.003382
0.004943
0.002992
0.007934
0.001626
0.004162
0.002016
0.004162
0.001821
0.002406
0.001886
0.003512
0.003577
0.009235
0.004162
0.003122
0.002536
0.003837
0.001431
0.010146
0.003772
0.003837
0.003512
0.003577
0.003057
0.002471
0.004748
0.001886
0.007804
0.001561
0.005788
0.001756
0.004162
0.004683
0.002406
0.001951
0.004943
0.002146
0.006504
0.002666
0.003577
0.001821
0.003187
0.003187
0.009625
0.004162
0.005788
0.001301
0.003772
0.002666
0.003382
0.003187
0.003317
0.004162
0.009560
0.003317
0.003122
0.001431
0.003512
0.003902
0.007934
0.003252
0.003707
0.002146
0.003642
0.002797
0.002276
0.009105
0.004618
0.002927
0.002732
0.004032
0.002797
0.002016
0.004813
0.003967
0.005528
0.002276
0.002732
0.001951
0.003577
0.002862
0.002341
0.006569
0.004488
0.002732
0.002471
0.001626
0.001821
0.004032
0.004683
0.002862
0.003577
0.004357
0.002471
0.001236
0.001951
0.003642
0.004618
0.004422
0.002471
0.002471
0.006439
0.002732
0.003447
0.002016
0.005008
0.002081
0.003187
0.004813
0.004032
0.002601
0.002992
0.004292
0.003382
0.003967
0.001691
0.001626
0.005268
0.005463
0.003382
0.002406
0.002797
0.002862
0.002276
0.004813
0.001171
0.002927
0.002536
0.007869
0.003252
0.004748
0.002016
0.002146
0.003512
0.003447
0.001691
0.003577
0.001236
0.002601
0.003837
0.006309
0.002276
0.003447
0.001951
0.004097
0.001171
0.005593
0.002211
0.002797
0.004422
0.002666
0.003317
0.003902
0.007154
0.001626
0.004357
0.002927
0.002666
0.003447
0.007089
0.004618
0.003772
0.002732
0.003252
0.001561
0.005463
0.001756
0.005398
0.001691
0.003642
0.002016
0.005723
0.005008
0.003057
0.001821
0.003967
0.002146
0.003122
0.003642
0.002406
0.002406
0.006764
0.004097
0.003837
0.002016
0.001691
0.001951
0.006243
0.003187
0.002536
0.002016
0.002862
0.001496
0.002276
0.005398
0.002992
0.002276
0.004813
0.005203
0.002536
0.002797
0.003382
0.002536
0.004748
0.003772
0.002406
0.002406
0.004553
0.003447
0.003187
0.004097
0.002732
0.001821
0.002927
