0.158949
0.001561
0.002016
0.003772
0.002992
0.002927
0.009040
0.001886
0.002211
0.003382
0.005203
0.002211
0.004292
0.001951
0.002927
0.010796
0.003902
0.001691
0.001951
0.003642
0.002276
0.001691
0.005658
0.003382
0.001756
0.003902
0.003577
0.001821
0.001301
0.002406
0.003512
0.006309
0.004878
0.001106
0.002471
0.003447
0.004097
0.002081
0.005853
0.002341
0.002927
0.004162
0.005398
0.001106
0.007479
0.001821
0.003447
0.001756
0.005203
0.001821
0.001886
0.002471
0.004357
0.003382
0.012422
0.002797
0.003512
0.003512
0.002862
0.001886
0.013267
0.002992
0.002992
0.002601
0.003382
0.001236
0.001236
0.003317
0.002016
0.006504
0.001626
0.002211
0.001561
0.003057
0.006309
0.002471
0.002341
0.002016
0.001756
0.006959
0.002992
0.002146
0.001691
0.003187
0.003772
0.009300
0.005073
0.003512
0.002016
0.002732
0.003577
0.002211
0.002471
0.002471
0.003577
0.009820
0.003512
0.002146
0.001561
0.002536
0.003447
0.010666
0.002601
0.002146
0.002146
0.002601
0.002601
0.002146
0.012617
0.003252
0.002211
0.002536
0.003707
0.001041
0.001951
0.004097
0.004227
0.005918
0.001951
0.002211
0.002992
0.002862
0.003577
0.001561
0.007609
0.002666
0.002666
0.001821
0.002927
0.002211
0.001886
0.004618
0.001951
0.003447
0.004813
0.001301
0.002016
0.001951
0.002016
0.002341
0.004813
0.002536
0.001561
0.006048
0.002666
0.002146
0.002862
0.006113
0.002146
0.003837
0.005658
0.002341
0.002927
0.002081
0.005268
0.002536
0.003057
0.001821
0.001951
0.004357
0.006309
0.002862
0.002276
0.001821
0.003317
0.002927
0.003512
0.001431
0.002081
0.003382
0.008715
0.001626
0.005333
0.001691
0.002536
0.002081
0.004162
0.001886
0.002081
0.002081
0.004488
0.004292
0.008130
0.002341
0.003512
0.001756
0.002601
0.001756
0.006699
0.002341
0.001626
0.003837
0.002601
0.001236
0.002406
0.005593
0.002146
0.002732
0.002992
0.002406
0.002341
0.005203
0.004227
0.002471
0.003187
0.001756
0.001691
0.002927
0.002406
0.002016
0.001951
0.002146
0.002016
0.005918
0.006309
0.002406
0.002471
0.001951
0.002471
0.001756
0.003317
0.001236
0.002862
0.004748
0.005788
0.001821
0.002666
0.002146
0.001951
0.005658
0.003187
0.001691
0.002406
0.002276
0.002081
0.002276
0.007024
0.001626
0.002406
0.003837
0.006699
0.000911
0.002406
0.002732
0.003577
0.003317
0.004553
0.001951
0.003837
0.004748
0.002732
0.001561
0.005138
0.001301
0.001626
0.003122
