0.123764
0.001626
0.004357
0.002732
0.003382
0.003057
0.011837
0.004813
0.001626
0.002666
0.004553
0.004162
0.003447
0.002211
0.006048
0.012292
0.003512
0.001951
0.002927
0.003512
0.001626
0.001171
0.012032
0.004292
0.002797
0.003577
0.005528
0.003057
0.001431
0.001951
0.005853
0.009430
0.003447
0.002016
0.002797
0.002666
0.002992
0.001691
0.008390
0.002081
0.001236
0.003837
0.003837
0.002341
0.005723
0.002601
0.005658
0.002016
0.001821
0.001626
0.003967
0.001431
0.003382
0.002081
0.011642
0.002341
0.002406
0.001691
0.003967
0.001951
0.009495
0.002406
0.006309
0.002471
0.002732
0.001106
0.002146
0.002797
0.002406
0.008780
0.002016
0.004943
0.002341
0.003382
0.004683
0.001821
0.001951
0.004553
0.002341
0.006699
0.001886
0.002081
0.001756
0.002601
0.002341
0.010926
0.003447
0.004162
0.001626
0.002666
0.001951
0.003642
0.002471
0.002536
0.002797
0.010471
0.002276
0.002276
0.002016
0.001366
0.003122
0.011251
0.003512
0.003057
0.002276
0.003512
0.001821
0.001496
0.010861
0.002666
0.003967
0.002081
0.003057
0.001106
0.002666
0.002276
0.002666
0.007024
0.003577
0.001301
0.002666
0.003967
0.004097
0.002862
0.005073
0.002732
0.002536
0.001561
0.001366
0.001366
0.004032
0.004618
0.002927
0.003577
0.009300
0.002341
0.000911
0.001756
0.002862
0.003252
0.003447
0.001691
0.003382
0.007349
0.002862
0.004032
0.002992
0.003902
0.001756
0.003577
0.008065
0.002862
0.004683
0.002276
0.005918
0.002406
0.002797
0.001951
0.003837
0.005203
0.003967
0.003382
0.002797
0.002732
0.002406
0.005463
0.006309
0.002016
0.001496
0.003057
0.007154
0.002992
0.003447
0.002276
0.004553
0.003707
0.002732
0.001366
0.003707
0.001431
0.001951
0.003967
0.008845
0.001561
0.002471
0.001496
0.003057
0.001691
0.005593
0.001041
0.002536
0.002536
0.002601
0.001366
0.003772
0.004292
0.001821
0.002992
0.003642
0.001951
0.002862
0.005918
0.004422
0.001561
0.003122
0.002081
0.002666
0.004943
0.000780
0.002406
0.001886
0.002406
0.002146
0.006829
0.003642
0.002862
0.000911
0.002797
0.002016
0.004357
0.002797
0.001951
0.002016
0.006894
0.003967
0.001951
0.001886
0.000520
0.002666
0.009625
0.004422
0.002341
0.002601
0.001951
0.001626
0.001301
0.006764
0.001756
0.002927
0.002406
0.004292
0.001301
0.005723
0.001496
0.002211
0.003187
0.004097
0.001691
0.001626
0.004422
0.003772
0.004683
0.003382
0.001691
0.002341
0.003317
