0.115635
0.001496
0.002146
0.002992
0.002666
0.003902
0.009820
0.002666
0.001886
0.002276
0.003252
0.002406
0.002211
0.005398
0.002927
0.010926
0.003122
0.003252
0.001951
0.003902
0.001951
0.002016
0.008325
0.004227
0.001951
0.003512
0.004227
0.001886
0.001886
0.002341
0.003772
0.006113
0.003447
0.002016
0.002081
0.003122
0.005008
0.002341
0.009560
0.002406
0.001561
0.004227
0.003512
0.001821
0.006634
0.002536
0.003967
0.001301
0.003317
0.001561
0.002146
0.001821
0.003447
0.003122
0.015219
0.001821
0.002927
0.001886
0.003252
0.000780
0.012227
0.002536
0.002992
0.001756
0.002732
0.001886
0.001756
0.003382
0.001951
0.009560
0.001561
0.003577
0.002081
0.004357
0.003772
0.001626
0.001691
0.005918
0.001691
0.008390
0.001886
0.003902
0.001171
0.003382
0.003252
0.011707
0.003252
0.003057
0.001106
0.003577
0.002341
0.002341
0.002146
0.003382
0.003317
0.012097
0.003512
0.002927
0.001756
0.001431
0.005008
0.014568
0.002016
0.002862
0.003447
0.003122
0.001756
0.001041
0.011967
0.005398
0.002797
0.003447
0.004097
0.004292
0.001886
0.003577
0.004553
0.006894
0.001626
0.001626
0.002276
0.005528
0.003902
0.001626
0.009105
0.004683
0.001951
0.001691
0.002016
0.002016
0.001821
0.004748
0.002016
0.004032
0.007804
0.001041
0.001431
0.001821
0.002927
0.003057
0.003382
0.003122
0.001756
0.007154
0.002992
0.004227
0.002406
0.005463
0.002081
0.003707
0.005398
0.001691
0.003512
0.003577
0.005203
0.002927
0.003252
0.002276
0.001951
0.004618
0.004813
0.002797
0.001626
0.001951
0.002797
0.003642
0.004748
0.001431
0.002406
0.002927
0.006764
0.002992
0.004618
0.002146
0.002471
0.002146
0.002146
0.001626
0.001886
0.001236
0.001951
0.003512
0.007739
0.001626
0.003382
0.001626
0.003252
0.001756
0.008195
0.001886
0.002016
0.002536
0.002732
0.001821
0.002341
0.004097
0.002471
0.005333
0.003382
0.001886
0.003317
0.006113
0.002406
0.002211
0.002927
0.003447
0.001431
0.006048
0.001301
0.003707
0.001106
0.002927
0.001626
0.007479
0.004488
0.001366
0.001756
0.003902
0.001236
0.002016
0.003512
0.002276
0.001691
0.005723
0.004553
0.002927
0.001496
0.001366
0.003057
0.007674
0.003577
0.002016
0.004878
0.003122
0.001366
0.001756
0.008455
0.003707
0.002406
0.003772
0.005008
0.003577
0.002927
0.003382
0.003122
0.004748
0.004097
0.001626
0.002666
0.006439
0.002341
0.003382
0.004813
0.002666
0.002016
0.003317
