0.114854
0.002471
0.002797
0.004488
0.003772
0.004683
0.008195
0.004357
0.001626
0.002341
0.002601
0.002536
0.003317
0.003967
0.002666
0.010341
0.003902
0.003512
0.001951
0.005398
0.002081
0.002862
0.005463
0.003317
0.002666
0.005528
0.003707
0.002406
0.001756
0.001951
0.003252
0.005333
0.003772
0.002601
0.003642
0.004292
0.003447
0.002666
0.004878
0.002797
0.002536
0.003577
0.004292
0.002666
0.004553
0.002016
0.002862
0.002276
0.002341
0.002406
0.002601
0.003187
0.002927
0.002666
0.008845
0.004032
0.002406
0.002601
0.002927
0.002081
0.007544
0.002862
0.003382
0.003447
0.004227
0.002666
0.003122
0.005333
0.001691
0.007024
0.002016
0.002797
0.002471
0.005073
0.004097
0.002341
0.002211
0.004292
0.001756
0.007999
0.002862
0.002862
0.002341
0.003187
0.003122
0.008065
0.002992
0.004227
0.002341
0.003772
0.002016
0.002536
0.002666
0.003707
0.002666
0.007999
0.002536
0.002016
0.001886
0.003122
0.002992
0.008845
0.003447
0.004097
0.002471
0.002471
0.002666
0.001691
0.009040
0.004357
0.003252
0.003252
0.004097
0.003837
0.002732
0.005333
0.002992
0.005918
0.002341
0.003057
0.002732
0.004422
0.003447
0.002992
0.004488
0.004488
0.002797
0.002536
0.001561
0.002211
0.002601
0.005723
0.002341
0.005203
0.006894
0.002276
0.001821
0.001496
0.001756
0.003057
0.004488
0.003447
0.001496
0.007674
0.002992
0.005008
0.001626
0.005463
0.001951
0.003447
0.004032
0.002601
0.003707
0.003707
0.004097
0.002797
0.003772
0.002732
0.002471
0.004748
0.004683
0.003187
0.002341
0.002601
0.002536
0.003577
0.003837
0.002601
0.002471
0.003707
0.006699
0.002797
0.002862
0.001821
0.002146
0.003967
0.002211
0.001301
0.002276
0.001756
0.001691
0.004553
0.006634
0.002797
0.002341
0.002146
0.001821
0.002471
0.005853
0.002732
0.002992
0.004032
0.002992
0.002862
0.004032
0.005918
0.002666
0.005658
0.002732
0.002276
0.002666
0.007544
0.003057
0.003382
0.003577
0.003447
0.002211
0.005788
0.001236
0.003642
0.002211
0.002992
0.001951
0.006764
0.004357
0.002211
0.002211
0.002992
0.001431
0.002666
0.004553
0.002666
0.001951
0.006764
0.003707
0.002732
0.001886
0.001886
0.002276
0.006959
0.003642
0.002732
0.002341
0.002666
0.001496
0.002211
0.005463
0.003642
0.002992
0.005268
0.004553
0.004097
0.003122
0.002732
0.001951
0.004943
0.003772
0.002276
0.001756
0.005788
0.003837
0.004683
0.004227
0.002146
0.002536
0.003577
