0.098270
0.001951
0.002862
0.002666
0.002797
0.002016
0.014893
0.002862
0.003252
0.001626
0.002341
0.002146
0.002406
0.001561
0.003772
0.012617
0.003967
0.003057
0.001431
0.003187
0.003057
0.002406
0.007999
0.003512
0.004553
0.004292
0.003837
0.002666
0.002732
0.002341
0.003707
0.006178
0.002732
0.003837
0.002536
0.004748
0.003057
0.002406
0.007544
0.003057
0.001691
0.004162
0.004032
0.004618
0.007219
0.002927
0.002862
0.003187
0.001431
0.003187
0.002016
0.001951
0.003252
0.002146
0.014828
0.002341
0.002471
0.002341
0.002146
0.002146
0.011707
0.001366
0.004748
0.002927
0.003642
0.001041
0.004683
0.003382
0.002471
0.004878
0.003577
0.002992
0.004488
0.002797
0.004422
0.001691
0.002081
0.001821
0.002992
0.006113
0.002276
0.003187
0.002601
0.001821
0.002601
0.011121
0.003512
0.002797
0.002536
0.001496
0.002862
0.002797
0.002666
0.002211
0.003122
0.011576
0.001626
0.002081
0.002276
0.002601
0.003382
0.012877
0.003317
0.003382
0.002601
0.001951
0.002927
0.002601
0.012097
0.002601
0.002992
0.002471
0.003187
0.001561
0.003707
0.003577
0.002341
0.005528
0.002211
0.002601
0.001886
0.003122
0.004618
0.005008
0.004032
0.002276
0.002666
0.001951
0.001756
0.002406
0.002471
0.002992
0.002016
0.003837
0.009040
0.002341
0.002732
0.001821
0.002276
0.002341
0.002732
0.002211
0.001951
0.008195
0.003382
0.005528
0.001366
0.004162
0.004422
0.004813
0.004097
0.001106
0.006178
0.002341
0.004878
0.002471
0.006439
0.003512
0.001886
0.003057
0.004357
0.005918
0.002276
0.003837
0.001366
0.003967
0.004097
0.004683
0.001821
0.003187
0.006504
0.005138
0.003252
0.003187
0.001431
0.005203
0.001691
0.002471
0.002016
0.002406
0.002406
0.003967
0.008780
0.002601
0.001496
0.002341
0.002471
0.001951
0.008780
0.002406
0.002341
0.004618
0.003382
0.001821
0.006439
0.005398
0.003512
0.002992
0.006048
0.002016
0.004292
0.006439
0.003447
0.001301
0.004748
0.001366
0.004488
0.002797
0.001756
0.002862
0.002276
0.001106
0.001821
0.007479
0.003967
0.001496
0.002601
0.001561
0.002341
0.001886
0.004488
0.001301
0.002536
0.008195
0.002601
0.001431
0.002732
0.001431
0.001366
0.008065
0.003902
0.003122
0.002211
0.001431
0.001821
0.002732
0.007674
0.001431
0.002406
0.002992
0.004227
0.001366
0.006504
0.002927
0.001366
0.002406
0.006634
0.004683
0.001756
0.005138
0.003772
0.004553
0.002862
0.000715
0.004422
0.004553
