0.107570
0.002276
0.003902
0.004488
0.003837
0.003382
0.007739
0.003772
0.002601
0.002341
0.001561
0.002471
0.003837
0.003837
0.003967
0.008780
0.003187
0.003902
0.002601
0.006178
0.002146
0.002211
0.005203
0.002862
0.002797
0.004292
0.003447
0.002862
0.002211
0.001951
0.002927
0.005008
0.002601
0.003317
0.002406
0.006048
0.002341
0.001821
0.004878
0.003057
0.002211
0.004357
0.003512
0.003577
0.004357
0.002081
0.002862
0.002406
0.002276
0.002146
0.003772
0.004097
0.003252
0.003057
0.008390
0.004227
0.002146
0.002992
0.002992
0.002341
0.009495
0.003122
0.002862
0.003512
0.003122
0.002276
0.004292
0.005853
0.002081
0.006178
0.002601
0.004097
0.002927
0.003252
0.004292
0.002732
0.002666
0.003967
0.002406
0.006178
0.003057
0.002927
0.002146
0.004813
0.003057
0.008650
0.002992
0.004032
0.002146
0.003772
0.002666
0.001821
0.002536
0.003122
0.002732
0.010406
0.001691
0.002211
0.002276
0.003902
0.002666
0.008130
0.003577
0.003837
0.002211
0.002927
0.002406
0.002146
0.008065
0.003707
0.003512
0.004813
0.002601
0.002797
0.003122
0.005073
0.003122
0.004813
0.002276
0.003057
0.001366
0.004227
0.004162
0.003187
0.005333
0.003642
0.001886
0.002016
0.001886
0.002016
0.002992
0.005073
0.002862
0.004618
0.005788
0.002732
0.002016
0.001821
0.002276
0.003252
0.003837
0.002992
0.002797
0.008650
0.003577
0.004748
0.002211
0.006439
0.002601
0.003837
0.004097
0.003252
0.003902
0.002601
0.004422
0.004097
0.003382
0.002536
0.002081
0.004878
0.004292
0.004032
0.001106
0.003902
0.001496
0.004097
0.002862
0.002732
0.001366
0.002471
0.006113
0.005723
0.002992
0.003252
0.002601
0.006309
0.001301
0.001561
0.002341
0.002146
0.002732
0.003382
0.006048
0.002601
0.002406
0.001626
0.001626
0.002666
0.005983
0.002601
0.002146
0.005593
0.002862
0.002081
0.004292
0.005788
0.002211
0.004032
0.003382
0.003187
0.005203
0.005723
0.002797
0.003057
0.003642
0.002471
0.002797
0.004683
0.002341
0.002471
0.002276
0.003837
0.002732
0.006113
0.004618
0.002666
0.001561
0.002601
0.002276
0.002666
0.003967
0.002536
0.003317
0.008585
0.003642
0.002666
0.001366
0.002862
0.001821
0.006959
0.004292
0.003837
0.002536
0.001691
0.002016
0.002341
0.005853
0.002992
0.002797
0.005658
0.003447
0.003187
0.003577
0.003967
0.002081
0.003057
0.003772
0.002666
0.001691
0.003642
0.003057
0.005593
0.003252
0.002862
0.003252
0.005203
