0.107050
0.002341
0.003317
0.001691
0.003382
0.002081
0.010016
0.003902
0.002992
0.002601
0.004292
0.003447
0.003252
0.002862
0.004292
0.010146
0.005008
0.003122
0.002536
0.004488
0.002862
0.002146
0.006243
0.002016
0.003187
0.004488
0.005918
0.003252
0.002341
0.002276
0.003122
0.005008
0.004032
0.003512
0.003447
0.003057
0.003447
0.001886
0.006894
0.002862
0.002016
0.003187
0.005398
0.003252
0.005658
0.001431
0.003967
0.002406
0.002992
0.002732
0.002081
0.002862
0.002406
0.001951
0.009430
0.002211
0.002536
0.002666
0.003252
0.002081
0.007284
0.002276
0.004943
0.003382
0.003772
0.002016
0.003967
0.004032
0.003122
0.005463
0.002146
0.002732
0.002797
0.003642
0.005398
0.002276
0.002862
0.001626
0.003772
0.005918
0.002601
0.003317
0.002862
0.002341
0.002862
0.005853
0.004292
0.003317
0.002211
0.001756
0.003967
0.002406
0.002666
0.002862
0.004032
0.007739
0.003317
0.002471
0.003057
0.002797
0.002666
0.006764
0.003382
0.003057
0.002081
0.001691
0.003902
0.002666
0.007544
0.002211
0.005723
0.002992
0.005008
0.002211
0.003512
0.003967
0.002797
0.004878
0.003577
0.001886
0.002341
0.003382
0.005138
0.003837
0.005333
0.002536
0.002601
0.002406
0.001756
0.002016
0.004032
0.003512
0.003252
0.003447
0.006309
0.002536
0.002016
0.002081
0.003707
0.001756
0.004032
0.002927
0.002992
0.008390
0.002797
0.003382
0.002992
0.005008
0.003642
0.004032
0.005073
0.002601
0.004357
0.002732
0.007609
0.001626
0.004683
0.002081
0.002666
0.003382
0.005853
0.002927
0.003317
0.004162
0.001886
0.004162
0.004813
0.003642
0.001301
0.002536
0.006504
0.003707
0.004553
0.002471
0.002797
0.003642
0.002862
0.001821
0.003057
0.002797
0.002406
0.004357
0.007284
0.002797
0.003057
0.002276
0.003967
0.002016
0.006504
0.002341
0.002732
0.003252
0.002406
0.002276
0.003772
0.005203
0.002471
0.002992
0.005788
0.002732
0.003772
0.006178
0.004488
0.001236
0.004032
0.001756
0.003512
0.003122
0.001561
0.002406
0.003382
0.001951
0.003252
0.005073
0.005723
0.002797
0.002146
0.003057
0.002927
0.002341
0.003837
0.001821
0.002732
0.005528
0.003382
0.002341
0.001951
0.002081
0.002992
0.005008
0.005268
0.003772
0.002536
0.001691
0.002406
0.002536
0.007674
0.002536
0.003057
0.003252
0.006048
0.001496
0.004943
0.003187
0.002016
0.003512
0.004813
0.002797
0.002146
0.005268
0.003317
0.005203
0.003772
0.001431
0.002992
0.003512
