0.123634
0.001496
0.003577
0.005463
0.001691
0.002081
0.010016
0.003772
0.001236
0.002341
0.003642
0.002927
0.001496
0.002732
0.004227
0.012617
0.002601
0.001561
0.002406
0.005658
0.002536
0.001301
0.009430
0.006048
0.001431
0.003447
0.002797
0.002601
0.001431
0.002081
0.005853
0.012682
0.003447
0.001236
0.002927
0.004748
0.004748
0.001106
0.006374
0.001756
0.002081
0.003317
0.005008
0.002081
0.006504
0.001626
0.005398
0.002406
0.001496
0.000780
0.003057
0.001756
0.003382
0.001431
0.016129
0.003122
0.003252
0.001886
0.002992
0.001366
0.011381
0.002016
0.006569
0.004553
0.003382
0.001561
0.002927
0.005593
0.001431
0.008975
0.001171
0.004683
0.002081
0.003707
0.004292
0.002146
0.001756
0.003252
0.002341
0.008975
0.000715
0.002341
0.001041
0.004553
0.002666
0.013267
0.003057
0.003772
0.001171
0.002406
0.002536
0.002666
0.003122
0.003252
0.005333
0.014568
0.002016
0.002146
0.001041
0.001821
0.002797
0.011381
0.002211
0.002927
0.002406
0.002406
0.002341
0.001496
0.010276
0.002146
0.002081
0.003122
0.003447
0.001496
0.001626
0.003252
0.004618
0.005723
0.002211
0.002146
0.002081
0.003057
0.003057
0.002341
0.006764
0.003252
0.001366
0.001951
0.000976
0.001756
0.004618
0.007154
0.001106
0.003642
0.006829
0.002471
0.001561
0.000911
0.004553
0.003122
0.002471
0.001561
0.002146
0.010081
0.001886
0.002081
0.002536
0.007609
0.002211
0.002797
0.006243
0.003707
0.001951
0.002146
0.004097
0.002927
0.002471
0.001756
0.003642
0.007479
0.005268
0.002797
0.004618
0.003187
0.002211
0.002797
0.005008
0.001431
0.001496
0.001496
0.008325
0.003252
0.003447
0.001496
0.002992
0.003252
0.002211
0.001171
0.002797
0.001561
0.002406
0.003252
0.007804
0.001691
0.002276
0.001366
0.002471
0.001951
0.007154
0.001951
0.003447
0.004878
0.002536
0.001431
0.003642
0.006634
0.001171
0.004292
0.002927
0.002797
0.002862
0.007804
0.003057
0.003642
0.002666
0.002146
0.001886
0.005203
0.001431
0.002471
0.001431
0.003902
0.002276
0.007024
0.004683
0.002862
0.001691
0.002992
0.001821
0.002927
0.003447
0.002016
0.001951
0.007674
0.004878
0.002666
0.001951
0.001886
0.001431
0.007739
0.003252
0.001886
0.002146
0.002211
0.001951
0.002081
0.006634
0.002081
0.001301
0.004032
0.003837
0.001431
0.002601
0.002666
0.001951
0.003057
0.004292
0.002016
0.000911
0.004227
0.002732
0.002862
0.002666
0.002016
0.002016
0.002862
