0.111212
0.001301
0.000911
0.001171
0.005463
0.007349
0.008390
0.002341
0.002146
0.002341
0.000845
0.001236
0.005333
0.005788
0.003122
0.010731
0.006504
0.002797
0.002536
0.002536
0.002536
0.001886
0.001496
0.001561
0.002471
0.006113
0.003252
0.002276
0.002927
0.002601
0.001431
0.002666
0.006829
0.002146
0.000911
0.000911
0.007024
0.004032
0.008520
0.001561
0.002601
0.002862
0.001366
0.000455
0.013202
0.002471
0.004422
0.001951
0.006829
0.002862
0.002797
0.001561
0.004032
0.002471
0.003512
0.000780
0.004032
0.003382
0.003447
0.001171
0.011967
0.002341
0.001496
0.000520
0.005658
0.002406
0.000911
0.001041
0.002862
0.013528
0.001171
0.002992
0.002146
0.003317
0.000390
0.001106
0.003382
0.007609
0.001496
0.007024
0.003967
0.003122
0.001106
0.002081
0.003642
0.007089
0.000520
0.000780
0.002992
0.006439
0.001431
0.002862
0.003577
0.003512
0.001366
0.002601
0.008455
0.002211
0.000976
0.001106
0.006894
0.018015
0.003512
0.002666
0.003772
0.004292
0.001431
0.001301
0.019056
0.005853
0.003772
0.004162
0.007349
0.002666
0.002016
0.003707
0.005203
0.006374
0.000780
0.001171
0.002927
0.006634
0.003577
0.002927
0.010211
0.003317
0.001041
0.001691
0.002862
0.001886
0.001366
0.000911
0.003382
0.007089
0.004357
0.002601
0.002211
0.001301
0.000976
0.001106
0.006178
0.003122
0.002146
0.004748
0.005983
0.004097
0.002862
0.004227
0.001496
0.002797
0.001301
0.001171
0.003382
0.005918
0.003382
0.002276
0.003967
0.001691
0.001236
0.001366
0.006894
0.001886
0.000715
0.000585
0.003122
0.004227
0.004553
0.001366
0.003902
0.001431
0.000911
0.001236
0.008910
0.002211
0.002471
0.001756
0.006764
0.002276
0.003382
0.001496
0.002211
0.002927
0.002341
0.001171
0.004357
0.002211
0.004162
0.001496
0.008845
0.001496
0.001626
0.000715
0.003317
0.002016
0.001236
0.001171
0.002862
0.008455
0.001496
0.002862
0.002797
0.006439
0.000845
0.000780
0.005268
0.003642
0.000845
0.003837
0.003057
0.004488
0.000845
0.003187
0.002601
0.004878
0.000455
0.000976
0.002471
0.006178
0.001756
0.002732
0.007219
0.002081
0.000520
0.001886
0.007869
0.002536
0.000976
0.000455
0.004162
0.009105
0.004032
0.002732
0.003902
0.003252
0.001041
0.000976
0.010081
0.003577
0.002081
0.004097
0.010536
0.004292
0.004748
0.004032
0.003902
0.005268
0.002406
0.001691
0.005138
0.009951
0.003382
0.004357
0.009560
0.002992
0.001366
0.002341
