0.108156
0.002146
0.003187
0.002471
0.002471
0.001886
0.013658
0.002016
0.002862
0.001821
0.003967
0.003707
0.003512
0.001886
0.004357
0.012812
0.003967
0.003642
0.002211
0.002211
0.002016
0.001951
0.007999
0.002406
0.002862
0.002406
0.003577
0.001886
0.003187
0.001366
0.004227
0.005918
0.003447
0.003122
0.002797
0.004553
0.002797
0.001886
0.007284
0.001756
0.002211
0.003252
0.005138
0.003512
0.009040
0.001626
0.003317
0.002666
0.002341
0.002341
0.002992
0.002732
0.002666
0.002081
0.014503
0.001626
0.003577
0.002862
0.002406
0.002406
0.013788
0.001821
0.004813
0.003642
0.003447
0.001886
0.003057
0.003252
0.002666
0.006439
0.002992
0.002797
0.003577
0.002406
0.006178
0.003057
0.002146
0.001301
0.003642
0.006829
0.002146
0.002732
0.002081
0.001496
0.002276
0.010081
0.004878
0.004813
0.002016
0.002146
0.003057
0.001886
0.002797
0.002536
0.004292
0.010731
0.002471
0.002732
0.002211
0.002341
0.003967
0.010861
0.002666
0.002992
0.001496
0.001561
0.002601
0.002276
0.013202
0.001886
0.004618
0.002471
0.003057
0.001626
0.003122
0.003187
0.003122
0.005138
0.002471
0.002927
0.002016
0.002341
0.003382
0.002601
0.006569
0.002471
0.002927
0.003187
0.002081
0.001886
0.002666
0.003707
0.001951
0.002471
0.007544
0.002341
0.002211
0.001431
0.003772
0.002927
0.004032
0.002016
0.002927
0.008260
0.002992
0.003837
0.003122
0.003967
0.004227
0.004618
0.006178
0.002081
0.004748
0.002732
0.003707
0.001366
0.004878
0.002146
0.001821
0.003447
0.005073
0.003642
0.003642
0.002536
0.001691
0.004227
0.004032
0.002341
0.002081
0.002211
0.007739
0.004943
0.004683
0.002797
0.001886
0.005983
0.001756
0.002471
0.003577
0.001236
0.002081
0.003512
0.010341
0.003122
0.002732
0.001951
0.002666
0.001756
0.007349
0.001431
0.002601
0.004292
0.003707
0.001301
0.004878
0.004553
0.001561
0.003187
0.004748
0.001561
0.004097
0.005073
0.004292
0.002211
0.004878
0.000585
0.003122
0.003122
0.001301
0.002536
0.002797
0.001626
0.002601
0.006243
0.006829
0.002862
0.002341
0.001756
0.002276
0.002211
0.003382
0.001366
0.002406
0.008910
0.004422
0.002081
0.003122
0.002276
0.002927
0.007284
0.003577
0.001496
0.001821
0.001366
0.002862
0.002276
0.008390
0.001561
0.002536
0.003447
0.003967
0.001301
0.005008
0.003902
0.001171
0.002992
0.004683
0.002341
0.001886
0.003057
0.002992
0.003447
0.004032
0.001366
0.002406
0.005333
