0.130593
0.001431
0.003317
0.005463
0.002146
0.002471
0.012357
0.003642
0.001171
0.002341
0.004748
0.003122
0.001171
0.002406
0.003317
0.012617
0.003577
0.002211
0.001821
0.004943
0.001171
0.001626
0.009560
0.007414
0.001171
0.003382
0.004162
0.002081
0.001561
0.002211
0.005333
0.012422
0.002536
0.001886
0.002211
0.005138
0.003317
0.000976
0.007804
0.002211
0.001886
0.002862
0.005528
0.001821
0.004618
0.001886
0.003252
0.002211
0.002146
0.001301
0.002341
0.002601
0.002666
0.003187
0.014048
0.004097
0.001756
0.001431
0.003967
0.001756
0.012227
0.002666
0.003967
0.003772
0.003057
0.002211
0.002406
0.005918
0.001106
0.006374
0.001756
0.005398
0.001821
0.003252
0.005203
0.002992
0.001171
0.003772
0.002081
0.007414
0.001301
0.002992
0.000715
0.004292
0.001951
0.014178
0.003447
0.005983
0.001301
0.003317
0.002471
0.002927
0.001626
0.003707
0.002862
0.014048
0.002601
0.002081
0.001561
0.002797
0.002406
0.012097
0.002341
0.002797
0.001756
0.002406
0.002732
0.001496
0.011056
0.002862
0.002016
0.002732
0.002862
0.001626
0.001756
0.003382
0.003967
0.006374
0.002081
0.002732
0.001106
0.003837
0.003122
0.002341
0.006374
0.002666
0.001886
0.002146
0.001106
0.001756
0.002992
0.007024
0.001496
0.003707
0.007674
0.002471
0.001236
0.001691
0.004422
0.004422
0.003057
0.001236
0.001691
0.010016
0.001626
0.002601
0.002081
0.005138
0.001756
0.002862
0.006829
0.003187
0.002081
0.002211
0.005203
0.002666
0.002666
0.002081
0.003252
0.009560
0.002797
0.003317
0.002081
0.003382
0.002211
0.002992
0.005658
0.002211
0.001366
0.001821
0.008585
0.003902
0.002406
0.001496
0.002146
0.003902
0.001561
0.000976
0.002211
0.000715
0.001691
0.003187
0.007544
0.002211
0.002406
0.000845
0.004097
0.001236
0.006374
0.001886
0.002406
0.005788
0.001886
0.001301
0.003187
0.006959
0.002536
0.004878
0.003252
0.002276
0.001821
0.007544
0.003642
0.002862
0.002601
0.002601
0.001496
0.006113
0.000976
0.002146
0.001366
0.002732
0.001301
0.007024
0.004683
0.002862
0.000715
0.001886
0.001431
0.002992
0.003837
0.002406
0.002211
0.010406
0.003967
0.002927
0.001691
0.001496
0.001561
0.006113
0.004162
0.002276
0.002016
0.002406
0.001041
0.001756
0.007089
0.001691
0.001301
0.005008
0.003967
0.001041
0.002862
0.002146
0.001951
0.004032
0.003187
0.001756
0.001236
0.006309
0.001626
0.003447
0.003577
0.001951
0.001626
0.003577
