0.112838
0.001951
0.002081
0.003512
0.003317
0.004357
0.008910
0.002341
0.002341
0.003317
0.002341
0.002927
0.003837
0.003122
0.003122
0.008650
0.004032
0.002992
0.002211
0.003382
0.001691
0.002471
0.005593
0.004097
0.003837
0.005463
0.004553
0.003187
0.002406
0.002732
0.002536
0.006113
0.003967
0.002666
0.001366
0.003967
0.003642
0.002536
0.005008
0.002341
0.002862
0.004097
0.003447
0.002992
0.006113
0.002341
0.003512
0.002016
0.004292
0.001431
0.002471
0.001886
0.002797
0.002471
0.010276
0.002471
0.002927
0.002471
0.003837
0.002016
0.009495
0.003382
0.004227
0.003512
0.004618
0.002406
0.003057
0.003252
0.002862
0.005788
0.003122
0.003057
0.002797
0.003317
0.004618
0.002146
0.002146
0.002341
0.002797
0.005593
0.002536
0.002406
0.002081
0.002797
0.003382
0.007804
0.003447
0.004227
0.002211
0.004097
0.003447
0.003122
0.003837
0.002992
0.002797
0.009495
0.003057
0.002862
0.002016
0.002341
0.003967
0.008975
0.005983
0.003057
0.003382
0.002471
0.002732
0.002146
0.010081
0.002471
0.004292
0.003187
0.004162
0.002016
0.002146
0.003057
0.004943
0.005398
0.002406
0.002146
0.003577
0.004943
0.005008
0.003382
0.005853
0.003837
0.002666
0.002146
0.002146
0.001821
0.002927
0.005138
0.003447
0.004683
0.006504
0.002927
0.002341
0.001756
0.001951
0.003187
0.003967
0.003057
0.002276
0.004943
0.003642
0.003512
0.001821
0.004553
0.002341
0.004553
0.004292
0.002471
0.004097
0.004618
0.004227
0.001951
0.002732
0.002211
0.001951
0.003447
0.005528
0.004162
0.001431
0.004553
0.003057
0.004813
0.006634
0.003317
0.002276
0.002797
0.005918
0.004357
0.004032
0.002406
0.002406
0.002797
0.002927
0.001691
0.002536
0.001301
0.002211
0.004032
0.007349
0.002471
0.002862
0.002666
0.003382
0.001626
0.007089
0.001951
0.001626
0.003837
0.003642
0.002341
0.003707
0.004683
0.002536
0.004357
0.004813
0.002732
0.003967
0.005788
0.003642
0.002081
0.003772
0.002211
0.002081
0.002862
0.002536
0.002276
0.001041
0.001886
0.002341
0.005788
0.003902
0.002601
0.002146
0.001886
0.001301
0.002146
0.004553
0.001171
0.002406
0.005203
0.004422
0.002471
0.002211
0.001821
0.003447
0.006764
0.005398
0.002862
0.002862
0.001821
0.002341
0.001951
0.007674
0.002406
0.003187
0.004553
0.004943
0.002666
0.005008
0.002992
0.002927
0.003187
0.003837
0.002341
0.002276
0.005658
0.004553
0.003512
0.004032
0.002406
0.002211
0.002927
