0.123959
0.001691
0.004422
0.003057
0.003967
0.002992
0.011772
0.003642
0.001366
0.002471
0.004032
0.004422
0.002992
0.002471
0.005268
0.012032
0.003577
0.002276
0.002732
0.003512
0.001756
0.001301
0.011381
0.005268
0.003382
0.003187
0.005723
0.002666
0.001561
0.001496
0.006309
0.009951
0.003447
0.002016
0.002666
0.002927
0.003317
0.001821
0.008715
0.001496
0.001626
0.003902
0.004032
0.002406
0.005658
0.001951
0.006178
0.002016
0.002276
0.001106
0.003512
0.001691
0.003577
0.002081
0.013137
0.002016
0.002992
0.002211
0.004097
0.001561
0.008910
0.002016
0.006309
0.002927
0.002601
0.001366
0.002797
0.002601
0.002211
0.009105
0.002406
0.005528
0.002081
0.003382
0.004292
0.002276
0.001886
0.003317
0.001951
0.007869
0.001171
0.001366
0.001431
0.002601
0.003252
0.010796
0.002341
0.003447
0.001821
0.002862
0.001691
0.003642
0.001821
0.002666
0.003057
0.010666
0.002211
0.002016
0.001691
0.001561
0.003577
0.012617
0.002862
0.002666
0.002862
0.002797
0.002601
0.001561
0.010146
0.002862
0.003447
0.002276
0.003512
0.001366
0.002992
0.002016
0.002927
0.006894
0.003577
0.001561
0.001951
0.003707
0.004292
0.003317
0.006243
0.002992
0.001951
0.001236
0.001041
0.001171
0.003577
0.004357
0.002992
0.003642
0.009365
0.002666
0.000976
0.001496
0.003252
0.003447
0.003902
0.001561
0.003122
0.007544
0.002341
0.003577
0.002601
0.003447
0.002211
0.003837
0.008325
0.003122
0.004357
0.002536
0.006569
0.002666
0.002601
0.002016
0.003252
0.005333
0.003772
0.003187
0.002927
0.003252
0.001951
0.004488
0.006374
0.002862
0.001561
0.002862
0.007219
0.002471
0.003447
0.002016
0.004097
0.003642
0.002211
0.001496
0.003252
0.001301
0.001951
0.003382
0.008845
0.001496
0.002016
0.001301
0.003577
0.001626
0.006113
0.001041
0.002081
0.001821
0.002797
0.001041
0.004032
0.003512
0.002406
0.003577
0.003902
0.001756
0.003252
0.006243
0.004553
0.001886
0.003057
0.002406
0.002471
0.004683
0.001171
0.002146
0.001886
0.001951
0.001366
0.007349
0.004488
0.002276
0.001431
0.002276
0.001821
0.003187
0.003317
0.001301
0.002211
0.007154
0.003642
0.001951
0.002081
0.000976
0.002862
0.009040
0.004097
0.002276
0.002797
0.002081
0.001496
0.001626
0.007869
0.001431
0.002146
0.002211
0.004292
0.001886
0.006309
0.002211
0.002276
0.003317
0.005008
0.001301
0.002081
0.004292
0.003512
0.004488
0.003577
0.001886
0.002666
0.003057
