0.117066
0.001431
0.002732
0.002146
0.003902
0.002211
0.011707
0.002536
0.001756
0.002146
0.003252
0.003512
0.002666
0.002601
0.003447
0.012162
0.003252
0.002016
0.002471
0.003382
0.002601
0.002276
0.009560
0.004357
0.002732
0.003447
0.003837
0.002016
0.002601
0.002081
0.004488
0.009625
0.003187
0.002601
0.002992
0.004162
0.003317
0.001626
0.006829
0.002341
0.001756
0.004032
0.003967
0.002862
0.006829
0.002081
0.003252
0.001756
0.002666
0.002341
0.002927
0.002536
0.003252
0.002601
0.016129
0.003057
0.003642
0.002406
0.003057
0.002536
0.013983
0.002797
0.004618
0.002927
0.003902
0.001951
0.003512
0.003902
0.002341
0.004813
0.002601
0.002666
0.002536
0.004097
0.004032
0.001756
0.002406
0.002146
0.002601
0.006829
0.003122
0.001756
0.001951
0.002211
0.003642
0.013593
0.004488
0.003642
0.002276
0.002536
0.001821
0.002211
0.002732
0.003252
0.003902
0.011967
0.002146
0.002471
0.002211
0.002471
0.003707
0.009625
0.002341
0.002601
0.003187
0.001886
0.002797
0.001561
0.012812
0.002992
0.002601
0.002016
0.003187
0.001041
0.002992
0.002927
0.003967
0.005528
0.003122
0.002927
0.002536
0.003772
0.003967
0.003252
0.006309
0.002146
0.003187
0.001756
0.001886
0.001626
0.002992
0.004488
0.002862
0.003837
0.007219
0.002146
0.001821
0.001756
0.003252
0.002341
0.003577
0.001886
0.002471
0.007414
0.002081
0.003317
0.001886
0.004032
0.003707
0.004032
0.004292
0.003122
0.003967
0.002211
0.004553
0.001106
0.005203
0.001496
0.002732
0.005658
0.004032
0.004227
0.003382
0.003707
0.002341
0.003707
0.004292
0.002471
0.001496
0.002666
0.006634
0.004292
0.003837
0.002536
0.002992
0.004292
0.002276
0.001756
0.001496
0.002081
0.001756
0.004943
0.008130
0.001951
0.002862
0.001366
0.001821
0.002016
0.007804
0.002146
0.003057
0.004357
0.002211
0.001496
0.005138
0.004943
0.003187
0.002536
0.003967
0.001496
0.003967
0.006699
0.003512
0.002081
0.004422
0.001561
0.002732
0.002992
0.002211
0.001431
0.002211
0.002016
0.002601
0.008325
0.004357
0.002276
0.001561
0.002276
0.001886
0.001951
0.002927
0.001431
0.003187
0.008910
0.003382
0.002732
0.002211
0.001561
0.001951
0.007479
0.003447
0.001756
0.002601
0.002406
0.001756
0.001626
0.007414
0.001041
0.002211
0.002992
0.004683
0.001626
0.004422
0.001951
0.001626
0.003772
0.004878
0.002341
0.002146
0.003642
0.002406
0.003902
0.005073
0.001561
0.002992
0.003902
