0.120838
0.001431
0.003122
0.003837
0.002536
0.002146
0.007999
0.002016
0.001041
0.002341
0.005788
0.002992
0.003447
0.002992
0.004683
0.006829
0.003642
0.001496
0.001626
0.003317
0.001756
0.001821
0.012292
0.004943
0.001756
0.003252
0.004422
0.001431
0.001886
0.001106
0.007284
0.008715
0.005138
0.001951
0.002406
0.004422
0.005918
0.001691
0.010471
0.001431
0.002862
0.002927
0.007219
0.002146
0.012032
0.001106
0.006113
0.001171
0.003837
0.001626
0.002406
0.001756
0.004097
0.003382
0.013332
0.003122
0.003317
0.002081
0.004422
0.001171
0.008975
0.002276
0.005918
0.003447
0.004162
0.002471
0.002016
0.004292
0.001756
0.007024
0.001756
0.004618
0.002471
0.004813
0.003902
0.002016
0.001626
0.004488
0.001366
0.005138
0.001626
0.003187
0.001171
0.002536
0.003252
0.010666
0.004488
0.005268
0.001301
0.004488
0.002211
0.001431
0.002601
0.002341
0.004227
0.007609
0.003902
0.002276
0.001691
0.001431
0.005008
0.008780
0.002601
0.001561
0.002276
0.002732
0.003057
0.001366
0.008910
0.002536
0.003317
0.002211
0.003902
0.001691
0.001951
0.002471
0.004488
0.008130
0.003057
0.001236
0.001951
0.004553
0.003837
0.000780
0.008130
0.003122
0.002341
0.001756
0.001431
0.001171
0.003967
0.005008
0.002016
0.003122
0.006374
0.001821
0.001301
0.001301
0.005918
0.003512
0.004227
0.001821
0.002601
0.004422
0.003642
0.001951
0.002471
0.004227
0.002146
0.003122
0.007544
0.002471
0.002992
0.002211
0.004943
0.002081
0.002992
0.001301
0.003902
0.005268
0.005463
0.001951
0.004032
0.002862
0.004488
0.002276
0.008520
0.001886
0.003577
0.003382
0.010796
0.002341
0.006959
0.001691
0.003317
0.002016
0.003512
0.001366
0.003837
0.000715
0.002927
0.004162
0.008650
0.001951
0.003707
0.001626
0.004618
0.000845
0.008260
0.001886
0.002992
0.004227
0.003057
0.002211
0.003317
0.004748
0.001561
0.005268
0.002211
0.001691
0.002732
0.006699
0.004227
0.004097
0.001756
0.002406
0.001626
0.003317
0.000911
0.002276
0.001106
0.002146
0.002276
0.006829
0.004357
0.001886
0.001626
0.003057
0.001496
0.001301
0.004097
0.001951
0.003187
0.005268
0.004292
0.001951
0.001951
0.001171
0.002276
0.005983
0.003382
0.001236
0.001886
0.002927
0.002276
0.001691
0.006243
0.001756
0.001561
0.003057
0.005593
0.001171
0.003447
0.002276
0.002666
0.005138
0.003382
0.001236
0.003187
0.005853
0.002341
0.001041
0.005983
0.001626
0.002016
0.002276
