0.120903
0.001626
0.004813
0.002992
0.001496
0.002666
0.013528
0.004748
0.001301
0.002146
0.004357
0.003512
0.002406
0.002276
0.004878
0.012422
0.002211
0.002081
0.002862
0.003512
0.001561
0.001496
0.010601
0.006829
0.001561
0.002536
0.004422
0.001691
0.001886
0.001691
0.004683
0.007869
0.003837
0.001236
0.002276
0.004227
0.002406
0.001431
0.010276
0.002276
0.001106
0.003447
0.005788
0.001951
0.005983
0.001821
0.006829
0.001301
0.002601
0.000976
0.003642
0.001496
0.003057
0.001951
0.016519
0.003772
0.002016
0.001756
0.003967
0.002211
0.011772
0.001951
0.004422
0.002732
0.002927
0.002341
0.002016
0.005398
0.001756
0.007219
0.002601
0.004878
0.001301
0.003707
0.003512
0.001951
0.001756
0.003252
0.002341
0.007999
0.001821
0.002471
0.001886
0.002341
0.001496
0.013267
0.002927
0.005333
0.001366
0.002862
0.002471
0.003317
0.002341
0.003967
0.003707
0.013072
0.003837
0.001496
0.002016
0.002081
0.003187
0.010991
0.003772
0.002992
0.001821
0.002536
0.002276
0.001236
0.009300
0.003122
0.002732
0.002471
0.002927
0.001171
0.001886
0.002341
0.002862
0.008325
0.002341
0.003512
0.001236
0.003252
0.003382
0.002016
0.009105
0.002341
0.002211
0.001886
0.001626
0.002016
0.004618
0.005723
0.001626
0.002732
0.009300
0.002081
0.001496
0.001756
0.004748
0.004162
0.002732
0.002211
0.002927
0.007999
0.002536
0.003772
0.002732
0.005528
0.001756
0.002992
0.006504
0.002211
0.002081
0.002471
0.006374
0.002081
0.002341
0.001886
0.003187
0.004553
0.004683
0.003187
0.002927
0.002601
0.001626
0.003122
0.006309
0.002341
0.002016
0.001561
0.007674
0.003772
0.004227
0.001301
0.004292
0.003447
0.002211
0.001106
0.004097
0.001106
0.001626
0.003512
0.009495
0.001496
0.003317
0.001756
0.004357
0.001886
0.006439
0.002081
0.003252
0.004488
0.001951
0.002341
0.003902
0.007154
0.001431
0.004357
0.002732
0.001691
0.002146
0.007349
0.002601
0.003252
0.002276
0.001496
0.002471
0.004162
0.000715
0.002536
0.001301
0.003772
0.001431
0.006374
0.004748
0.001431
0.001106
0.003252
0.001626
0.003122
0.003577
0.002406
0.002146
0.007284
0.004943
0.002862
0.002406
0.001301
0.001626
0.007479
0.003382
0.002211
0.002992
0.003382
0.001496
0.002016
0.005658
0.001561
0.001886
0.002601
0.003837
0.001236
0.002797
0.002406
0.001626
0.004227
0.003057
0.001821
0.001561
0.005073
0.002406
0.003772
0.003707
0.002146
0.002471
0.002992
