0.104774
0.001886
0.001951
0.002992
0.002732
0.004162
0.007804
0.002992
0.001691
0.002666
0.002862
0.003447
0.003707
0.003512
0.002927
0.007869
0.004488
0.003187
0.002862
0.004357
0.001951
0.001561
0.005788
0.004032
0.002406
0.004292
0.003707
0.001756
0.002211
0.001951
0.003577
0.006113
0.005333
0.002276
0.002601
0.004227
0.003187
0.002992
0.006504
0.002601
0.001496
0.004748
0.003252
0.001691
0.006764
0.002471
0.003252
0.003187
0.002276
0.002211
0.002341
0.002341
0.004032
0.003967
0.009235
0.003252
0.002927
0.002797
0.003252
0.001691
0.008780
0.003317
0.002927
0.002341
0.005398
0.002471
0.002081
0.004292
0.002536
0.008260
0.002406
0.004097
0.003057
0.004488
0.003902
0.002471
0.002471
0.005398
0.002471
0.006829
0.002146
0.003902
0.002146
0.004488
0.003512
0.011121
0.002992
0.003707
0.002016
0.004618
0.002276
0.003057
0.003902
0.003902
0.002797
0.010146
0.004227
0.003187
0.001431
0.002211
0.002732
0.008455
0.003317
0.004422
0.002862
0.004553
0.002211
0.001886
0.007284
0.003837
0.002081
0.003967
0.003902
0.003057
0.002536
0.004618
0.005398
0.008065
0.000976
0.002471
0.002341
0.005658
0.003707
0.002211
0.007349
0.003642
0.001886
0.002406
0.002081
0.002276
0.002471
0.003772
0.002146
0.004878
0.005463
0.002341
0.002276
0.002536
0.002016
0.002732
0.004553
0.002862
0.002536
0.005138
0.003317
0.003577
0.002732
0.004032
0.002016
0.003837
0.005333
0.001951
0.002471
0.003447
0.003902
0.002016
0.002992
0.001626
0.002471
0.005398
0.005593
0.003707
0.002406
0.002927
0.002471
0.003317
0.003577
0.002276
0.002406
0.004162
0.006569
0.003512
0.003642
0.002666
0.002211
0.004292
0.002211
0.002016
0.002536
0.001951
0.001951
0.004748
0.006374
0.002016
0.002666
0.002016
0.002016
0.001366
0.007284
0.002276
0.002146
0.004357
0.003707
0.003837
0.002666
0.004878
0.002016
0.006634
0.002992
0.002536
0.002862
0.007934
0.002862
0.002276
0.002732
0.003187
0.001821
0.005203
0.002081
0.002992
0.001431
0.003577
0.003187
0.007089
0.003837
0.002016
0.002341
0.004488
0.001431
0.002992
0.005203
0.003122
0.002797
0.006634
0.005593
0.002992
0.001951
0.001691
0.001951
0.005788
0.003187
0.002341
0.003057
0.005268
0.001756
0.002211
0.004683
0.002992
0.002081
0.003967
0.003382
0.003837
0.002471
0.003252
0.002081
0.006374
0.002992
0.002536
0.002341
0.005463
0.002797
0.003707
0.006178
0.002341
0.001821
0.003967
