0.113684
0.001691
0.002732
0.003772
0.001886
0.002992
0.025234
0.004813
0.002016
0.002146
0.003447
0.003837
0.002211
0.002211
0.004357
0.013528
0.004032
0.001171
0.002341
0.004943
0.001951
0.001561
0.009690
0.005463
0.001756
0.003057
0.004162
0.003577
0.001626
0.001431
0.004683
0.009105
0.003772
0.001756
0.001951
0.003837
0.003382
0.001561
0.008260
0.001886
0.001691
0.002927
0.003512
0.001496
0.007349
0.001171
0.003577
0.002016
0.002341
0.001366
0.002862
0.002276
0.002081
0.001496
0.038046
0.002927
0.001886
0.002732
0.002536
0.001756
0.012032
0.002146
0.003642
0.002471
0.002992
0.001561
0.002536
0.004292
0.002146
0.007869
0.001691
0.005138
0.002211
0.003447
0.003577
0.001821
0.001756
0.002666
0.001951
0.009170
0.001561
0.002016
0.001821
0.003187
0.002797
0.013918
0.002406
0.003512
0.001366
0.002536
0.002406
0.003252
0.002927
0.001951
0.002601
0.011642
0.002341
0.001431
0.001626
0.002732
0.002927
0.011186
0.002536
0.004943
0.002016
0.002666
0.001951
0.001821
0.011446
0.002276
0.002406
0.002862
0.004097
0.001496
0.001431
0.002797
0.004422
0.005528
0.001951
0.002471
0.001756
0.004618
0.003057
0.002992
0.007414
0.002341
0.002406
0.001691
0.000976
0.001561
0.003122
0.006374
0.001951
0.004292
0.008845
0.003317
0.001496
0.001171
0.003512
0.003122
0.004097
0.001756
0.002601
0.008975
0.002471
0.002732
0.002146
0.005983
0.002081
0.002992
0.004878
0.002341
0.002666
0.003122
0.004422
0.003122
0.003772
0.001171
0.003122
0.004553
0.003772
0.002276
0.001691
0.002536
0.001236
0.003057
0.004488
0.002406
0.001106
0.001496
0.007024
0.003252
0.004032
0.001951
0.002276
0.004032
0.002341
0.001626
0.002601
0.001496
0.001366
0.003707
0.007414
0.001756
0.001366
0.001041
0.002992
0.001366
0.008520
0.001496
0.002276
0.003252
0.002146
0.001821
0.003512
0.004683
0.001691
0.005658
0.003577
0.001886
0.001951
0.008065
0.002471
0.001431
0.002992
0.001756
0.002016
0.004227
0.001236
0.001366
0.001756
0.003382
0.002666
0.006309
0.003577
0.001756
0.001496
0.003057
0.001626
0.002341
0.003642
0.001106
0.001561
0.008780
0.005073
0.002471
0.002276
0.001431
0.001691
0.007349
0.002732
0.002536
0.002471
0.001886
0.002081
0.002601
0.007804
0.000911
0.002666
0.003447
0.004422
0.002081
0.003252
0.003187
0.001821
0.003252
0.003837
0.002211
0.001886
0.005333
0.002927
0.003577
0.004488
0.001561
0.001951
0.003057
