0.114399
0.001691
0.002666
0.006178
0.001626
0.002536
0.012357
0.004748
0.000390
0.001821
0.005723
0.001626
0.002016
0.002536
0.005073
0.011056
0.003512
0.000976
0.002536
0.005918
0.001041
0.001106
0.012227
0.007154
0.000780
0.002992
0.004227
0.001301
0.001821
0.001366
0.005593
0.008520
0.004553
0.000845
0.002276
0.004422
0.002732
0.000845
0.012812
0.001626
0.000650
0.002406
0.005528
0.001041
0.007804
0.001496
0.005918
0.001821
0.004553
0.000780
0.003252
0.002471
0.002536
0.002016
0.013007
0.002536
0.001041
0.001366
0.004618
0.000585
0.009951
0.002211
0.003707
0.002406
0.003252
0.003967
0.001041
0.005593
0.000911
0.017430
0.000976
0.008260
0.000911
0.004422
0.003642
0.002276
0.001951
0.009886
0.001366
0.012162
0.002406
0.004943
0.000390
0.007089
0.001886
0.012032
0.002406
0.003967
0.000390
0.005528
0.001691
0.002276
0.002406
0.004032
0.002471
0.009365
0.003837
0.003382
0.000911
0.002081
0.002146
0.011642
0.002146
0.003122
0.001691
0.002732
0.001301
0.001041
0.008975
0.004422
0.002146
0.003122
0.003382
0.002601
0.001041
0.005528
0.002601
0.007999
0.000845
0.001366
0.000520
0.003642
0.003187
0.001561
0.005528
0.005528
0.001301
0.001561
0.001366
0.001886
0.002862
0.005203
0.000650
0.003577
0.008130
0.002406
0.001236
0.000780
0.004032
0.002601
0.002666
0.002016
0.001821
0.009105
0.002732
0.002536
0.003057
0.006374
0.000911
0.001561
0.009625
0.002732
0.001366
0.002536
0.006243
0.002146
0.002732
0.001821
0.003577
0.006894
0.005463
0.001626
0.002601
0.002341
0.001496
0.001171
0.007804
0.001106
0.001821
0.001236
0.008195
0.001886
0.004422
0.001496
0.003252
0.002732
0.004097
0.000976
0.003252
0.001886
0.001041
0.001886
0.008065
0.001236
0.002146
0.001171
0.003967
0.001041
0.005658
0.001106
0.002081
0.004748
0.002341
0.003902
0.001366
0.005073
0.000585
0.010926
0.001236
0.004422
0.002081
0.006569
0.002601
0.001756
0.002276
0.005138
0.001171
0.009105
0.001561
0.005593
0.001366
0.007869
0.000845
0.006894
0.003772
0.001496
0.001106
0.006569
0.001171
0.004683
0.003252
0.003577
0.001496
0.007414
0.003967
0.002927
0.001041
0.001496
0.001106
0.006113
0.002536
0.002211
0.002081
0.003317
0.000845
0.001301
0.006048
0.002406
0.001041
0.005073
0.004422
0.002406
0.001431
0.003512
0.000845
0.003772
0.001756
0.000780
0.000390
0.004943
0.002276
0.002601
0.004162
0.003447
0.001301
0.003512
