0.120317
0.001561
0.003512
0.004813
0.002406
0.002341
0.010666
0.003577
0.001886
0.001496
0.003967
0.002862
0.002536
0.002341
0.004227
0.012422
0.003512
0.002666
0.002732
0.004748
0.002211
0.002016
0.007739
0.008650
0.002536
0.003577
0.003057
0.002992
0.001951
0.001171
0.003577
0.010146
0.003057
0.002276
0.002146
0.004227
0.003057
0.002601
0.006829
0.002211
0.002016
0.003382
0.003642
0.002927
0.007479
0.001756
0.003577
0.002341
0.002341
0.001171
0.003382
0.002211
0.003122
0.002471
0.012617
0.003577
0.002406
0.002016
0.002601
0.001691
0.009625
0.002927
0.003577
0.003512
0.002732
0.001691
0.002862
0.005138
0.001756
0.006569
0.002016
0.003902
0.001951
0.003642
0.003837
0.002406
0.001496
0.003512
0.002016
0.008650
0.002016
0.002146
0.001366
0.003252
0.001756
0.013137
0.003252
0.004553
0.001431
0.002471
0.002016
0.003187
0.002016
0.002797
0.002992
0.013788
0.001951
0.002536
0.001431
0.002862
0.002862
0.009495
0.003252
0.004553
0.002016
0.002016
0.002732
0.002536
0.010731
0.002797
0.003837
0.002276
0.003642
0.001626
0.002471
0.004292
0.003902
0.012682
0.002536
0.002732
0.001756
0.004032
0.003187
0.002211
0.007934
0.002276
0.002797
0.002341
0.001756
0.001626
0.003577
0.005398
0.002471
0.002992
0.007089
0.003382
0.001821
0.000976
0.003512
0.004813
0.003122
0.001756
0.002081
0.009495
0.003122
0.003252
0.002276
0.005593
0.002016
0.003772
0.005073
0.002862
0.003252
0.002276
0.005008
0.002601
0.003122
0.001561
0.002862
0.005138
0.003122
0.002797
0.001691
0.003512
0.002146
0.003577
0.005073
0.002732
0.002146
0.001886
0.006764
0.003837
0.004357
0.001691
0.002732
0.004813
0.003057
0.001951
0.002146
0.001951
0.001756
0.004227
0.007544
0.002471
0.002406
0.001041
0.002992
0.002601
0.005723
0.002146
0.002211
0.004292
0.001301
0.001756
0.004227
0.005788
0.001756
0.003317
0.003447
0.002471
0.002797
0.007024
0.003057
0.002992
0.002797
0.001626
0.002666
0.004748
0.001236
0.002081
0.001756
0.002601
0.001886
0.007349
0.004227
0.002927
0.000976
0.002276
0.001691
0.003512
0.002732
0.002146
0.001821
0.008780
0.004032
0.002276
0.001821
0.001821
0.002276
0.005528
0.003252
0.002276
0.002862
0.001886
0.001626
0.001756
0.006439
0.001626
0.002666
0.004162
0.004488
0.001561
0.003577
0.002471
0.002341
0.004878
0.003317
0.002732
0.002016
0.003967
0.002927
0.004032
0.004488
0.001236
0.002406
0.004813
