0.123114
0.001171
0.002536
0.002146
0.003772
0.002927
0.012032
0.003447
0.001236
0.001041
0.003057
0.002536
0.003512
0.002797
0.003967
0.012227
0.003122
0.001171
0.002016
0.004683
0.001756
0.001496
0.008975
0.004618
0.001561
0.001626
0.004422
0.002211
0.002081
0.001431
0.003187
0.007024
0.005138
0.000976
0.000845
0.002862
0.006113
0.000976
0.009625
0.001691
0.002536
0.002601
0.003187
0.001756
0.008910
0.001886
0.005788
0.001496
0.003902
0.000911
0.003122
0.001171
0.005398
0.002341
0.012487
0.002146
0.003512
0.000976
0.003057
0.001496
0.011642
0.001821
0.002341
0.001626
0.003317
0.001886
0.001041
0.003512
0.002536
0.009495
0.001886
0.004097
0.001626
0.002797
0.002341
0.001756
0.001561
0.005463
0.002276
0.009755
0.001626
0.003317
0.000845
0.003642
0.002992
0.013202
0.002016
0.003772
0.000845
0.002406
0.001301
0.002341
0.002081
0.004553
0.002211
0.010211
0.004292
0.002862
0.000911
0.001886
0.005788
0.015284
0.003642
0.002732
0.004292
0.002536
0.001951
0.001431
0.010861
0.002862
0.004162
0.002471
0.004097
0.002536
0.001626
0.003707
0.007999
0.012357
0.002146
0.001951
0.003057
0.003707
0.003122
0.001626
0.010926
0.006439
0.002081
0.001301
0.002081
0.000780
0.002862
0.005723
0.002211
0.002341
0.006374
0.001691
0.001626
0.000715
0.003057
0.002471
0.003187
0.001106
0.003252
0.007154
0.003317
0.003512
0.002732
0.006309
0.001626
0.001691
0.003707
0.002471
0.003837
0.001756
0.005593
0.002536
0.002406
0.001691
0.001691
0.003382
0.005333
0.002341
0.002016
0.002276
0.003512
0.001496
0.004422
0.001821
0.003252
0.002406
0.006569
0.001886
0.006243
0.001561
0.003317
0.002471
0.003447
0.001821
0.004032
0.001366
0.002666
0.003057
0.005658
0.001821
0.005333
0.000911
0.004422
0.001301
0.008130
0.000845
0.001951
0.002732
0.002341
0.001626
0.002276
0.005463
0.002016
0.004357
0.002081
0.001561
0.003317
0.006959
0.002016
0.002601
0.002601
0.001951
0.001236
0.004292
0.001171
0.005333
0.001041
0.004162
0.001626
0.007414
0.002862
0.001171
0.001171
0.002601
0.001626
0.002601
0.003642
0.001756
0.001691
0.006243
0.006243
0.002992
0.001821
0.001951
0.002081
0.007024
0.004422
0.001626
0.004748
0.003252
0.001041
0.001366
0.008455
0.001886
0.002666
0.003317
0.006309
0.002927
0.004553
0.002406
0.003057
0.007414
0.001886
0.001561
0.003317
0.004618
0.002601
0.003512
0.007349
0.003707
0.002146
0.003057
