0.124545
0.001301
0.002797
0.003642
0.003772
0.002862
0.014763
0.004097
0.001626
0.002016
0.003382
0.003577
0.002211
0.002276
0.004943
0.014698
0.002406
0.001951
0.001886
0.005073
0.001171
0.001366
0.009365
0.005983
0.002146
0.004032
0.004227
0.001886
0.001821
0.001236
0.005268
0.009235
0.003317
0.001756
0.002601
0.003122
0.004097
0.001236
0.006894
0.001431
0.001886
0.002797
0.003967
0.002016
0.007674
0.001756
0.004488
0.002341
0.002341
0.001171
0.002601
0.002081
0.004227
0.002081
0.012877
0.003317
0.002211
0.002146
0.002732
0.001886
0.012032
0.001821
0.005983
0.002732
0.002471
0.001691
0.001886
0.003837
0.001886
0.011446
0.001821
0.004943
0.001691
0.003642
0.002992
0.002471
0.001756
0.004292
0.001821
0.012422
0.001496
0.002341
0.001561
0.004553
0.002601
0.015414
0.002471
0.003707
0.000911
0.003837
0.001691
0.002732
0.002016
0.003252
0.003122
0.013202
0.002341
0.002341
0.001106
0.002146
0.003967
0.014373
0.002536
0.002862
0.002471
0.002797
0.002081
0.001496
0.011707
0.003512
0.002471
0.002536
0.002797
0.001496
0.002081
0.003642
0.004227
0.006243
0.002081
0.002146
0.001756
0.004227
0.002862
0.002146
0.006374
0.002601
0.001626
0.001626
0.000520
0.001301
0.004227
0.005658
0.001886
0.003122
0.007414
0.003057
0.001041
0.001171
0.003577
0.004813
0.002732
0.001301
0.003057
0.007219
0.002146
0.002927
0.003057
0.005268
0.001951
0.003057
0.004227
0.004292
0.003187
0.002862
0.005073
0.002536
0.002992
0.002732
0.003707
0.006439
0.005463
0.002471
0.002211
0.002471
0.002341
0.003122
0.003707
0.002276
0.001951
0.001821
0.007804
0.003382
0.004878
0.001691
0.003772
0.002862
0.002471
0.001041
0.002536
0.001106
0.002211
0.003317
0.007674
0.001756
0.002862
0.001431
0.002732
0.001886
0.006634
0.001171
0.003187
0.003447
0.002081
0.002146
0.003187
0.006959
0.001886
0.005723
0.002536
0.002862
0.003122
0.006243
0.002146
0.002211
0.002471
0.001951
0.002666
0.006048
0.001496
0.003252
0.001431
0.004032
0.001041
0.006569
0.002601
0.002211
0.001301
0.004162
0.001366
0.003252
0.003252
0.001951
0.001301
0.007479
0.003967
0.002016
0.001106
0.001691
0.001951
0.007869
0.003057
0.001886
0.002211
0.002276
0.001496
0.002081
0.007089
0.002016
0.001951
0.003577
0.003902
0.001756
0.002862
0.002862
0.003057
0.004683
0.002471
0.002732
0.001431
0.004618
0.002601
0.003122
0.003447
0.001496
0.002016
0.003707
