0.113489
0.001236
0.001366
0.002471
0.002927
0.003122
0.010731
0.003122
0.001496
0.003512
0.003512
0.003902
0.002276
0.003447
0.002536
0.013072
0.001626
0.001236
0.001171
0.002146
0.002146
0.002081
0.007999
0.004553
0.001301
0.003577
0.003707
0.002081
0.001691
0.003057
0.002146
0.010926
0.004553
0.001366
0.001236
0.001951
0.006634
0.002016
0.009170
0.001301
0.003057
0.004618
0.002992
0.001236
0.009170
0.001691
0.005073
0.000845
0.002927
0.000911
0.000976
0.002016
0.004618
0.003837
0.011707
0.003122
0.003642
0.003187
0.003382
0.001561
0.012617
0.004357
0.003187
0.002276
0.002927
0.002276
0.000845
0.003057
0.001366
0.010081
0.002081
0.004618
0.001886
0.005593
0.004097
0.002732
0.002211
0.004748
0.001821
0.009625
0.001366
0.001626
0.001106
0.002146
0.002146
0.016779
0.003252
0.005723
0.001041
0.004227
0.002862
0.002927
0.002471
0.005593
0.002927
0.017560
0.002992
0.002276
0.000911
0.001626
0.003447
0.013983
0.002406
0.002211
0.004683
0.005463
0.003187
0.000976
0.010341
0.003317
0.002666
0.002081
0.002601
0.001431
0.000585
0.001886
0.004422
0.013398
0.001821
0.002146
0.002732
0.004227
0.003187
0.001496
0.007999
0.006894
0.001951
0.000911
0.001886
0.003057
0.002211
0.005203
0.002536
0.003642
0.005723
0.002601
0.002081
0.002601
0.002666
0.002666
0.002081
0.001821
0.000911
0.004227
0.002992
0.002536
0.001561
0.005073
0.001886
0.002471
0.003187
0.002732
0.001431
0.002211
0.004357
0.002666
0.001756
0.001886
0.000845
0.003252
0.006504
0.003902
0.001366
0.003057
0.003837
0.003707
0.005138
0.002211
0.002992
0.003902
0.007154
0.002927
0.002927
0.001366
0.002146
0.001821
0.004748
0.002081
0.003447
0.001496
0.002797
0.005658
0.005203
0.002276
0.003252
0.002016
0.002732
0.001886
0.004553
0.002081
0.001171
0.001691
0.002666
0.002797
0.002797
0.005983
0.001496
0.005853
0.002927
0.002471
0.001496
0.008130
0.004488
0.003577
0.001236
0.001951
0.001366
0.002927
0.001626
0.003122
0.002666
0.003382
0.002341
0.008065
0.004878
0.002666
0.001691
0.005398
0.002732
0.004553
0.002471
0.002146
0.001041
0.004162
0.007349
0.003772
0.002341
0.001496
0.002471
0.007284
0.004422
0.001626
0.003512
0.007154
0.002341
0.000911
0.004618
0.001561
0.001236
0.001951
0.005983
0.002797
0.002406
0.002927
0.002406
0.008325
0.003317
0.001626
0.002601
0.006374
0.002862
0.001756
0.003772
0.003187
0.001496
0.001366
