0.128447
0.001626
0.002666
0.004422
0.001951
0.002471
0.011056
0.004097
0.002081
0.002406
0.002992
0.003122
0.002666
0.002081
0.004683
0.011902
0.004097
0.001951
0.002797
0.004227
0.002276
0.001626
0.005723
0.004357
0.002341
0.004032
0.004813
0.003772
0.002666
0.002276
0.003512
0.008845
0.002862
0.002016
0.002732
0.004683
0.002732
0.002666
0.006764
0.002276
0.002471
0.003577
0.003317
0.003512
0.005983
0.002406
0.003447
0.003252
0.002601
0.001691
0.002406
0.003252
0.002862
0.002406
0.010016
0.003512
0.002732
0.002211
0.003902
0.002601
0.010016
0.002341
0.002862
0.003122
0.003967
0.002016
0.003382
0.004097
0.002016
0.005268
0.003057
0.003642
0.002471
0.002732
0.003837
0.002797
0.001561
0.002146
0.003382
0.006634
0.002406
0.002471
0.002471
0.003317
0.002146
0.008845
0.003577
0.003642
0.002211
0.002536
0.002666
0.003317
0.002406
0.002862
0.003512
0.012097
0.001886
0.001951
0.002211
0.003317
0.002666
0.008520
0.003187
0.002927
0.002081
0.002927
0.003317
0.001951
0.009040
0.002081
0.004162
0.003577
0.003577
0.002341
0.003057
0.003642
0.002406
0.004748
0.002406
0.002666
0.002016
0.002536
0.004813
0.003707
0.006309
0.003447
0.002927
0.003447
0.001886
0.001951
0.002471
0.004943
0.002146
0.002862
0.006439
0.002927
0.002862
0.001301
0.002341
0.002732
0.003837
0.001886
0.002536
0.007414
0.002992
0.003187
0.002992
0.006178
0.002406
0.003512
0.004488
0.003252
0.003642
0.002797
0.004618
0.003122
0.003967
0.002666
0.002406
0.006113
0.004292
0.003577
0.001691
0.003772
0.001821
0.003577
0.004943
0.004618
0.001301
0.002601
0.005203
0.003772
0.003707
0.002211
0.002927
0.005203
0.002471
0.001951
0.003317
0.002601
0.002732
0.003187
0.006569
0.002666
0.002276
0.001496
0.002471
0.002666
0.006048
0.001821
0.002601
0.005203
0.003057
0.002016
0.003122
0.005398
0.002341
0.002601
0.004553
0.003447
0.002797
0.005268
0.003122
0.001431
0.002406
0.001626
0.002992
0.004683
0.001951
0.001756
0.002341
0.002601
0.002341
0.006048
0.004553
0.002862
0.002471
0.001756
0.002666
0.002992
0.003772
0.001431
0.002666
0.007479
0.002992
0.002016
0.002211
0.002927
0.002081
0.005398
0.006113
0.002601
0.001886
0.001691
0.002666
0.002666
0.005788
0.001691
0.002536
0.004618
0.003382
0.001691
0.004032
0.003252
0.002016
0.003317
0.004683
0.003122
0.002341
0.004357
0.002992
0.003967
0.003577
0.001886
0.002536
0.003707
