0.130333
0.002666
0.003837
0.005138
0.002927
0.002471
0.005398
0.003642
0.002601
0.002601
0.004422
0.004227
0.002406
0.003447
0.002732
0.007739
0.002797
0.002406
0.002211
0.006113
0.002341
0.002016
0.004748
0.003772
0.002146
0.002992
0.003577
0.003642
0.001951
0.002016
0.003447
0.005203
0.004813
0.002016
0.003057
0.004162
0.003187
0.002471
0.004422
0.002666
0.002732
0.004162
0.005528
0.002992
0.004488
0.001561
0.002732
0.002211
0.002341
0.001886
0.002862
0.004813
0.004032
0.002797
0.009040
0.004422
0.002536
0.001626
0.002341
0.003837
0.009235
0.002536
0.004162
0.003382
0.004357
0.001756
0.002471
0.005983
0.002016
0.003772
0.002797
0.003447
0.001886
0.003707
0.005073
0.002992
0.002601
0.001951
0.001886
0.006113
0.002992
0.002081
0.002146
0.005268
0.003642
0.005723
0.004748
0.003252
0.002146
0.002797
0.003577
0.004162
0.002927
0.002341
0.004943
0.008390
0.003122
0.002016
0.001886
0.004618
0.003122
0.004683
0.002081
0.004553
0.002471
0.002666
0.003252
0.004422
0.007349
0.001561
0.002927
0.003642
0.003707
0.002341
0.002341
0.002992
0.002927
0.004162
0.002536
0.002666
0.002146
0.003512
0.002211
0.002666
0.005333
0.002146
0.002797
0.002601
0.002211
0.002341
0.002732
0.005788
0.002601
0.002146
0.003967
0.003577
0.002601
0.002016
0.005268
0.003512
0.003772
0.003122
0.002471
0.006504
0.002471
0.002211
0.002081
0.007479
0.003122
0.002666
0.005008
0.003317
0.002862
0.002536
0.003967
0.002601
0.002862
0.002016
0.002601
0.004878
0.006699
0.002341
0.003122
0.003577
0.002862
0.002341
0.003382
0.003252
0.002862
0.002146
0.008910
0.004227
0.003577
0.002016
0.002927
0.004488
0.002016
0.001626
0.002016
0.001821
0.003772
0.004162
0.005983
0.003382
0.002341
0.000845
0.002471
0.002341
0.007219
0.002016
0.002732
0.005723
0.003122
0.002341
0.003252
0.008455
0.002536
0.003447
0.003057
0.003967
0.002992
0.006569
0.003512
0.004097
0.002927
0.001821
0.002862
0.005008
0.001496
0.002601
0.002471
0.004618
0.003057
0.004488
0.005918
0.003122
0.002146
0.002146
0.001561
0.004162
0.004618
0.002862
0.004618
0.006439
0.004618
0.002016
0.001886
0.002732
0.002211
0.003382
0.002666
0.003772
0.002211
0.002341
0.002276
0.002732
0.004422
0.001756
0.002341
0.004943
0.006764
0.001366
0.003447
0.003382
0.002797
0.003382
0.003122
0.003057
0.002146
0.003772
0.002732
0.003902
0.003512
0.002016
0.003187
0.003902
