0.121163
0.002536
0.004227
0.002862
0.005593
0.003577
0.006634
0.002276
0.002536
0.002927
0.003122
0.002016
0.004162
0.003967
0.003642
0.006113
0.003837
0.002081
0.003187
0.004422
0.002666
0.002276
0.004748
0.003057
0.002211
0.003902
0.005268
0.002927
0.002276
0.002406
0.004292
0.003772
0.004162
0.002471
0.003252
0.003382
0.004943
0.002276
0.005398
0.002471
0.001886
0.002992
0.005203
0.002992
0.005138
0.002797
0.003512
0.001561
0.003837
0.002146
0.003187
0.002276
0.002536
0.003252
0.008520
0.003967
0.002276
0.002471
0.004553
0.002732
0.007349
0.003512
0.003707
0.003382
0.004162
0.002211
0.002992
0.002536
0.002146
0.004357
0.003122
0.002927
0.002211
0.004162
0.005138
0.001496
0.002146
0.002992
0.003122
0.004162
0.002732
0.002992
0.002536
0.002146
0.003382
0.006894
0.004813
0.002797
0.002732
0.002797
0.004292
0.002341
0.002341
0.002406
0.003772
0.005788
0.002732
0.002081
0.002601
0.002927
0.002927
0.007804
0.003642
0.003902
0.002016
0.002536
0.004032
0.002601
0.006829
0.003382
0.005268
0.003707
0.005268
0.002927
0.003902
0.003252
0.002927
0.004553
0.002862
0.002211
0.002341
0.003902
0.004422
0.002666
0.003642
0.002797
0.002016
0.002666
0.002666
0.002471
0.002862
0.005593
0.003577
0.004162
0.005138
0.002666
0.003317
0.002341
0.004943
0.001951
0.004943
0.003772
0.001886
0.004162
0.003642
0.003447
0.004032
0.005853
0.002471
0.003252
0.004032
0.003122
0.005268
0.002862
0.007609
0.002862
0.003317
0.002211
0.002797
0.002992
0.005918
0.002601
0.003447
0.002146
0.002471
0.003447
0.004227
0.002211
0.002146
0.002732
0.009040
0.002146
0.004032
0.002471
0.003967
0.002471
0.003707
0.002081
0.003707
0.002016
0.002471
0.003967
0.006959
0.002666
0.004422
0.002146
0.003902
0.002081
0.005788
0.002732
0.002927
0.002992
0.002732
0.001366
0.004097
0.004162
0.002146
0.003122
0.004422
0.001561
0.004162
0.007024
0.003187
0.002797
0.003187
0.002406
0.002927
0.003642
0.002276
0.002406
0.002536
0.002797
0.001821
0.005788
0.005528
0.001886
0.002341
0.003447
0.002406
0.002471
0.004683
0.002211
0.003187
0.004553
0.004683
0.002601
0.003512
0.002016
0.002211
0.005398
0.004227
0.002406
0.001821
0.002732
0.003057
0.002797
0.004813
0.001886
0.003967
0.004032
0.007154
0.002016
0.004357
0.003057
0.001821
0.002927
0.003967
0.002666
0.002927
0.006764
0.004618
0.003512
0.003447
0.002406
0.003122
0.002732
