0.125065
0.002276
0.002797
0.004943
0.003577
0.003837
0.008325
0.003707
0.001366
0.003707
0.006439
0.003902
0.002471
0.004422
0.003577
0.007544
0.004422
0.001821
0.001821
0.006829
0.001756
0.002211
0.008065
0.005528
0.001756
0.003187
0.006634
0.004097
0.001951
0.002146
0.005268
0.007674
0.004943
0.001496
0.001756
0.003512
0.002406
0.001626
0.005138
0.001431
0.001821
0.003057
0.006374
0.002601
0.004032
0.001691
0.004162
0.001951
0.004032
0.001691
0.001886
0.003057
0.002211
0.002732
0.006829
0.004422
0.001366
0.003057
0.003837
0.003057
0.006504
0.003642
0.002862
0.003837
0.003837
0.001496
0.002081
0.005268
0.001496
0.003382
0.002601
0.004032
0.001691
0.004292
0.003707
0.002536
0.001171
0.003512
0.002406
0.005268
0.003252
0.001626
0.002146
0.004227
0.002992
0.005723
0.003057
0.003382
0.001366
0.003512
0.003642
0.003252
0.003057
0.002211
0.005073
0.006439
0.003577
0.001951
0.001756
0.003967
0.003057
0.005333
0.003057
0.004748
0.001951
0.004162
0.002732
0.002732
0.008195
0.002276
0.004748
0.004032
0.004683
0.002211
0.001951
0.003122
0.003187
0.004553
0.001886
0.002992
0.001951
0.004292
0.002992
0.002797
0.004748
0.002536
0.001886
0.002211
0.001626
0.002081
0.005008
0.009105
0.001886
0.003447
0.006504
0.003317
0.001561
0.002081
0.006309
0.005398
0.003382
0.003317
0.002211
0.005073
0.002536
0.002536
0.002666
0.010341
0.001301
0.002862
0.006439
0.004162
0.002601
0.001626
0.009430
0.005008
0.002081
0.000911
0.002862
0.005008
0.006504
0.002406
0.003512
0.003447
0.002016
0.003057
0.003902
0.002536
0.002341
0.002601
0.010016
0.002862
0.003317
0.002016
0.002016
0.003317
0.003642
0.001821
0.002536
0.002797
0.001886
0.004097
0.006113
0.002666
0.003252
0.001691
0.004553
0.002666
0.004227
0.001301
0.001886
0.003967
0.002666
0.001626
0.002601
0.008260
0.001691
0.002732
0.002797
0.004032
0.001626
0.007414
0.003252
0.003772
0.002276
0.002146
0.002016
0.003122
0.001756
0.002081
0.002081
0.006048
0.002276
0.003902
0.004618
0.002797
0.002081
0.004162
0.001886
0.003122
0.004357
0.001301
0.002276
0.005333
0.004943
0.002601
0.001756
0.002016
0.001886
0.004488
0.003512
0.004357
0.002471
0.004227
0.001886
0.002146
0.003967
0.001366
0.001951
0.004227
0.007999
0.002797
0.003902
0.002536
0.002862
0.003707
0.002211
0.002276
0.003252
0.007089
0.002146
0.002992
0.003577
0.002536
0.001561
0.002862
