0.117456
0.001886
0.002992
0.004683
0.004227
0.002666
0.006439
0.002927
0.002341
0.002211
0.003187
0.002081
0.002797
0.003447
0.002732
0.007934
0.003122
0.001496
0.002536
0.005138
0.002081
0.001951
0.006894
0.004488
0.002341
0.003837
0.003577
0.002276
0.001301
0.002016
0.005138
0.004748
0.006699
0.002016
0.002797
0.003122
0.005203
0.001496
0.006048
0.001496
0.002081
0.002862
0.004683
0.001236
0.007544
0.002016
0.004097
0.001496
0.004748
0.001561
0.003187
0.002536
0.003577
0.002797
0.007024
0.002992
0.002146
0.002927
0.004227
0.000780
0.009105
0.002862
0.002666
0.002601
0.003122
0.003512
0.002471
0.005268
0.001561
0.006894
0.001171
0.003252
0.001951
0.005658
0.002471
0.002016
0.001691
0.004813
0.001431
0.004618
0.002211
0.002797
0.001171
0.003837
0.003187
0.007869
0.001561
0.003512
0.001691
0.005073
0.002016
0.001821
0.002992
0.003642
0.002341
0.008195
0.005788
0.004618
0.002211
0.002211
0.004488
0.010731
0.001886
0.003642
0.003382
0.005723
0.001756
0.001106
0.008195
0.004357
0.003122
0.003057
0.006504
0.003317
0.002406
0.002927
0.007349
0.008910
0.001496
0.003122
0.001886
0.006699
0.002862
0.001951
0.009625
0.005463
0.001886
0.001236
0.001106
0.001301
0.002862
0.006309
0.002276
0.003642
0.005268
0.001821
0.001496
0.001431
0.002797
0.002732
0.003577
0.001886
0.002666
0.005788
0.002601
0.002406
0.003252
0.006959
0.002341
0.001951
0.004813
0.003447
0.002666
0.002406
0.005983
0.002276
0.002211
0.002081
0.002797
0.004227
0.007024
0.002146
0.002862
0.002471
0.003902
0.002536
0.004553
0.000976
0.003252
0.002471
0.006894
0.003772
0.004878
0.002211
0.003252
0.002927
0.004488
0.001756
0.004227
0.000976
0.002666
0.002927
0.004032
0.002016
0.004032
0.002016
0.004162
0.001431
0.005918
0.002471
0.002406
0.003187
0.002406
0.003382
0.001561
0.006178
0.001821
0.005138
0.002081
0.002471
0.002536
0.008520
0.001951
0.002471
0.002601
0.002862
0.001366
0.004422
0.002211
0.002862
0.001301
0.003837
0.002081
0.005723
0.003317
0.002016
0.001366
0.005788
0.000650
0.002406
0.003902
0.003512
0.001691
0.004683
0.008260
0.005983
0.001301
0.001171
0.002797
0.008455
0.004227
0.002146
0.005073
0.006113
0.001236
0.001691
0.007024
0.002601
0.002341
0.003772
0.008130
0.002471
0.001561
0.002276
0.003707
0.005983
0.002146
0.001496
0.003252
0.008455
0.002276
0.001951
0.007089
0.004292
0.001691
0.002406
