0.122203
0.000911
0.003837
0.005008
0.003317
0.002862
0.007674
0.003902
0.001756
0.003187
0.004813
0.003447
0.002666
0.002862
0.004422
0.009170
0.003902
0.000585
0.003772
0.006894
0.002211
0.001171
0.009625
0.005723
0.002666
0.003317
0.006504
0.002927
0.001821
0.001236
0.006048
0.007544
0.005073
0.000976
0.002666
0.002992
0.003967
0.001041
0.008585
0.002146
0.002276
0.003187
0.006829
0.001626
0.005983
0.001366
0.006178
0.001951
0.004357
0.001691
0.003187
0.002536
0.003057
0.002601
0.010666
0.002862
0.003252
0.002211
0.006829
0.002406
0.007414
0.002211
0.004162
0.002601
0.002471
0.000911
0.002081
0.006634
0.001886
0.005398
0.002471
0.004943
0.001236
0.005073
0.004748
0.003057
0.001886
0.002536
0.002276
0.005658
0.002016
0.000911
0.001886
0.004357
0.002536
0.009040
0.004162
0.004227
0.001431
0.003837
0.003122
0.003187
0.002276
0.001886
0.003902
0.007284
0.003252
0.001496
0.002016
0.003317
0.002666
0.006764
0.003057
0.002666
0.001951
0.002406
0.002211
0.002211
0.008065
0.001951
0.004162
0.002276
0.005333
0.001301
0.002406
0.003317
0.003382
0.003252
0.002536
0.002211
0.002666
0.003707
0.003837
0.001561
0.004683
0.002341
0.002341
0.002081
0.001626
0.001171
0.004878
0.007284
0.002471
0.003642
0.006374
0.003902
0.002276
0.000976
0.006569
0.004162
0.003512
0.001171
0.002992
0.007024
0.001886
0.001041
0.004097
0.006829
0.001756
0.002797
0.007089
0.004292
0.002992
0.001561
0.007609
0.003447
0.002666
0.001171
0.004422
0.003837
0.007349
0.001561
0.004227
0.002081
0.002406
0.002862
0.006309
0.002341
0.003512
0.001821
0.010601
0.002341
0.003837
0.001691
0.004683
0.001821
0.005658
0.000911
0.004097
0.001691
0.002666
0.003382
0.007089
0.002146
0.003122
0.001301
0.005853
0.001626
0.005138
0.001366
0.003057
0.003967
0.002081
0.001366
0.002732
0.006048
0.001431
0.003837
0.004292
0.003057
0.001821
0.007154
0.003642
0.003577
0.002081
0.001496
0.002146
0.005398
0.001756
0.002081
0.002471
0.004357
0.001561
0.004292
0.004227
0.002536
0.001496
0.004422
0.002471
0.003837
0.003512
0.001041
0.002666
0.005463
0.004748
0.001691
0.002276
0.001106
0.002666
0.005398
0.004878
0.001691
0.002536
0.002797
0.001756
0.002146
0.006048
0.001431
0.002276
0.004292
0.006764
0.002276
0.002211
0.002471
0.003122
0.003057
0.003187
0.001691
0.003187
0.005008
0.002862
0.002016
0.003707
0.001756
0.002146
0.002797
