0.127732
0.002016
0.002341
0.003642
0.005008
0.003772
0.005983
0.003382
0.001886
0.004162
0.005268
0.002797
0.005333
0.003772
0.002406
0.006829
0.004878
0.002666
0.003382
0.006569
0.002406
0.002211
0.004488
0.002732
0.001821
0.004488
0.005918
0.002797
0.001756
0.002081
0.002471
0.003837
0.003707
0.002016
0.002927
0.003187
0.003447
0.002341
0.003512
0.003707
0.002211
0.003772
0.007154
0.002601
0.003252
0.002406
0.002666
0.002992
0.003967
0.002341
0.002927
0.004683
0.001171
0.002862
0.007219
0.003382
0.001561
0.003707
0.003317
0.004162
0.005658
0.003837
0.002081
0.003512
0.002211
0.002081
0.002211
0.006764
0.001821
0.002797
0.001821
0.003577
0.001691
0.005203
0.005398
0.003577
0.001886
0.001561
0.002471
0.003252
0.004097
0.001691
0.003317
0.004292
0.003187
0.005593
0.005008
0.002992
0.002341
0.003707
0.004553
0.002471
0.002862
0.001821
0.005073
0.006178
0.002276
0.001691
0.002276
0.003837
0.001886
0.006113
0.003317
0.005658
0.002341
0.003642
0.004553
0.002666
0.005658
0.001756
0.004032
0.004488
0.005138
0.002536
0.002601
0.005853
0.002211
0.002927
0.002601
0.002406
0.002276
0.004488
0.003447
0.003252
0.003317
0.002016
0.002601
0.002081
0.002536
0.002016
0.002601
0.006504
0.002601
0.004618
0.003057
0.002601
0.001626
0.001626
0.005463
0.002927
0.005203
0.003642
0.003187
0.003967
0.003512
0.002341
0.002797
0.009430
0.001886
0.003382
0.003122
0.003382
0.002992
0.002927
0.006959
0.003187
0.003057
0.002536
0.003382
0.003967
0.007219
0.002732
0.002797
0.003252
0.002081
0.002927
0.002406
0.002927
0.002471
0.002666
0.008520
0.002797
0.002927
0.002081
0.002927
0.003382
0.005073
0.001951
0.002732
0.002601
0.002341
0.004943
0.004618
0.004292
0.002016
0.002341
0.003707
0.003122
0.002927
0.002211
0.002341
0.003902
0.001756
0.002016
0.003187
0.008065
0.001886
0.002732
0.003772
0.002797
0.002601
0.009495
0.003057
0.003642
0.003512
0.003577
0.002471
0.003252
0.002471
0.002666
0.001756
0.004292
0.002211
0.003902
0.005528
0.003967
0.002146
0.003967
0.002536
0.002862
0.002016
0.001366
0.002927
0.004162
0.006309
0.001366
0.002601
0.003252
0.002016
0.004032
0.003837
0.003122
0.002211
0.002862
0.003317
0.002341
0.004422
0.003057
0.003642
0.005788
0.008715
0.002862
0.003317
0.003577
0.002471
0.003317
0.003447
0.001951
0.003512
0.008910
0.002146
0.003837
0.002536
0.002146
0.002536
0.003122
