0.127406
0.003252
0.002016
0.003837
0.004813
0.003772
0.005203
0.002666
0.003122
0.003122
0.002016
0.001886
0.003967
0.004357
0.002276
0.005983
0.004227
0.002862
0.002666
0.005008
0.003122
0.002211
0.003122
0.004422
0.002666
0.003837
0.003967
0.001886
0.002666
0.001951
0.002016
0.005333
0.003902
0.002406
0.002211
0.004488
0.003772
0.002732
0.005398
0.002601
0.002797
0.004292
0.002927
0.003187
0.003837
0.002081
0.003122
0.001496
0.003837
0.003057
0.002081
0.004227
0.002992
0.003577
0.007349
0.003772
0.002992
0.003187
0.002732
0.002276
0.007219
0.003707
0.002732
0.003707
0.004292
0.002341
0.002276
0.004748
0.003317
0.004878
0.002211
0.003902
0.002666
0.004553
0.002862
0.002276
0.004097
0.002341
0.002536
0.004618
0.003577
0.002406
0.003187
0.003577
0.003837
0.007349
0.002601
0.003642
0.003252
0.002471
0.002732
0.002276
0.003707
0.004097
0.002471
0.006374
0.004227
0.002862
0.003382
0.004032
0.003252
0.006504
0.003317
0.003967
0.002862
0.002862
0.002927
0.003512
0.006569
0.002536
0.003122
0.004488
0.004292
0.002601
0.002406
0.004683
0.003512
0.005073
0.002081
0.003252
0.002927
0.003772
0.002732
0.002211
0.004683
0.003057
0.002732
0.002471
0.002732
0.002211
0.002471
0.004748
0.003902
0.003902
0.004553
0.002536
0.003187
0.002927
0.003252
0.003642
0.004878
0.003577
0.001756
0.004553
0.004357
0.003382
0.002797
0.005333
0.002081
0.002992
0.002146
0.002862
0.003967
0.003382
0.005073
0.003057
0.002601
0.002471
0.002146
0.003252
0.007154
0.004097
0.002666
0.002601
0.002862
0.003122
0.002927
0.002732
0.003317
0.003707
0.006634
0.003642
0.003967
0.003707
0.002536
0.003902
0.003577
0.003122
0.003317
0.002406
0.002341
0.005138
0.003707
0.003057
0.002992
0.002927
0.002862
0.002406
0.004097
0.003577
0.001886
0.005008
0.004097
0.002601
0.002016
0.005658
0.003057
0.003057
0.002341
0.002341
0.002406
0.007544
0.002797
0.003382
0.003772
0.002666
0.002211
0.003447
0.002536
0.003252
0.002406
0.003057
0.002862
0.005528
0.003707
0.002862
0.002927
0.002601
0.002211
0.003317
0.004422
0.003252
0.002862
0.004422
0.005853
0.001951
0.002341
0.002601
0.003187
0.004162
0.004162
0.003642
0.003252
0.004292
0.002016
0.002797
0.004097
0.002341
0.003317
0.004813
0.006959
0.002666
0.002992
0.002536
0.002211
0.003122
0.002601
0.003122
0.003902
0.005788
0.003057
0.002601
0.003382
0.002471
0.002797
0.003902
