0.125195
0.002992
0.002211
0.003902
0.002341
0.003837
0.006959
0.004618
0.002146
0.004357
0.004553
0.002732
0.002146
0.004422
0.004748
0.006374
0.002601
0.002211
0.002732
0.005268
0.001756
0.002536
0.005398
0.004357
0.001886
0.003317
0.007284
0.004553
0.001431
0.002797
0.004032
0.004943
0.003382
0.001886
0.003057
0.003707
0.001951
0.002406
0.006048
0.002471
0.002471
0.005073
0.006634
0.003252
0.004292
0.001756
0.004683
0.002471
0.001626
0.002927
0.001691
0.003707
0.002081
0.002927
0.005138
0.005008
0.000845
0.004618
0.004357
0.003707
0.004292
0.003707
0.002992
0.004357
0.002016
0.002862
0.002341
0.006439
0.001171
0.004422
0.002406
0.004227
0.001626
0.006048
0.004553
0.004618
0.001106
0.002732
0.003447
0.004553
0.002276
0.002992
0.003187
0.003382
0.002341
0.007934
0.004422
0.003057
0.001236
0.003252
0.006243
0.002536
0.002211
0.003902
0.004878
0.005138
0.001301
0.003057
0.002081
0.004162
0.001431
0.005073
0.004488
0.004748
0.001236
0.003642
0.004878
0.004618
0.005138
0.002601
0.004162
0.003577
0.002601
0.003187
0.002862
0.003057
0.001886
0.005593
0.002341
0.003057
0.001756
0.004553
0.004227
0.003057
0.002992
0.002666
0.002406
0.002992
0.001821
0.002211
0.002992
0.006374
0.003057
0.003707
0.005658
0.004357
0.001171
0.003382
0.003317
0.003577
0.003187
0.003967
0.003382
0.005268
0.001561
0.002081
0.004097
0.006569
0.002081
0.004097
0.003967
0.003512
0.001496
0.002732
0.007609
0.004878
0.001626
0.002797
0.002471
0.003382
0.004097
0.003122
0.003382
0.002601
0.002016
0.002992
0.004357
0.002732
0.001756
0.002797
0.008390
0.002666
0.002732
0.001951
0.002276
0.003317
0.002276
0.002601
0.003252
0.002992
0.001431
0.005398
0.005398
0.004618
0.001821
0.002406
0.004227
0.002732
0.002601
0.002666
0.002211
0.004422
0.002081
0.002601
0.002992
0.007674
0.001561
0.002992
0.004292
0.003837
0.001431
0.007934
0.003382
0.003837
0.001626
0.002341
0.003512
0.003252
0.001691
0.002666
0.003707
0.004553
0.002406
0.005398
0.005398
0.003187
0.001301
0.004162
0.004032
0.003967
0.002601
0.003902
0.004553
0.004878
0.003252
0.002992
0.001951
0.002276
0.001626
0.003512
0.005008
0.005138
0.000911
0.003317
0.002601
0.002732
0.002992
0.002797
0.003577
0.003057
0.004422
0.003382
0.004162
0.003317
0.002276
0.003642
0.004162
0.004032
0.001366
0.005983
0.004292
0.002341
0.001626
0.003122
0.002732
0.003902
