0.123569
0.001626
0.002732
0.004422
0.003187
0.003252
0.007544
0.002862
0.001496
0.002471
0.006178
0.003512
0.002666
0.001821
0.003707
0.008910
0.003187
0.001366
0.001821
0.005983
0.001496
0.001496
0.006569
0.005723
0.001496
0.002862
0.005398
0.002601
0.001561
0.002146
0.005983
0.007284
0.004357
0.001561
0.002992
0.002862
0.004162
0.001756
0.005918
0.002081
0.002862
0.002992
0.006439
0.001821
0.006309
0.002211
0.004162
0.001821
0.003642
0.001626
0.002797
0.002341
0.002276
0.002992
0.007479
0.002992
0.003252
0.001951
0.005463
0.002146
0.007349
0.003512
0.002666
0.003317
0.003837
0.001951
0.002211
0.004748
0.001366
0.005723
0.001886
0.003837
0.001366
0.006894
0.004292
0.003122
0.001366
0.004032
0.002146
0.006309
0.001886
0.002797
0.002666
0.005333
0.002211
0.009040
0.003317
0.003057
0.001431
0.004618
0.003577
0.003772
0.001756
0.003382
0.003317
0.007804
0.004422
0.002341
0.001691
0.002797
0.004878
0.008520
0.003317
0.002601
0.002862
0.004553
0.002992
0.001951
0.008130
0.003447
0.002666
0.002601
0.004748
0.002081
0.001626
0.004292
0.003382
0.005333
0.002081
0.001756
0.003317
0.005073
0.003837
0.001951
0.005658
0.003707
0.001431
0.001951
0.001106
0.002211
0.004227
0.006959
0.002341
0.002992
0.005723
0.003057
0.001431
0.001171
0.006894
0.004618
0.004097
0.002081
0.002406
0.006569
0.002081
0.001951
0.004227
0.006113
0.001366
0.003317
0.005658
0.004032
0.001886
0.002016
0.006178
0.002146
0.001886
0.002211
0.003447
0.005268
0.006113
0.002016
0.003252
0.002146
0.004032
0.002341
0.004813
0.001821
0.001951
0.001496
0.008520
0.003122
0.003642
0.001756
0.002341
0.003057
0.003512
0.001561
0.003707
0.001301
0.002666
0.003707
0.006374
0.002601
0.003512
0.001496
0.004813
0.001561
0.004943
0.002016
0.002341
0.003057
0.000976
0.002536
0.002601
0.007219
0.001301
0.004162
0.002992
0.002732
0.002276
0.007739
0.002797
0.003122
0.001691
0.002797
0.001366
0.005268
0.001431
0.003252
0.001821
0.004422
0.002341
0.005853
0.005398
0.002471
0.000911
0.004813
0.001496
0.003447
0.003512
0.002341
0.002862
0.006243
0.005788
0.003447
0.002536
0.001756
0.002406
0.006243
0.004097
0.001756
0.003512
0.004227
0.002211
0.001756
0.007154
0.002276
0.001626
0.004032
0.007154
0.002146
0.002276
0.002016
0.003317
0.005203
0.003057
0.002666
0.003837
0.006309
0.002016
0.001756
0.003967
0.002992
0.001691
0.003252
