0.101912
0.001821
0.004097
0.005853
0.003902
0.005463
0.012552
0.005203
0.002146
0.002081
0.004357
0.003512
0.004097
0.003902
0.005788
0.011576
0.002601
0.002536
0.003837
0.008455
0.001496
0.001431
0.005203
0.004032
0.002732
0.005463
0.009235
0.005528
0.001236
0.001626
0.004162
0.006699
0.002276
0.000911
0.002211
0.004097
0.002732
0.001431
0.007804
0.004357
0.001496
0.000911
0.006113
0.002341
0.003382
0.001886
0.004813
0.002927
0.003122
0.001496
0.003512
0.004683
0.001366
0.001496
0.007414
0.004227
0.003382
0.002536
0.007674
0.002797
0.002016
0.001561
0.002797
0.003577
0.000650
0.001301
0.002406
0.007154
0.001886
0.006374
0.003512
0.005918
0.001106
0.001691
0.003382
0.002601
0.000976
0.002862
0.002927
0.009300
0.001821
0.001366
0.002666
0.006243
0.001106
0.002016
0.003447
0.002927
0.001496
0.004618
0.004878
0.003382
0.000911
0.001626
0.003382
0.006634
0.001431
0.000585
0.002862
0.004097
0.002276
0.007219
0.006959
0.005593
0.001366
0.000715
0.005398
0.003252
0.004357
0.001886
0.005983
0.005008
0.002406
0.001106
0.002992
0.005463
0.001106
0.002016
0.002797
0.003187
0.002862
0.004032
0.008455
0.002081
0.001756
0.001561
0.002927
0.002146
0.001561
0.001561
0.004032
0.006113
0.003512
0.005528
0.008910
0.004292
0.001951
0.001171
0.004618
0.003707
0.002406
0.003057
0.003967
0.008130
0.002471
0.002862
0.005398
0.011511
0.002146
0.001886
0.005723
0.003967
0.002536
0.003577
0.012032
0.006048
0.001691
0.001886
0.003382
0.006048
0.002601
0.000650
0.002862
0.002927
0.003317
0.001496
0.007479
0.003447
0.001236
0.000780
0.009560
0.002927
0.002016
0.001106
0.003837
0.004162
0.004422
0.001171
0.004683
0.003057
0.001041
0.000976
0.004422
0.002927
0.002797
0.001821
0.007739
0.004618
0.001886
0.001301
0.003447
0.004683
0.000911
0.001301
0.004422
0.006569
0.001301
0.004553
0.004357
0.004748
0.001236
0.002276
0.002732
0.002992
0.001756
0.001366
0.003122
0.006374
0.002146
0.002406
0.003837
0.007284
0.001106
0.002536
0.003447
0.002471
0.001496
0.004488
0.003772
0.005398
0.001691
0.001106
0.002732
0.006048
0.001626
0.000845
0.002992
0.002211
0.002666
0.002862
0.008845
0.004162
0.001301
0.001301
0.002732
0.002146
0.002732
0.001561
0.003772
0.006569
0.004357
0.001821
0.004748
0.005463
0.001366
0.001171
0.004422
0.002536
0.002927
0.005203
0.006243
0.004422
0.001171
0.001171
0.003317
0.003967
