0.127797
0.003317
0.004488
0.004227
0.002927
0.002927
0.006439
0.002732
0.002797
0.003382
0.004357
0.002732
0.002471
0.003317
0.003382
0.003837
0.002732
0.002081
0.002276
0.005008
0.002211
0.002666
0.004553
0.002797
0.001691
0.002406
0.005138
0.002081
0.002211
0.002862
0.004488
0.004813
0.004227
0.002146
0.004553
0.004748
0.002536
0.002081
0.005658
0.002666
0.001366
0.004162
0.006309
0.002992
0.002992
0.002341
0.002992
0.002797
0.002081
0.001951
0.002732
0.002732
0.003252
0.003252
0.009755
0.005983
0.001821
0.003122
0.005203
0.001821
0.005723
0.003122
0.005073
0.004357
0.002536
0.003772
0.003902
0.006048
0.001691
0.005138
0.001886
0.002146
0.001756
0.005723
0.004813
0.002211
0.001431
0.004618
0.002732
0.003447
0.002276
0.003122
0.003187
0.004097
0.002862
0.009365
0.004618
0.003317
0.001756
0.003252
0.003837
0.002797
0.002471
0.005723
0.005008
0.007154
0.002797
0.003772
0.003447
0.003122
0.001431
0.005853
0.002797
0.003057
0.001821
0.004943
0.003707
0.002406
0.003512
0.003187
0.003967
0.003382
0.003252
0.002536
0.002536
0.002862
0.002146
0.006243
0.002732
0.002862
0.001236
0.005593
0.002406
0.001886
0.002862
0.005203
0.002601
0.002992
0.002276
0.002276
0.004032
0.004683
0.002927
0.003512
0.004683
0.002211
0.001821
0.003317
0.004618
0.003122
0.003057
0.003057
0.003252
0.003252
0.002341
0.002341
0.003512
0.004943
0.002341
0.003122
0.003512
0.003707
0.001431
0.002927
0.005073
0.002732
0.003187
0.002797
0.004357
0.003577
0.004813
0.003252
0.006504
0.002927
0.001951
0.002406
0.004032
0.002406
0.002211
0.003512
0.010276
0.002797
0.001951
0.001886
0.003772
0.003317
0.002146
0.002276
0.004488
0.002276
0.002146
0.004618
0.006374
0.004357
0.001106
0.002666
0.004032
0.001431
0.003837
0.002797
0.004813
0.005268
0.002276
0.004357
0.004748
0.007284
0.001886
0.003967
0.003057
0.002211
0.001886
0.008910
0.003447
0.002862
0.002406
0.004227
0.002992
0.003252
0.001301
0.003187
0.002601
0.002341
0.002732
0.005528
0.005138
0.002276
0.001106
0.004748
0.002862
0.001821
0.002992
0.003317
0.005138
0.004748
0.003772
0.004488
0.003382
0.002732
0.001366
0.005398
0.002732
0.002927
0.002016
0.004683
0.003187
0.002862
0.002406
0.002862
0.003187
0.003837
0.003902
0.002862
0.002927
0.002536
0.002146
0.005203
0.003642
0.003187
0.000976
0.005658
0.002666
0.002536
0.002276
0.003447
0.003447
0.002992
