0.140609
0.001886
0.002992
0.003902
0.003642
0.004488
0.014113
0.005138
0.001626
0.002536
0.003837
0.002927
0.003122
0.004357
0.005073
0.013332
0.002081
0.001756
0.003642
0.010341
0.001496
0.001171
0.005073
0.004162
0.003317
0.004227
0.010666
0.004748
0.001431
0.001691
0.003707
0.005723
0.001496
0.000845
0.002601
0.002341
0.003057
0.001951
0.008455
0.003577
0.001301
0.000715
0.004488
0.001821
0.003252
0.001496
0.004683
0.004162
0.002211
0.001171
0.003187
0.005398
0.001171
0.000585
0.006243
0.003382
0.002471
0.002536
0.005658
0.003447
0.001431
0.001496
0.002666
0.002927
0.000976
0.001236
0.001756
0.005073
0.001561
0.003837
0.004032
0.006048
0.000520
0.001951
0.002536
0.002276
0.001626
0.003577
0.004292
0.011511
0.002016
0.002276
0.003967
0.005918
0.001366
0.002081
0.002341
0.004553
0.001236
0.003512
0.006113
0.003447
0.000715
0.000845
0.002536
0.007024
0.000780
0.001301
0.002732
0.004488
0.001951
0.003122
0.008780
0.005853
0.001626
0.001171
0.004097
0.002862
0.003187
0.002146
0.006569
0.007674
0.001951
0.001756
0.003057
0.006959
0.001106
0.002016
0.002666
0.003512
0.001626
0.002666
0.008975
0.003902
0.000715
0.001691
0.003252
0.002536
0.001236
0.001041
0.004422
0.007544
0.002927
0.004943
0.009430
0.006048
0.001821
0.001301
0.004227
0.002927
0.002016
0.002797
0.004032
0.009755
0.002666
0.003252
0.004488
0.013267
0.001886
0.002146
0.003772
0.003382
0.002862
0.002666
0.013267
0.004748
0.001626
0.002016
0.002406
0.003447
0.002081
0.001626
0.002341
0.002732
0.003642
0.001626
0.006439
0.003642
0.001236
0.000780
0.007479
0.002666
0.002081
0.001041
0.003382
0.006113
0.002797
0.001236
0.004162
0.004162
0.000911
0.000585
0.005203
0.001821
0.002732
0.001756
0.005788
0.003057
0.001171
0.001106
0.002081
0.002927
0.001041
0.001041
0.002081
0.006504
0.001106
0.002471
0.005593
0.005398
0.001496
0.002211
0.002406
0.003577
0.001886
0.002406
0.003382
0.006764
0.000976
0.003187
0.002927
0.008195
0.000976
0.000911
0.002992
0.003317
0.001236
0.002927
0.004422
0.004357
0.000911
0.000845
0.001366
0.004422
0.000911
0.000911
0.002862
0.002927
0.002146
0.003187
0.008715
0.004227
0.001561
0.001561
0.002536
0.002601
0.001886
0.002536
0.004032
0.007804
0.002797
0.001886
0.005528
0.005528
0.001691
0.001106
0.004683
0.002406
0.001821
0.003252
0.006243
0.004162
0.001106
0.001821
0.002797
0.004162
