0.116350
0.001626
0.004748
0.004292
0.002146
0.003122
0.008910
0.004292
0.001041
0.002146
0.004748
0.004488
0.003187
0.004162
0.003902
0.009040
0.003057
0.002471
0.003447
0.008520
0.001561
0.001366
0.005398
0.005658
0.001366
0.003252
0.006569
0.002732
0.001691
0.002406
0.005268
0.005203
0.004422
0.000976
0.004032
0.003447
0.004553
0.001301
0.006634
0.002341
0.001496
0.002666
0.005723
0.002471
0.004683
0.001561
0.004878
0.002276
0.003707
0.001301
0.003382
0.002406
0.002536
0.002341
0.008650
0.003837
0.002341
0.001886
0.004292
0.001886
0.007479
0.002406
0.004357
0.003317
0.002927
0.002341
0.002471
0.006894
0.001106
0.005983
0.001756
0.006048
0.001236
0.004813
0.003187
0.003577
0.001366
0.006439
0.002146
0.006959
0.001821
0.003577
0.002146
0.005008
0.002471
0.007999
0.003057
0.003317
0.000650
0.004683
0.002601
0.003512
0.002081
0.003057
0.003967
0.008325
0.003967
0.002146
0.001301
0.003122
0.002992
0.005918
0.002276
0.004683
0.001301
0.003707
0.001886
0.002666
0.006634
0.003447
0.003447
0.003837
0.004032
0.003057
0.002211
0.004357
0.003382
0.004878
0.001821
0.002081
0.001756
0.004813
0.002992
0.002081
0.005398
0.003707
0.002732
0.002276
0.001821
0.002146
0.003707
0.006764
0.001626
0.003512
0.006764
0.002666
0.000911
0.002081
0.005853
0.004618
0.003057
0.003772
0.002992
0.006699
0.001431
0.002536
0.003447
0.007934
0.001366
0.002081
0.004813
0.003967
0.001496
0.002536
0.007739
0.005008
0.001821
0.002211
0.005398
0.005398
0.006178
0.001886
0.004162
0.002666
0.002601
0.001886
0.004357
0.002081
0.002211
0.002341
0.009040
0.002732
0.004097
0.001496
0.004292
0.002471
0.003447
0.001626
0.004227
0.001886
0.002081
0.002666
0.006309
0.001626
0.002276
0.000715
0.005853
0.002536
0.004227
0.001626
0.003512
0.004032
0.001886
0.003707
0.002927
0.006829
0.001041
0.003707
0.002211
0.003642
0.002016
0.006569
0.002341
0.004097
0.001821
0.004553
0.001496
0.005723
0.000976
0.003707
0.001496
0.004878
0.001496
0.004488
0.003057
0.004227
0.000911
0.004748
0.001756
0.006178
0.003317
0.002992
0.003382
0.005788
0.006309
0.003447
0.001236
0.001951
0.002146
0.004943
0.003122
0.003122
0.003122
0.003707
0.001366
0.002471
0.004227
0.002992
0.001691
0.004683
0.005723
0.002992
0.003057
0.003447
0.002341
0.003577
0.002797
0.002081
0.002211
0.006699
0.001886
0.003317
0.004032
0.002081
0.001756
0.002016
