0.126041
0.001561
0.004162
0.005008
0.002666
0.002992
0.008390
0.003707
0.001431
0.001951
0.005658
0.003837
0.002406
0.002016
0.003057
0.009755
0.002406
0.001691
0.002601
0.007349
0.001691
0.001691
0.009300
0.005788
0.001106
0.002862
0.006309
0.002016
0.001951
0.001496
0.004748
0.007414
0.004553
0.001431
0.004097
0.004748
0.002471
0.000911
0.006764
0.001821
0.001951
0.002732
0.007349
0.003187
0.004748
0.001821
0.003967
0.002276
0.003057
0.000715
0.003187
0.003577
0.002471
0.002146
0.011967
0.004227
0.001756
0.002016
0.003187
0.002732
0.010016
0.001431
0.004292
0.004357
0.003057
0.001886
0.002797
0.007674
0.001301
0.006243
0.002732
0.005008
0.001691
0.004813
0.003512
0.003512
0.001106
0.002992
0.001821
0.007284
0.001821
0.002341
0.002471
0.005528
0.001951
0.010276
0.004422
0.004292
0.000845
0.002862
0.003252
0.003317
0.002536
0.002927
0.003902
0.008845
0.002276
0.001106
0.002016
0.003122
0.001496
0.006504
0.002471
0.004097
0.001041
0.001951
0.003252
0.002927
0.004683
0.001496
0.003512
0.003122
0.003122
0.001951
0.002211
0.003512
0.001561
0.004553
0.002601
0.002471
0.001366
0.003642
0.002471
0.002341
0.005658
0.003317
0.003122
0.002862
0.001431
0.000976
0.004943
0.007284
0.001496
0.003057
0.005983
0.003382
0.001106
0.001236
0.007674
0.004878
0.002797
0.002797
0.002797
0.007349
0.001691
0.002146
0.001951
0.008130
0.001366
0.001886
0.006048
0.003772
0.001496
0.001756
0.007869
0.003902
0.002276
0.001496
0.003902
0.005463
0.006113
0.002081
0.003577
0.004097
0.001561
0.002211
0.004292
0.002732
0.002927
0.001301
0.011967
0.003122
0.003577
0.001301
0.003772
0.003577
0.003057
0.000780
0.004162
0.002536
0.001756
0.002797
0.006699
0.003577
0.002666
0.001236
0.005333
0.002471
0.005398
0.001691
0.003837
0.005398
0.002276
0.002146
0.003122
0.010601
0.001366
0.005593
0.002862
0.004097
0.002276
0.008585
0.005138
0.003577
0.001236
0.002211
0.002601
0.005463
0.001301
0.003057
0.001951
0.006048
0.001756
0.004357
0.003252
0.003642
0.001366
0.004357
0.002081
0.004357
0.002732
0.002081
0.004162
0.007219
0.003382
0.000976
0.002081
0.002276
0.000911
0.004292
0.002992
0.002341
0.001756
0.002341
0.002536
0.003317
0.003187
0.001496
0.003122
0.002992
0.003447
0.001561
0.002732
0.003837
0.001106
0.002601
0.002666
0.003122
0.002016
0.004813
0.001886
0.003057
0.004032
0.001821
0.003317
0.003317
