0.136251
0.003447
0.002081
0.003772
0.003707
0.004227
0.004162
0.003707
0.002992
0.004097
0.002406
0.002146
0.004097
0.006048
0.002081
0.004553
0.005203
0.003707
0.002211
0.004032
0.002471
0.003122
0.003382
0.002666
0.002081
0.003902
0.003837
0.004422
0.002276
0.003252
0.002406
0.003317
0.003967
0.002601
0.001756
0.003642
0.003707
0.003642
0.003122
0.002927
0.003837
0.003837
0.003382
0.003122
0.004292
0.003252
0.001691
0.002992
0.004488
0.003187
0.002016
0.003642
0.002211
0.003967
0.004162
0.003707
0.002016
0.004748
0.002471
0.003187
0.005463
0.003902
0.001626
0.003057
0.004422
0.002862
0.002406
0.005268
0.002601
0.003447
0.002016
0.002666
0.002797
0.005463
0.004162
0.003382
0.002406
0.004422
0.002471
0.004422
0.003642
0.002666
0.003252
0.003447
0.003577
0.004878
0.002536
0.002341
0.002797
0.004162
0.003967
0.002992
0.002732
0.002341
0.003252
0.004422
0.002992
0.002666
0.002211
0.003902
0.002862
0.005398
0.002666
0.004878
0.003252
0.004032
0.004162
0.003317
0.004943
0.003317
0.002341
0.004162
0.004618
0.003447
0.002341
0.004618
0.003252
0.003512
0.002601
0.003447
0.002797
0.004813
0.003447
0.003252
0.004357
0.002862
0.002211
0.002341
0.002146
0.003187
0.001951
0.004357
0.003512
0.003902
0.003122
0.003967
0.002862
0.002146
0.002601
0.003447
0.004813
0.004683
0.002276
0.004357
0.002146
0.003577
0.002341
0.005463
0.003317
0.004488
0.003577
0.002797
0.001951
0.003902
0.003772
0.004097
0.003382
0.003447
0.002536
0.002666
0.006634
0.003252
0.001626
0.001496
0.002406
0.004032
0.002211
0.003837
0.002797
0.002666
0.005853
0.002471
0.002797
0.003447
0.002341
0.003837
0.003512
0.003772
0.001756
0.002927
0.003122
0.004748
0.003252
0.003642
0.002146
0.003317
0.002666
0.003057
0.003902
0.004032
0.001431
0.003967
0.002992
0.003707
0.001951
0.005268
0.002797
0.003577
0.003122
0.002992
0.002732
0.006309
0.002276
0.002146
0.003122
0.003187
0.003122
0.003707
0.003057
0.003382
0.002601
0.003577
0.004162
0.004422
0.004097
0.003252
0.002406
0.004618
0.002732
0.003317
0.005008
0.003057
0.003252
0.004227
0.005073
0.002732
0.002276
0.002081
0.002797
0.005268
0.004162
0.004878
0.002732
0.003837
0.002341
0.002862
0.004813
0.003772
0.002601
0.004227
0.006634
0.004032
0.001886
0.003837
0.002797
0.003317
0.002862
0.002211
0.002862
0.006504
0.003317
0.003512
0.002862
0.002992
0.002992
0.004097
