0.133910
0.002406
0.002471
0.004422
0.003447
0.004422
0.006764
0.004292
0.002471
0.003187
0.004618
0.003837
0.003447
0.003772
0.004032
0.007349
0.003382
0.002276
0.002601
0.006504
0.002016
0.002406
0.004488
0.004488
0.001951
0.004292
0.006374
0.002146
0.001691
0.002211
0.003317
0.002992
0.005593
0.001691
0.003252
0.004422
0.002276
0.001431
0.004032
0.002341
0.001301
0.002276
0.007674
0.002732
0.002471
0.002211
0.003122
0.002797
0.002536
0.001171
0.002471
0.005463
0.001756
0.003512
0.007219
0.004292
0.002081
0.002992
0.003447
0.003837
0.005853
0.003382
0.002732
0.003382
0.003382
0.001821
0.002992
0.007479
0.001886
0.004292
0.002276
0.003447
0.002211
0.003577
0.003707
0.002601
0.001431
0.002406
0.002406
0.004292
0.002797
0.001561
0.003512
0.003382
0.003252
0.004488
0.003317
0.003512
0.001821
0.003317
0.004488
0.003187
0.003512
0.001691
0.006048
0.006894
0.002666
0.001821
0.002862
0.004292
0.001951
0.006309
0.004292
0.004357
0.001366
0.002536
0.004422
0.003642
0.005723
0.001756
0.004878
0.004162
0.003252
0.001756
0.002601
0.004683
0.002732
0.003642
0.002341
0.002927
0.001496
0.004227
0.003512
0.002992
0.003642
0.002406
0.002016
0.002471
0.002016
0.002016
0.002797
0.006374
0.002601
0.004292
0.004878
0.002601
0.002406
0.002016
0.004227
0.003902
0.002797
0.003512
0.002992
0.005268
0.002732
0.002341
0.003317
0.008780
0.002146
0.002406
0.003057
0.003837
0.002081
0.002992
0.009170
0.003512
0.002797
0.002471
0.003837
0.004813
0.007219
0.002016
0.003577
0.003772
0.002406
0.003122
0.002992
0.002406
0.002211
0.001366
0.010796
0.003837
0.002797
0.001301
0.002666
0.003837
0.003317
0.001821
0.003512
0.003057
0.002081
0.002406
0.004097
0.004618
0.001626
0.002211
0.003772
0.003772
0.003382
0.002406
0.002992
0.005788
0.002992
0.001886
0.003382
0.007999
0.001691
0.002732
0.003837
0.002666
0.002732
0.008195
0.003187
0.004357
0.002601
0.002146
0.002406
0.003642
0.001756
0.001886
0.003642
0.005268
0.002211
0.003447
0.005268
0.003252
0.002016
0.003447
0.003187
0.003382
0.004488
0.002016
0.003902
0.004488
0.005333
0.001756
0.002276
0.003642
0.002797
0.004162
0.004162
0.003642
0.001561
0.004683
0.001626
0.002341
0.002927
0.001951
0.003122
0.004683
0.005658
0.002081
0.003642
0.004488
0.002471
0.001951
0.002927
0.002146
0.002016
0.006764
0.003512
0.003642
0.003317
0.002341
0.002601
0.003057
