0.141259
0.001951
0.003057
0.003902
0.003252
0.003252
0.004618
0.001951
0.002146
0.003772
0.002992
0.002666
0.003122
0.004878
0.002601
0.004943
0.003512
0.001691
0.002992
0.004553
0.002536
0.002276
0.003967
0.004032
0.002536
0.003772
0.004813
0.002797
0.002406
0.002732
0.004162
0.003967
0.005268
0.002341
0.003772
0.005073
0.002406
0.002211
0.003772
0.002471
0.002927
0.004748
0.006309
0.003057
0.002927
0.002081
0.002992
0.002016
0.002927
0.002927
0.001951
0.003902
0.003447
0.003772
0.007479
0.005398
0.002406
0.003317
0.003707
0.003057
0.004943
0.003252
0.003252
0.003967
0.004683
0.002862
0.003447
0.006178
0.002146
0.003707
0.002732
0.003122
0.002862
0.006113
0.003577
0.002341
0.001756
0.002146
0.002732
0.003057
0.003382
0.001041
0.002927
0.003382
0.004032
0.006374
0.003902
0.002862
0.002211
0.002862
0.004683
0.002276
0.004227
0.002927
0.005593
0.005853
0.003512
0.003057
0.004488
0.004748
0.002276
0.003967
0.002601
0.003382
0.002601
0.003057
0.004553
0.003772
0.004813
0.002341
0.003707
0.002536
0.004422
0.001821
0.002536
0.003642
0.003122
0.002927
0.002732
0.002666
0.002081
0.004553
0.003187
0.002536
0.003512
0.002276
0.003122
0.002211
0.003187
0.002666
0.003447
0.005658
0.003187
0.003967
0.004813
0.002601
0.002406
0.003317
0.003642
0.003772
0.003902
0.002862
0.003642
0.004422
0.002146
0.001496
0.002146
0.004553
0.002666
0.001886
0.003967
0.003187
0.001756
0.002601
0.005073
0.001496
0.002797
0.002601
0.003252
0.003577
0.006829
0.002536
0.004097
0.003967
0.003317
0.002927
0.002536
0.002471
0.003382
0.002732
0.007804
0.002992
0.003252
0.003317
0.002797
0.003642
0.002536
0.002146
0.003642
0.002601
0.002471
0.005658
0.005073
0.005073
0.001561
0.002146
0.002862
0.002732
0.004683
0.003772
0.004488
0.005008
0.004032
0.004422
0.003122
0.006894
0.002797
0.002666
0.003902
0.003122
0.002471
0.008520
0.002211
0.003187
0.002732
0.002341
0.002732
0.002992
0.002536
0.002601
0.002471
0.002536
0.003642
0.003642
0.004553
0.002666
0.001431
0.002601
0.002016
0.002016
0.005593
0.003122
0.004943
0.005138
0.004488
0.002016
0.003317
0.002797
0.002471
0.003057
0.004032
0.003642
0.002341
0.002666
0.002666
0.003577
0.003317
0.001496
0.003252
0.004162
0.005463
0.002471
0.001821
0.001691
0.002927
0.003122
0.004422
0.003707
0.003057
0.004878
0.002276
0.002276
0.003382
0.001886
0.003772
0.004227
