0.124545
0.002276
0.003512
0.004553
0.002536
0.003252
0.010406
0.003317
0.001691
0.003057
0.004162
0.002341
0.001821
0.002536
0.003447
0.007284
0.002471
0.001561
0.002211
0.005138
0.002211
0.002211
0.007934
0.005138
0.001431
0.004683
0.007349
0.001886
0.001431
0.002406
0.005268
0.005983
0.005138
0.002146
0.002666
0.003317
0.003057
0.001951
0.008390
0.002276
0.001691
0.003902
0.005918
0.002146
0.004553
0.002536
0.005138
0.001821
0.002992
0.001951
0.002536
0.002406
0.002666
0.003252
0.008065
0.002992
0.002016
0.002927
0.005658
0.001886
0.007154
0.002862
0.002992
0.002927
0.003577
0.002862
0.002016
0.004878
0.001691
0.007024
0.001756
0.004553
0.001561
0.007154
0.003512
0.002081
0.001561
0.004488
0.001821
0.004943
0.001561
0.002666
0.002016
0.003122
0.002927
0.009560
0.003967
0.003317
0.001561
0.006048
0.003512
0.000976
0.002406
0.003252
0.004357
0.007154
0.004553
0.003187
0.002341
0.002016
0.002927
0.008520
0.002601
0.002601
0.001691
0.005918
0.003122
0.001366
0.005398
0.002471
0.002992
0.002406
0.003967
0.001886
0.001236
0.002927
0.002732
0.006959
0.001561
0.002146
0.001626
0.006439
0.004943
0.001561
0.004878
0.004227
0.002146
0.002406
0.001301
0.002471
0.004488
0.006178
0.001951
0.004878
0.006504
0.002797
0.000911
0.001951
0.004943
0.003902
0.002406
0.002016
0.002992
0.005333
0.001561
0.001236
0.002992
0.005853
0.001496
0.003252
0.005203
0.003382
0.001496
0.002666
0.009495
0.002992
0.001691
0.002146
0.003772
0.005008
0.007739
0.002797
0.003122
0.001821
0.002536
0.002406
0.006178
0.001756
0.001626
0.002927
0.009820
0.001951
0.002732
0.001951
0.003512
0.002081
0.003642
0.001301
0.003967
0.001301
0.001821
0.004813
0.006048
0.002081
0.002797
0.001951
0.007999
0.001756
0.004488
0.002601
0.002666
0.003317
0.003057
0.003122
0.003642
0.006374
0.001366
0.005853
0.003122
0.002471
0.003252
0.010016
0.002146
0.002016
0.001821
0.002927
0.001431
0.003707
0.001041
0.003187
0.002341
0.002927
0.002016
0.007024
0.003772
0.002081
0.001041
0.006048
0.002406
0.002406
0.003187
0.003707
0.002211
0.004813
0.006829
0.003187
0.001691
0.001951
0.001886
0.006894
0.004943
0.001821
0.002862
0.005398
0.001821
0.001366
0.003512
0.002081
0.002211
0.003317
0.006178
0.002406
0.002666
0.001691
0.002146
0.006699
0.003252
0.001626
0.002862
0.007349
0.002601
0.002211
0.003967
0.002862
0.001951
0.002862
