0.121228
0.003642
0.003707
0.004553
0.001626
0.003772
0.006959
0.004097
0.001691
0.005138
0.004357
0.003577
0.001821
0.003252
0.002666
0.007674
0.002406
0.003187
0.002601
0.006569
0.000911
0.002211
0.004943
0.003707
0.001171
0.004683
0.004553
0.003577
0.001236
0.003317
0.004162
0.004813
0.002992
0.003317
0.003902
0.003642
0.000715
0.001951
0.004032
0.003252
0.001431
0.004943
0.004422
0.004878
0.001951
0.001951
0.004032
0.002666
0.001756
0.002862
0.002536
0.004032
0.000650
0.003577
0.006178
0.004943
0.000780
0.004748
0.003057
0.004032
0.003577
0.004422
0.002992
0.004162
0.003382
0.004618
0.002406
0.007739
0.001171
0.006569
0.002276
0.004227
0.002146
0.005203
0.003577
0.004683
0.001301
0.003512
0.002406
0.006243
0.002276
0.002862
0.002471
0.004553
0.002666
0.008910
0.003902
0.004683
0.001756
0.005918
0.003902
0.004618
0.002081
0.004032
0.004097
0.006894
0.001236
0.002992
0.002797
0.004292
0.000845
0.007609
0.002016
0.004813
0.001236
0.004618
0.003577
0.002732
0.004292
0.003837
0.003057
0.003447
0.002797
0.003967
0.002081
0.003447
0.000976
0.004227
0.001496
0.004032
0.000390
0.005333
0.003707
0.003967
0.002081
0.004357
0.001756
0.003057
0.001106
0.003577
0.002601
0.005333
0.001106
0.004553
0.005723
0.004488
0.000911
0.003317
0.003512
0.002601
0.002666
0.004618
0.002992
0.005203
0.001431
0.003057
0.003252
0.007609
0.001821
0.004943
0.003772
0.003447
0.000585
0.002536
0.005008
0.003317
0.001561
0.003772
0.003057
0.005333
0.004162
0.004748
0.003902
0.003252
0.000780
0.003577
0.004097
0.003967
0.001626
0.002992
0.006569
0.003187
0.001171
0.002732
0.001756
0.003902
0.001821
0.002927
0.002666
0.003317
0.000976
0.005723
0.005138
0.005463
0.000911
0.002927
0.003057
0.003837
0.002341
0.004227
0.002862
0.005788
0.001106
0.003707
0.003447
0.008130
0.001691
0.004878
0.003707
0.003122
0.001431
0.008715
0.002666
0.004227
0.001691
0.003317
0.001886
0.003642
0.000780
0.003902
0.002471
0.005463
0.001886
0.007219
0.005203
0.003512
0.000976
0.004683
0.002406
0.004097
0.002992
0.003577
0.004488
0.007024
0.002992
0.003122
0.002406
0.003057
0.001301
0.005788
0.003447
0.004488
0.000715
0.003707
0.002536
0.003057
0.001756
0.003382
0.002471
0.004032
0.003577
0.003382
0.002732
0.003057
0.001626
0.004813
0.003512
0.003642
0.000780
0.008260
0.002341
0.003837
0.001626
0.003122
0.001886
0.003967
