0.104514
0.001626
0.005918
0.005203
0.002601
0.002341
0.011251
0.004292
0.001236
0.002276
0.007154
0.004943
0.001756
0.002016
0.004683
0.008195
0.001821
0.001821
0.004943
0.006309
0.001821
0.001171
0.009495
0.006048
0.000845
0.003057
0.009105
0.002666
0.001366
0.001886
0.009560
0.008780
0.004422
0.001366
0.004748
0.003187
0.002211
0.001106
0.007479
0.001691
0.001561
0.002471
0.008780
0.001626
0.004032
0.001106
0.005853
0.001756
0.002341
0.001106
0.003512
0.002406
0.001236
0.002276
0.009886
0.004292
0.001366
0.002211
0.006634
0.001951
0.007154
0.002276
0.006178
0.003902
0.003252
0.002276
0.003447
0.005983
0.001496
0.005983
0.002666
0.003902
0.001106
0.003317
0.004357
0.002016
0.001431
0.002862
0.003187
0.008325
0.001951
0.001756
0.002666
0.005008
0.001626
0.005853
0.003772
0.003837
0.000585
0.003577
0.003447
0.002927
0.002276
0.002146
0.005658
0.007284
0.002341
0.001756
0.002406
0.001886
0.002016
0.006829
0.003707
0.002862
0.001106
0.002406
0.003252
0.001496
0.005788
0.002146
0.003707
0.002927
0.003837
0.002146
0.002471
0.003642
0.003642
0.004292
0.002471
0.001821
0.000911
0.005008
0.005008
0.001431
0.006048
0.002406
0.003187
0.002276
0.000780
0.001691
0.008585
0.008975
0.001561
0.003122
0.008650
0.002862
0.001496
0.001496
0.011381
0.004943
0.002211
0.002016
0.004032
0.005203
0.002016
0.000976
0.004357
0.007999
0.000911
0.001886
0.007869
0.004813
0.001301
0.001691
0.010926
0.003577
0.001236
0.001756
0.006894
0.006699
0.005983
0.001561
0.006439
0.003382
0.001496
0.002016
0.006959
0.002536
0.001626
0.002081
0.011251
0.002471
0.002406
0.000976
0.004357
0.002406
0.002016
0.000845
0.006178
0.001691
0.000650
0.003057
0.006959
0.003252
0.001561
0.001821
0.006634
0.002081
0.003577
0.001821
0.005203
0.003707
0.001756
0.001821
0.004227
0.008195
0.001561
0.002732
0.003512
0.004162
0.001366
0.007739
0.003707
0.003967
0.001561
0.001886
0.002146
0.004162
0.000976
0.001951
0.002211
0.006178
0.001171
0.003902
0.004032
0.002732
0.000976
0.004878
0.002666
0.003577
0.002862
0.001886
0.003967
0.006243
0.004422
0.002471
0.002666
0.002081
0.000976
0.004357
0.004943
0.001756
0.001301
0.003122
0.002992
0.001886
0.003122
0.001756
0.002081
0.002797
0.005593
0.001886
0.003512
0.002211
0.002146
0.002471
0.002992
0.001756
0.001756
0.007609
0.003382
0.001821
0.003967
0.002862
0.002666
0.002992
