0.101182
0.002284
0.002687
0.003762
0.003762
0.001747
0.006719
0.002352
0.002284
0.002486
0.003158
0.003292
0.003292
0.002755
0.003561
0.006786
0.003762
0.002419
0.002553
0.004837
0.002889
0.002217
0.004300
0.003225
0.003628
0.004501
0.006920
0.002687
0.003091
0.002755
0.003292
0.003426
0.006383
0.003225
0.002620
0.003830
0.005241
0.001948
0.004636
0.002755
0.002217
0.003762
0.007055
0.005308
0.006450
0.002486
0.004098
0.002755
0.004300
0.002486
0.003426
0.002822
0.003091
0.002620
0.008533
0.003359
0.003695
0.002956
0.004031
0.002889
0.005241
0.002822
0.003091
0.002150
0.003762
0.003292
0.003628
0.005039
0.002620
0.004098
0.002755
0.002956
0.003292
0.004166
0.004837
0.004501
0.003628
0.003091
0.003292
0.004434
0.003359
0.001680
0.002822
0.002687
0.003762
0.007390
0.003964
0.002889
0.003359
0.002687
0.003762
0.003091
0.002889
0.003023
0.003494
0.006987
0.002956
0.002150
0.003158
0.003225
0.003964
0.006920
0.003292
0.003225
0.002956
0.002620
0.004837
0.003091
0.006651
0.002150
0.003158
0.002352
0.006181
0.001948
0.001814
0.003292
0.004367
0.004300
0.002687
0.002419
0.003158
0.004905
0.003225
0.002687
0.003359
0.002956
0.003359
0.002553
0.002284
0.002553
0.003023
0.003494
0.003225
0.004905
0.005778
0.002217
0.002687
0.002620
0.003225
0.002217
0.004166
0.002352
0.002822
0.004905
0.002687
0.002553
0.001747
0.006114
0.002620
0.002822
0.004098
0.003359
0.002687
0.001747
0.007928
0.001478
0.004300
0.002150
0.002687
0.003561
0.006450
0.003091
0.002553
0.002217
0.002755
0.003359
0.004972
0.003091
0.002352
0.002284
0.010615
0.002553
0.005173
0.001881
0.003091
0.003292
0.003897
0.001948
0.002889
0.002620
0.002822
0.004905
0.006517
0.004434
0.003091
0.002150
0.002956
0.001948
0.004501
0.002755
0.003023
0.004703
0.002083
0.003091
0.003964
0.007928
0.003225
0.002956
0.004569
0.002217
0.002419
0.009742
0.003561
0.002687
0.004031
0.002284
0.002620
0.003359
0.002620
0.002217
0.003023
0.002755
0.003158
0.004434
0.006383
0.004367
0.002755
0.002016
0.002217
0.001814
0.002755
0.003292
0.003830
0.004166
0.005375
0.001209
0.003561
0.001881
0.003158
0.004098
0.004837
0.002486
0.002889
0.004770
0.003023
0.002083
0.005912
0.002083
0.003561
0.003897
0.006920
0.001948
0.002620
0.002553
0.002150
0.003023
0.004031
0.003292
0.003292
0.006316
0.002822
0.002217
0.003359
0.003695
0.002755
0.003695
