0.083042
0.001747
0.001680
0.006181
0.004569
0.001680
0.008936
0.002083
0.001814
0.001948
0.003023
0.002553
0.003158
0.003359
0.002553
0.009003
0.004098
0.001209
0.002284
0.005509
0.002486
0.001142
0.006316
0.003964
0.001814
0.002150
0.006181
0.001411
0.003292
0.002956
0.003964
0.009406
0.008801
0.002016
0.001344
0.008264
0.006786
0.001075
0.010414
0.002016
0.002687
0.001411
0.005778
0.002217
0.010279
0.001545
0.004837
0.001142
0.004367
0.001142
0.002150
0.002083
0.004770
0.003158
0.010279
0.003023
0.002687
0.002016
0.004703
0.001545
0.011556
0.004233
0.003695
0.003830
0.007189
0.003762
0.000873
0.007256
0.002419
0.002352
0.001478
0.001948
0.002687
0.004031
0.004166
0.002284
0.002486
0.002822
0.001680
0.002419
0.002553
0.002284
0.000739
0.002620
0.004233
0.007256
0.003225
0.001948
0.002083
0.002217
0.002150
0.001209
0.007055
0.006383
0.003091
0.010011
0.010011
0.003426
0.000941
0.003561
0.005375
0.006181
0.003695
0.001680
0.003426
0.001680
0.002083
0.001209
0.012295
0.004569
0.003292
0.001747
0.006517
0.002083
0.001545
0.003897
0.006651
0.005778
0.002284
0.001277
0.004031
0.003091
0.005845
0.001277
0.009473
0.005308
0.002284
0.002553
0.002083
0.002016
0.002687
0.004636
0.002553
0.002217
0.005778
0.001411
0.001209
0.001209
0.003494
0.002822
0.005576
0.001411
0.002822
0.005308
0.002889
0.002419
0.002419
0.008533
0.002083
0.001814
0.004098
0.003561
0.002150
0.001277
0.007390
0.001344
0.003964
0.001881
0.002352
0.006047
0.010951
0.003225
0.001881
0.004233
0.003964
0.001881
0.008264
0.001680
0.003695
0.002217
0.009137
0.003494
0.007726
0.002284
0.002016
0.003292
0.003628
0.000941
0.002150
0.001209
0.003628
0.002755
0.005912
0.001881
0.001881
0.001075
0.003897
0.001612
0.007928
0.001747
0.002150
0.008600
0.003762
0.003494
0.002486
0.008264
0.002150
0.002217
0.002150
0.001747
0.003091
0.007458
0.002083
0.002687
0.003292
0.001680
0.001814
0.002956
0.003023
0.002620
0.001344
0.003225
0.003292
0.005375
0.004031
0.001680
0.002150
0.001680
0.001478
0.001478
0.007055
0.002822
0.001478
0.006987
0.007861
0.003359
0.001209
0.001478
0.002889
0.004367
0.005644
0.001008
0.003628
0.001747
0.000806
0.000873
0.006920
0.002150
0.001545
0.003762
0.009473
0.001344
0.002016
0.001142
0.004434
0.003628
0.003225
0.000739
0.003426
0.005576
0.003762
0.001814
0.010145
0.003628
0.001209
0.002419
