0.089089
0.002486
0.003695
0.005173
0.002486
0.002889
0.009205
0.004098
0.001814
0.002889
0.003292
0.002755
0.002553
0.002486
0.004367
0.008801
0.003359
0.001612
0.002822
0.004233
0.002620
0.002217
0.011825
0.005375
0.001814
0.005442
0.002956
0.003494
0.001209
0.002352
0.004569
0.012698
0.005375
0.002956
0.001881
0.004770
0.003426
0.002553
0.005644
0.002419
0.001680
0.005173
0.004098
0.001545
0.003897
0.002486
0.003292
0.001948
0.003023
0.001209
0.002889
0.003023
0.003561
0.003830
0.010414
0.003091
0.001680
0.003225
0.003091
0.001948
0.009473
0.004434
0.003561
0.004031
0.004569
0.004501
0.001948
0.004031
0.002284
0.007323
0.001209
0.004972
0.002083
0.006114
0.004569
0.001478
0.001612
0.002352
0.001680
0.006047
0.003091
0.002620
0.002284
0.003225
0.002620
0.012161
0.004031
0.003359
0.001478
0.003695
0.002284
0.002217
0.002352
0.004166
0.002687
0.009137
0.004434
0.003964
0.001948
0.003292
0.003023
0.012026
0.002486
0.002553
0.001814
0.005845
0.001612
0.001747
0.008667
0.002956
0.002150
0.002486
0.003830
0.001478
0.001680
0.004501
0.003897
0.008869
0.002284
0.002284
0.001881
0.007861
0.002822
0.002083
0.005308
0.005509
0.001948
0.002217
0.001411
0.001545
0.002822
0.005912
0.001277
0.006853
0.005509
0.003158
0.001277
0.001612
0.003359
0.003628
0.004233
0.001545
0.003494
0.006047
0.001344
0.002016
0.002284
0.004905
0.000941
0.003359
0.005778
0.004166
0.002755
0.002352
0.004837
0.002755
0.003091
0.002352
0.004703
0.007189
0.006853
0.002755
0.002889
0.003158
0.002217
0.003762
0.002284
0.001814
0.002150
0.002889
0.008264
0.003494
0.003830
0.001747
0.003762
0.003158
0.001948
0.001680
0.002217
0.002083
0.002083
0.005308
0.004367
0.001747
0.002620
0.001545
0.001478
0.001277
0.005980
0.002889
0.003091
0.005778
0.001881
0.003225
0.002755
0.007390
0.001545
0.007256
0.002553
0.003494
0.002150
0.009944
0.004031
0.001545
0.002755
0.002687
0.001680
0.004098
0.001881
0.002150
0.002016
0.001478
0.001747
0.008533
0.005173
0.001948
0.001209
0.003426
0.001478
0.001948
0.006920
0.004233
0.002822
0.006987
0.003292
0.003494
0.001344
0.002486
0.002150
0.008264
0.003628
0.001881
0.002016
0.005644
0.001142
0.001478
0.003762
0.001612
0.002352
0.004972
0.004703
0.002419
0.001747
0.001545
0.003091
0.006987
0.002889
0.001747
0.002419
0.010279
0.002083
0.001881
0.004905
0.005106
0.002352
0.003830
