0.140352
0.002083
0.003628
0.002217
0.002620
0.002284
0.009473
0.003225
0.000941
0.003494
0.004569
0.002352
0.001612
0.002889
0.002889
0.005106
0.003158
0.001411
0.003359
0.003225
0.002553
0.002352
0.006920
0.002419
0.001680
0.004569
0.005308
0.001881
0.001881
0.002150
0.004703
0.005442
0.004703
0.002620
0.003830
0.003292
0.003158
0.002284
0.007122
0.001411
0.001411
0.004636
0.005442
0.002687
0.005845
0.002889
0.003561
0.001747
0.003158
0.002419
0.003494
0.002083
0.003292
0.003091
0.009608
0.002352
0.002150
0.003023
0.003695
0.001612
0.007525
0.004703
0.006316
0.002553
0.004166
0.004703
0.002083
0.004300
0.002486
0.006114
0.001612
0.002419
0.001142
0.007525
0.004233
0.002687
0.001612
0.005039
0.001075
0.004367
0.001948
0.001747
0.001814
0.001747
0.003292
0.011825
0.004703
0.003225
0.001209
0.003561
0.002486
0.002352
0.001948
0.006517
0.003964
0.007726
0.002956
0.003561
0.001747
0.002284
0.002016
0.011220
0.003359
0.001747
0.001478
0.004905
0.002352
0.001411
0.008398
0.002352
0.002889
0.002284
0.003561
0.001612
0.002419
0.002217
0.003292
0.008197
0.002620
0.001680
0.001881
0.005644
0.005644
0.002016
0.004233
0.005173
0.002755
0.001612
0.001814
0.002284
0.004098
0.003426
0.001680
0.004972
0.006047
0.002016
0.001814
0.001277
0.006181
0.001814
0.003426
0.002956
0.003158
0.003695
0.001075
0.002284
0.001948
0.003292
0.001881
0.003225
0.006047
0.002284
0.001814
0.001209
0.008062
0.002687
0.001680
0.002083
0.003964
0.004367
0.004367
0.003158
0.004434
0.002553
0.002284
0.004501
0.004905
0.001612
0.001277
0.002419
0.011892
0.003225
0.004300
0.002016
0.003359
0.001881
0.000873
0.001612
0.002755
0.001277
0.001411
0.006584
0.006450
0.002822
0.002016
0.001612
0.004098
0.001411
0.005308
0.002889
0.004233
0.003225
0.001680
0.003897
0.002620
0.006047
0.001948
0.005442
0.002687
0.002016
0.002352
0.012631
0.002956
0.002217
0.002217
0.002486
0.002620
0.002956
0.001008
0.002687
0.001209
0.001209
0.002016
0.008734
0.005308
0.002083
0.001680
0.003762
0.001411
0.002150
0.003762
0.003225
0.003695
0.005778
0.003292
0.004434
0.001680
0.002083
0.002217
0.008734
0.005980
0.001209
0.002687
0.004166
0.002217
0.001814
0.004837
0.002889
0.002620
0.002016
0.003628
0.001277
0.003091
0.002083
0.002016
0.007055
0.003628
0.002284
0.001142
0.007189
0.002687
0.002284
0.003292
0.003292
0.002217
0.002553
