0.095203
0.001545
0.002083
0.004300
0.003964
0.003762
0.009070
0.003225
0.001277
0.002889
0.004703
0.002755
0.003426
0.002620
0.004300
0.008801
0.004166
0.001747
0.002889
0.004300
0.003292
0.001747
0.006316
0.003091
0.002822
0.003964
0.006114
0.002083
0.002822
0.002822
0.004972
0.006316
0.004972
0.001545
0.002822
0.004636
0.002956
0.002217
0.006047
0.001814
0.003158
0.004098
0.005576
0.001680
0.005711
0.002352
0.004300
0.001881
0.002889
0.001612
0.003494
0.001814
0.004905
0.002352
0.009205
0.003426
0.002956
0.002083
0.003494
0.001411
0.009070
0.003359
0.003158
0.002889
0.005308
0.002687
0.002486
0.004300
0.002083
0.004569
0.002419
0.002687
0.001881
0.003762
0.004434
0.003426
0.002419
0.002083
0.002150
0.005644
0.002956
0.001680
0.002016
0.003628
0.003628
0.009205
0.002956
0.003494
0.002083
0.002822
0.003091
0.001545
0.003091
0.003695
0.003964
0.009675
0.004367
0.002486
0.001612
0.002150
0.004837
0.008600
0.003762
0.002083
0.003561
0.003023
0.002083
0.001545
0.010683
0.002956
0.003023
0.003091
0.005039
0.002083
0.002620
0.003897
0.007659
0.006181
0.001814
0.001747
0.002620
0.005241
0.004501
0.001612
0.008869
0.004300
0.001814
0.001747
0.002150
0.001545
0.002687
0.005644
0.003359
0.006181
0.005912
0.001545
0.002150
0.001612
0.004501
0.003023
0.005039
0.002352
0.003158
0.005576
0.002419
0.002822
0.002419
0.005711
0.002150
0.002620
0.005980
0.001612
0.003023
0.002016
0.008197
0.002083
0.002956
0.001948
0.003695
0.004501
0.007525
0.003091
0.003158
0.003023
0.002822
0.002687
0.004434
0.001680
0.002620
0.003091
0.009742
0.002217
0.004434
0.001612
0.003359
0.002822
0.002620
0.001545
0.003762
0.001881
0.002755
0.004300
0.006383
0.001747
0.002419
0.001612
0.003561
0.001344
0.005980
0.002553
0.002822
0.005241
0.002956
0.002620
0.002620
0.007726
0.002687
0.004569
0.002956
0.001814
0.002956
0.008130
0.002352
0.003426
0.004233
0.002352
0.002016
0.003964
0.001680
0.002150
0.001545
0.002687
0.002150
0.004098
0.005375
0.002419
0.001680
0.002217
0.001545
0.001612
0.004770
0.002755
0.002822
0.005576
0.005912
0.002956
0.001545
0.002217
0.002620
0.004367
0.005778
0.001411
0.002822
0.003158
0.002016
0.001814
0.008264
0.002016
0.002889
0.005241
0.007323
0.002486
0.002822
0.002755
0.004837
0.005576
0.003158
0.002016
0.003695
0.007525
0.002217
0.002217
0.006450
0.003359
0.002687
0.003225
