0.079414
0.001209
0.002822
0.002419
0.003830
0.001008
0.009137
0.003091
0.002150
0.001680
0.004098
0.002687
0.004569
0.002150
0.004098
0.007861
0.006383
0.001478
0.001948
0.005039
0.003158
0.001142
0.008801
0.005912
0.002150
0.002217
0.006047
0.001142
0.002889
0.001747
0.010414
0.010212
0.010481
0.001209
0.003292
0.003964
0.009070
0.000537
0.007458
0.002016
0.004031
0.002419
0.007055
0.001612
0.014243
0.000873
0.003897
0.001814
0.008465
0.001142
0.002755
0.001411
0.006114
0.001680
0.009608
0.003897
0.002553
0.001008
0.004367
0.001344
0.014445
0.002016
0.006248
0.003897
0.007525
0.001411
0.001680
0.006383
0.002956
0.004031
0.001948
0.004098
0.001478
0.003762
0.003628
0.002956
0.002956
0.003091
0.001680
0.006316
0.004166
0.003426
0.001612
0.003091
0.003695
0.006450
0.004636
0.003292
0.001948
0.001478
0.002284
0.001680
0.004770
0.001478
0.004770
0.007592
0.006316
0.001612
0.001411
0.002956
0.004031
0.005845
0.002419
0.002620
0.002889
0.001142
0.002352
0.000941
0.011153
0.002083
0.001612
0.002016
0.008062
0.002687
0.001478
0.003494
0.006450
0.003359
0.001881
0.002620
0.003158
0.003628
0.003695
0.001680
0.012026
0.001881
0.002553
0.002150
0.002419
0.000605
0.002553
0.003964
0.003158
0.002217
0.005644
0.002687
0.001277
0.000537
0.006047
0.002352
0.006920
0.001814
0.002755
0.005509
0.002419
0.002687
0.001747
0.006987
0.002352
0.001075
0.006719
0.002083
0.003225
0.001344
0.007659
0.001478
0.004166
0.001277
0.004501
0.004569
0.010414
0.000873
0.004569
0.001881
0.003897
0.000806
0.005173
0.001478
0.004166
0.000537
0.010414
0.001881
0.014983
0.001478
0.003830
0.002553
0.006114
0.001142
0.002620
0.001209
0.004501
0.003023
0.005778
0.001948
0.003628
0.001008
0.003292
0.001277
0.010279
0.001075
0.004300
0.004501
0.002889
0.001142
0.001478
0.009003
0.001747
0.002755
0.001948
0.002553
0.001814
0.007458
0.002755
0.002822
0.004569
0.002419
0.001411
0.005711
0.002486
0.001680
0.000806
0.003426
0.002889
0.003158
0.005442
0.001411
0.001411
0.003494
0.000537
0.002284
0.007055
0.001344
0.002687
0.004300
0.005442
0.001277
0.002620
0.001545
0.001948
0.002217
0.003830
0.001612
0.002419
0.001747
0.001545
0.001612
0.008801
0.002486
0.001545
0.004703
0.009876
0.002016
0.001075
0.002083
0.004636
0.002352
0.002284
0.001545
0.003561
0.007995
0.001344
0.001747
0.009608
0.001478
0.002284
0.002217
