0.095069
0.002284
0.002687
0.003964
0.002553
0.003897
0.008734
0.004569
0.001008
0.004031
0.003561
0.002352
0.002956
0.003830
0.002486
0.008667
0.003561
0.002755
0.002083
0.006383
0.001814
0.002284
0.007055
0.004367
0.002553
0.004501
0.003359
0.002956
0.001881
0.003023
0.003225
0.007458
0.004367
0.002822
0.003292
0.005308
0.003494
0.003023
0.005576
0.001680
0.001612
0.004031
0.004367
0.002217
0.006383
0.003091
0.003225
0.002352
0.002016
0.002083
0.002284
0.002889
0.002889
0.002687
0.008936
0.002352
0.002150
0.004166
0.003561
0.001948
0.008331
0.003964
0.003964
0.002620
0.004367
0.003426
0.001344
0.004905
0.001948
0.007794
0.002620
0.004636
0.002889
0.006316
0.003628
0.002620
0.002016
0.004972
0.001545
0.006248
0.001881
0.003091
0.001344
0.003426
0.002284
0.010414
0.002755
0.002889
0.001612
0.004837
0.002889
0.002822
0.002620
0.004972
0.002755
0.008936
0.002419
0.003494
0.001545
0.002755
0.002956
0.012161
0.002889
0.003628
0.002755
0.004233
0.002016
0.002150
0.008264
0.003830
0.001747
0.003225
0.004367
0.002419
0.002217
0.004837
0.003023
0.008734
0.002687
0.002687
0.001075
0.006383
0.003695
0.002553
0.007055
0.005845
0.001545
0.001948
0.001478
0.001680
0.002217
0.006047
0.002352
0.006047
0.005845
0.003158
0.001814
0.001680
0.005778
0.003762
0.003023
0.003292
0.002822
0.007055
0.001948
0.003359
0.001948
0.008331
0.001411
0.003158
0.004905
0.003762
0.003091
0.002352
0.006584
0.003091
0.003158
0.002083
0.002284
0.005644
0.006248
0.002687
0.002755
0.002486
0.001680
0.004166
0.004166
0.002083
0.002016
0.002486
0.009272
0.001948
0.003695
0.002687
0.002217
0.003426
0.002217
0.001612
0.001881
0.001209
0.002553
0.004770
0.005845
0.002150
0.001881
0.001545
0.002486
0.001478
0.005711
0.002217
0.002620
0.004300
0.003023
0.002755
0.002284
0.006517
0.001612
0.006047
0.002016
0.003023
0.002889
0.008130
0.002284
0.003023
0.002553
0.002822
0.001881
0.004636
0.001478
0.002755
0.001344
0.002956
0.002217
0.006853
0.004501
0.003158
0.001478
0.004636
0.002150
0.002956
0.004300
0.003561
0.001478
0.005711
0.004031
0.002755
0.001478
0.001277
0.001411
0.008062
0.004703
0.003426
0.002553
0.004166
0.002016
0.001478
0.004434
0.003091
0.002150
0.004972
0.006517
0.003225
0.002553
0.001545
0.002755
0.006047
0.003494
0.001612
0.002755
0.007189
0.002755
0.003628
0.005778
0.004703
0.001612
0.003628
