0.094128
0.001142
0.002083
0.002620
0.002889
0.003426
0.013169
0.004569
0.001881
0.003091
0.004569
0.003091
0.002083
0.002822
0.004837
0.012631
0.003426
0.001545
0.003225
0.004905
0.002016
0.001680
0.010212
0.004367
0.001209
0.003762
0.007055
0.002016
0.001881
0.001948
0.006920
0.008264
0.004166
0.001344
0.002956
0.003023
0.003762
0.001545
0.006786
0.001948
0.001277
0.004166
0.005644
0.002150
0.004636
0.001881
0.006248
0.001344
0.003494
0.001814
0.002486
0.002217
0.003158
0.004233
0.011959
0.004300
0.001881
0.002889
0.004972
0.001612
0.008801
0.003695
0.003628
0.003225
0.004233
0.001814
0.002553
0.004031
0.002217
0.009742
0.002889
0.004434
0.001209
0.004166
0.005912
0.002352
0.002150
0.004501
0.002352
0.010481
0.001948
0.002016
0.001747
0.002956
0.004233
0.010951
0.004770
0.003561
0.001142
0.002956
0.003225
0.002150
0.002284
0.002956
0.004367
0.009137
0.003091
0.002755
0.002419
0.001277
0.002956
0.009339
0.003628
0.003426
0.002016
0.003359
0.002822
0.002620
0.007189
0.003494
0.003158
0.003158
0.005106
0.001948
0.002016
0.003292
0.006853
0.009070
0.002352
0.002352
0.001881
0.005711
0.003091
0.001881
0.005509
0.003897
0.003023
0.000941
0.001814
0.002419
0.004770
0.004501
0.001612
0.004770
0.007995
0.002620
0.003023
0.001545
0.005576
0.003695
0.004166
0.001948
0.002889
0.006987
0.001411
0.001814
0.003426
0.007592
0.002016
0.002284
0.007592
0.002486
0.001209
0.002889
0.007323
0.002150
0.001545
0.001545
0.002956
0.004972
0.008801
0.003426
0.002150
0.002486
0.001612
0.002755
0.006047
0.001948
0.002486
0.002822
0.010548
0.002083
0.004166
0.001545
0.003091
0.001545
0.002620
0.001478
0.004300
0.001478
0.001747
0.003561
0.005576
0.001747
0.001612
0.001008
0.004703
0.001881
0.004300
0.001881
0.002889
0.003225
0.002486
0.002284
0.002553
0.005711
0.001209
0.005980
0.003762
0.003225
0.002620
0.007794
0.003830
0.002284
0.002620
0.001948
0.002419
0.005241
0.001142
0.002889
0.002217
0.002016
0.002217
0.004166
0.005509
0.002486
0.001008
0.002217
0.001881
0.002284
0.004636
0.000941
0.002284
0.002822
0.005173
0.004636
0.000941
0.001747
0.001948
0.006114
0.004434
0.002486
0.004031
0.005442
0.001545
0.002553
0.005576
0.002687
0.002553
0.004166
0.005912
0.002889
0.003897
0.002016
0.002217
0.003695
0.002687
0.002016
0.002217
0.008197
0.003225
0.001478
0.004233
0.002284
0.002016
0.001478
