0.078474
0.001680
0.005711
0.005308
0.002755
0.002687
0.016393
0.004501
0.002016
0.002150
0.006114
0.003426
0.001881
0.003158
0.006651
0.011556
0.001814
0.002217
0.003561
0.004501
0.001680
0.001411
0.011019
0.005106
0.002352
0.003762
0.009540
0.002755
0.001747
0.001612
0.007055
0.008197
0.003359
0.002553
0.005039
0.004501
0.004770
0.001344
0.014311
0.003426
0.003023
0.002755
0.010145
0.002553
0.005778
0.001612
0.008264
0.001747
0.002755
0.002217
0.003830
0.002083
0.002352
0.002284
0.014109
0.003225
0.003023
0.002620
0.007592
0.001545
0.004098
0.001881
0.006316
0.002352
0.001277
0.002083
0.003292
0.004636
0.001344
0.005576
0.002755
0.004098
0.001411
0.002956
0.005509
0.002352
0.001008
0.003225
0.003359
0.005308
0.001612
0.001209
0.002217
0.003695
0.002486
0.003695
0.004905
0.003091
0.000941
0.004166
0.004098
0.002486
0.000739
0.001948
0.004233
0.008331
0.002016
0.001209
0.003292
0.003158
0.003091
0.008465
0.006584
0.003359
0.001948
0.002217
0.004972
0.001948
0.005375
0.002352
0.005576
0.002419
0.001478
0.001680
0.002956
0.002956
0.002150
0.002150
0.003359
0.002083
0.001814
0.003225
0.007928
0.002352
0.002553
0.002016
0.003426
0.002150
0.001142
0.001344
0.005039
0.004434
0.001814
0.004569
0.012833
0.003023
0.001344
0.000873
0.006719
0.002822
0.001680
0.001948
0.004703
0.007726
0.001948
0.003426
0.003561
0.006920
0.002352
0.003292
0.009540
0.002889
0.003158
0.003561
0.011959
0.002419
0.003830
0.002352
0.003762
0.005509
0.002083
0.002419
0.004434
0.002486
0.002620
0.003897
0.011623
0.002889
0.002083
0.001948
0.012967
0.002822
0.002755
0.001747
0.005711
0.003426
0.003964
0.001411
0.004434
0.002016
0.001478
0.002083
0.009339
0.002486
0.003762
0.001814
0.006786
0.002217
0.003292
0.002486
0.005039
0.004233
0.001277
0.001881
0.004837
0.006248
0.001277
0.004166
0.004905
0.003292
0.002150
0.002486
0.005509
0.002217
0.001948
0.002016
0.003158
0.003292
0.001209
0.002755
0.002217
0.002150
0.001747
0.005644
0.005778
0.003091
0.001277
0.002620
0.003158
0.002755
0.001747
0.002217
0.002822
0.005442
0.000739
0.000806
0.002822
0.001277
0.001814
0.004434
0.008197
0.002352
0.001142
0.001008
0.003359
0.001277
0.003426
0.001747
0.004233
0.003494
0.001411
0.001209
0.003830
0.002083
0.000806
0.003023
0.004837
0.002620
0.001545
0.004166
0.005308
0.002284
0.001814
0.001948
0.003359
0.002553
