0.068328
0.001075
0.005308
0.005039
0.003091
0.001008
0.009608
0.002755
0.002150
0.002620
0.007122
0.002553
0.002419
0.001881
0.004367
0.007794
0.004233
0.000605
0.002352
0.004501
0.003762
0.001344
0.012094
0.004233
0.001612
0.002956
0.005644
0.001545
0.003292
0.001545
0.009070
0.008869
0.007122
0.002016
0.004569
0.004031
0.006114
0.000941
0.010817
0.001881
0.005845
0.004098
0.006987
0.002150
0.006248
0.001277
0.006517
0.001478
0.006786
0.001209
0.003023
0.002419
0.005845
0.001814
0.012698
0.003964
0.003359
0.002083
0.005442
0.001075
0.012833
0.003426
0.007122
0.002822
0.005980
0.001277
0.002083
0.004636
0.002150
0.004770
0.002755
0.003830
0.003158
0.005241
0.004770
0.002822
0.001612
0.001680
0.002284
0.006248
0.003628
0.000806
0.001680
0.002486
0.004233
0.006987
0.005778
0.004837
0.001142
0.002016
0.002016
0.002419
0.004972
0.000873
0.005106
0.008869
0.005308
0.001814
0.002083
0.001881
0.004837
0.007256
0.002755
0.001612
0.003023
0.002150
0.002755
0.001545
0.008869
0.001747
0.002284
0.000806
0.007525
0.001209
0.001747
0.002822
0.009205
0.004098
0.002217
0.001612
0.003225
0.003964
0.004300
0.000941
0.010011
0.003292
0.002889
0.001411
0.001680
0.000941
0.005173
0.005778
0.002150
0.003359
0.006517
0.002352
0.001814
0.001008
0.007592
0.002822
0.005106
0.001545
0.003426
0.004770
0.002016
0.001277
0.002620
0.005509
0.002755
0.001948
0.006316
0.003561
0.002553
0.000739
0.008936
0.001209
0.004434
0.000873
0.005241
0.005173
0.009272
0.001344
0.006383
0.001948
0.003897
0.001814
0.007928
0.001142
0.003426
0.001008
0.012362
0.001411
0.005980
0.001142
0.003561
0.001881
0.003762
0.000941
0.001680
0.000269
0.005509
0.005173
0.006517
0.002553
0.003158
0.000806
0.003964
0.000941
0.007726
0.001545
0.003964
0.004770
0.002620
0.001277
0.002822
0.007928
0.002889
0.002150
0.002889
0.002956
0.002956
0.008130
0.004501
0.004300
0.003158
0.000941
0.002083
0.005442
0.002083
0.001680
0.001411
0.001747
0.002620
0.003023
0.005778
0.003561
0.001747
0.002419
0.001814
0.002217
0.007256
0.001277
0.002755
0.004837
0.005644
0.001612
0.002352
0.000806
0.003561
0.003628
0.005375
0.001612
0.004636
0.002419
0.002217
0.001814
0.007592
0.001411
0.001612
0.003695
0.007055
0.001008
0.001411
0.000941
0.004166
0.003158
0.003426
0.001008
0.003964
0.006450
0.002687
0.001411
0.008600
0.001612
0.001948
0.001814
