0.048508
0.001142
0.003628
0.003091
0.003158
0.003762
0.013504
0.006114
0.000739
0.001680
0.004367
0.001680
0.003225
0.003897
0.006383
0.013773
0.004434
0.001747
0.003225
0.005912
0.002016
0.000537
0.007995
0.004300
0.001075
0.004166
0.007659
0.002956
0.002486
0.001277
0.007928
0.005241
0.007659
0.001075
0.003830
0.002083
0.005845
0.001612
0.015587
0.002486
0.002150
0.002822
0.007055
0.000336
0.007726
0.001478
0.011422
0.001814
0.006114
0.001344
0.004031
0.001680
0.003091
0.001478
0.010481
0.002755
0.002486
0.001277
0.006651
0.001747
0.010817
0.001344
0.005375
0.001881
0.004434
0.002217
0.001747
0.005442
0.002217
0.007726
0.003359
0.009809
0.001747
0.004300
0.003225
0.001814
0.002419
0.005442
0.003628
0.011086
0.002553
0.002822
0.001411
0.003359
0.003225
0.006853
0.002822
0.002419
0.000470
0.003023
0.003359
0.003762
0.001545
0.001881
0.003158
0.004636
0.004569
0.001344
0.002486
0.001277
0.003897
0.009540
0.006316
0.004501
0.001881
0.001612
0.003964
0.001142
0.008264
0.001881
0.005711
0.004166
0.005980
0.002083
0.002217
0.004837
0.003964
0.003628
0.002956
0.001277
0.002083
0.004703
0.006383
0.001478
0.005980
0.002687
0.003225
0.001411
0.001814
0.000941
0.003561
0.003964
0.001344
0.006383
0.009608
0.003897
0.001277
0.001008
0.004501
0.001142
0.004367
0.002352
0.004703
0.007794
0.002822
0.002486
0.004569
0.007928
0.001612
0.001747
0.005576
0.001881
0.002016
0.003426
0.009809
0.004703
0.002217
0.000672
0.003762
0.003359
0.007995
0.001008
0.003426
0.001344
0.003292
0.002150
0.012161
0.001545
0.003964
0.000873
0.008331
0.000537
0.006114
0.001411
0.006316
0.003158
0.007122
0.001209
0.004434
0.001277
0.002486
0.002687
0.007122
0.001142
0.004434
0.001612
0.007995
0.001277
0.004972
0.002016
0.004501
0.002352
0.001612
0.001881
0.002284
0.005173
0.001209
0.006181
0.004300
0.003830
0.002486
0.006517
0.002083
0.001747
0.002217
0.003628
0.002016
0.006584
0.001478
0.003561
0.001881
0.004837
0.001612
0.003225
0.002956
0.001411
0.001411
0.005644
0.002687
0.004367
0.005173
0.001545
0.001747
0.004166
0.004905
0.001008
0.002486
0.000672
0.001008
0.005308
0.007189
0.002217
0.003225
0.001612
0.002486
0.000537
0.005241
0.002687
0.002822
0.004770
0.007055
0.001814
0.003158
0.002620
0.001948
0.002755
0.003494
0.001075
0.002822
0.007928
0.006719
0.003023
0.004166
0.003359
0.003964
0.002486
