0.061946
0.001814
0.001948
0.001612
0.003628
0.003292
0.006853
0.001344
0.002083
0.003091
0.003561
0.000941
0.002486
0.003426
0.003225
0.006584
0.003964
0.002150
0.002083
0.004031
0.003023
0.001881
0.005912
0.001881
0.002352
0.005241
0.006181
0.000806
0.002083
0.002486
0.002755
0.004703
0.008600
0.002217
0.002150
0.003359
0.005576
0.002486
0.006114
0.000672
0.004434
0.005778
0.006584
0.000806
0.006517
0.002620
0.004434
0.001142
0.005442
0.001680
0.002956
0.001478
0.008533
0.004031
0.011019
0.001209
0.003897
0.003494
0.005308
0.000605
0.012161
0.003695
0.004233
0.002284
0.004837
0.002553
0.001075
0.004031
0.002553
0.006047
0.001142
0.001008
0.002620
0.008398
0.003494
0.001075
0.001209
0.003426
0.001881
0.001344
0.002083
0.002016
0.001680
0.001747
0.003628
0.010548
0.003158
0.001277
0.001209
0.005173
0.002889
0.000470
0.003359
0.004905
0.002486
0.007323
0.007995
0.003897
0.001478
0.001680
0.006987
0.011220
0.002889
0.001411
0.006047
0.009540
0.002755
0.000605
0.008667
0.005442
0.002889
0.000941
0.005980
0.003628
0.002822
0.003494
0.008869
0.014781
0.001814
0.000873
0.003023
0.009675
0.004972
0.000537
0.011086
0.006920
0.002620
0.000672
0.001545
0.001545
0.003023
0.002553
0.003023
0.005778
0.005980
0.000672
0.002822
0.001008
0.003359
0.000605
0.004972
0.002352
0.001948
0.002889
0.002284
0.002083
0.003023
0.006517
0.002553
0.002620
0.004300
0.001209
0.003897
0.002150
0.007928
0.000739
0.002016
0.001545
0.002620
0.003494
0.009809
0.002486
0.002822
0.000941
0.003561
0.003091
0.006719
0.000873
0.005375
0.002217
0.009406
0.000537
0.006047
0.001747
0.002620
0.001948
0.004703
0.002016
0.003158
0.000470
0.006181
0.007592
0.004905
0.001142
0.004166
0.001277
0.005241
0.000470
0.007928
0.002822
0.001680
0.003830
0.003762
0.004300
0.001075
0.006719
0.002419
0.005778
0.002620
0.000672
0.003023
0.011690
0.001612
0.000873
0.002956
0.002419
0.001344
0.002083
0.001411
0.003292
0.000739
0.001209
0.003494
0.007794
0.004367
0.001411
0.001747
0.003695
0.000941
0.000873
0.004367
0.003359
0.002150
0.003628
0.007794
0.005576
0.002284
0.000873
0.004636
0.008130
0.005711
0.000941
0.006517
0.007525
0.001142
0.000672
0.007189
0.002822
0.001747
0.003897
0.007592
0.004098
0.002419
0.000806
0.005576
0.011758
0.002486
0.000873
0.004837
0.009809
0.002889
0.000941
0.009876
0.004972
0.001612
0.001612
