0.092650
0.001411
0.002956
0.004367
0.002889
0.000941
0.006786
0.002419
0.002083
0.001948
0.004031
0.001344
0.004233
0.002150
0.006651
0.013773
0.006114
0.000403
0.003897
0.007794
0.003158
0.000806
0.005173
0.003695
0.002352
0.002419
0.005509
0.001411
0.002217
0.002016
0.006248
0.009473
0.006181
0.001209
0.003225
0.006719
0.005711
0.000941
0.006383
0.002687
0.004703
0.002284
0.007861
0.001411
0.010414
0.000739
0.008130
0.002217
0.005912
0.000739
0.003494
0.004703
0.005711
0.001277
0.009272
0.003964
0.003964
0.002150
0.002956
0.001142
0.013504
0.002016
0.004636
0.003762
0.005106
0.000739
0.002352
0.008869
0.002620
0.002687
0.001680
0.002755
0.001948
0.003359
0.003762
0.001209
0.002553
0.001075
0.003426
0.004905
0.002822
0.001075
0.002889
0.005308
0.003830
0.005778
0.002217
0.002889
0.000941
0.001142
0.002553
0.001545
0.003225
0.001948
0.003964
0.012161
0.004434
0.000739
0.002150
0.004501
0.004905
0.005980
0.002755
0.003494
0.003359
0.001814
0.003830
0.001612
0.010481
0.000403
0.005711
0.002889
0.007995
0.000672
0.002822
0.008398
0.004636
0.003494
0.001680
0.001680
0.003225
0.003762
0.003091
0.001277
0.007122
0.001209
0.002620
0.002284
0.002755
0.001075
0.002150
0.004031
0.002486
0.003897
0.004972
0.001814
0.002755
0.000806
0.002687
0.002486
0.006719
0.000806
0.002956
0.008801
0.003897
0.000605
0.003292
0.007659
0.002083
0.000941
0.004367
0.001948
0.003964
0.000672
0.008465
0.002620
0.004905
0.001209
0.004031
0.008801
0.008130
0.001478
0.003225
0.003091
0.005375
0.001680
0.004166
0.001478
0.002620
0.000806
0.009473
0.003225
0.010212
0.000470
0.003561
0.005576
0.003426
0.000605
0.003494
0.001545
0.005509
0.003359
0.007122
0.002284
0.003292
0.000739
0.003225
0.002486
0.006920
0.001344
0.002553
0.006383
0.002284
0.000739
0.002016
0.007659
0.002553
0.001881
0.002889
0.002016
0.002553
0.007726
0.002419
0.003359
0.003897
0.001277
0.002150
0.008197
0.001814
0.000403
0.002352
0.002352
0.002352
0.002486
0.003762
0.001612
0.001344
0.001075
0.001612
0.002352
0.005375
0.001411
0.002284
0.007256
0.004972
0.001008
0.001814
0.001881
0.003561
0.002083
0.003695
0.002217
0.004300
0.001612
0.001209
0.001478
0.008936
0.000269
0.002755
0.008331
0.008062
0.000403
0.002620
0.002150
0.003964
0.002553
0.004031
0.001411
0.002956
0.006114
0.003426
0.002620
0.005980
0.001747
0.002419
0.004770
