0.071621
0.000806
0.003292
0.003426
0.003830
0.001075
0.009540
0.005509
0.002553
0.001277
0.004367
0.001277
0.004166
0.001411
0.007055
0.016662
0.006248
0.001209
0.004636
0.008197
0.003023
0.000873
0.007256
0.002822
0.002217
0.003158
0.006248
0.002889
0.002553
0.001142
0.006316
0.008197
0.005845
0.001411
0.003628
0.003695
0.004972
0.000672
0.007458
0.002352
0.003762
0.002687
0.009473
0.001209
0.011556
0.001411
0.010414
0.002150
0.006248
0.000739
0.002687
0.002956
0.005173
0.001142
0.010817
0.002553
0.002956
0.001008
0.004636
0.001680
0.010414
0.001344
0.006517
0.001881
0.003359
0.001209
0.002352
0.006316
0.001209
0.002553
0.002486
0.005509
0.001747
0.003091
0.004434
0.002553
0.002755
0.001814
0.003628
0.012362
0.003359
0.001612
0.002419
0.005980
0.003830
0.004972
0.002822
0.002889
0.001344
0.001344
0.002486
0.002352
0.002755
0.001209
0.003628
0.008869
0.002822
0.001277
0.001747
0.003426
0.003359
0.004972
0.002956
0.004434
0.002083
0.001411
0.004434
0.001814
0.010548
0.000873
0.006651
0.005173
0.006651
0.001142
0.002486
0.009876
0.004031
0.001612
0.003023
0.002822
0.002822
0.003494
0.002822
0.002620
0.005442
0.001344
0.003494
0.002016
0.002150
0.000403
0.003359
0.004703
0.002419
0.003561
0.005912
0.002956
0.002620
0.000470
0.005173
0.002620
0.006383
0.001411
0.003494
0.011019
0.003964
0.000873
0.006047
0.012564
0.002419
0.001008
0.006719
0.002016
0.002620
0.000873
0.007928
0.002822
0.002956
0.001142
0.004233
0.005845
0.007659
0.000806
0.002889
0.001209
0.003023
0.001545
0.005106
0.002016
0.002217
0.000672
0.012228
0.001747
0.008667
0.001209
0.004166
0.003897
0.005509
0.000537
0.004770
0.002217
0.004703
0.003628
0.007995
0.001478
0.003426
0.000336
0.004098
0.001075
0.005644
0.001209
0.003359
0.004636
0.001814
0.000941
0.002687
0.009205
0.001344
0.002150
0.003964
0.003695
0.002150
0.006383
0.002284
0.002687
0.002284
0.001814
0.002687
0.010615
0.001881
0.000672
0.001747
0.004233
0.002553
0.001612
0.005375
0.002419
0.000941
0.001142
0.001344
0.002822
0.004367
0.000873
0.002352
0.006316
0.004166
0.000605
0.002352
0.002217
0.001814
0.002217
0.003762
0.003091
0.002016
0.000941
0.001814
0.002687
0.007592
0.001344
0.002822
0.009944
0.007592
0.000941
0.003695
0.005644
0.003426
0.001747
0.003426
0.001948
0.002150
0.005980
0.001948
0.004098
0.002956
0.002083
0.002284
0.003762
