0.061072
0.001545
0.003292
0.005711
0.002822
0.002620
0.010548
0.004233
0.001209
0.002352
0.002217
0.002889
0.002016
0.003359
0.004434
0.012026
0.003695
0.002419
0.002217
0.007256
0.001277
0.001881
0.006114
0.007525
0.001344
0.003091
0.003695
0.002620
0.001277
0.002822
0.003561
0.008667
0.004636
0.001814
0.003158
0.005442
0.002486
0.001411
0.005442
0.002016
0.001948
0.005106
0.004636
0.003695
0.004367
0.002553
0.004636
0.002687
0.002486
0.001747
0.002687
0.002620
0.002150
0.003830
0.010414
0.006248
0.001747
0.003158
0.001948
0.001814
0.008398
0.003628
0.003830
0.004098
0.004166
0.003494
0.002284
0.008667
0.000873
0.009809
0.001881
0.004905
0.001680
0.008936
0.004031
0.002822
0.000941
0.008398
0.001545
0.008197
0.001948
0.003158
0.002083
0.005912
0.002687
0.016326
0.002284
0.005173
0.001612
0.004367
0.002352
0.002889
0.002217
0.006114
0.004300
0.012698
0.002150
0.002419
0.001881
0.004031
0.001545
0.010414
0.002016
0.003023
0.001277
0.005308
0.002889
0.002217
0.006248
0.003628
0.002016
0.003158
0.004501
0.003158
0.001680
0.004837
0.002352
0.009272
0.000739
0.003628
0.001075
0.006584
0.003225
0.001948
0.004972
0.006316
0.001814
0.002620
0.001344
0.001948
0.002956
0.006383
0.002150
0.004636
0.006987
0.002553
0.001209
0.001814
0.002284
0.003359
0.002889
0.002687
0.003494
0.006853
0.002083
0.002217
0.002217
0.012161
0.002016
0.003695
0.003158
0.004031
0.001344
0.001747
0.005980
0.002822
0.002217
0.001545
0.003561
0.006517
0.005912
0.003091
0.001680
0.003359
0.001881
0.002419
0.003830
0.002083
0.002016
0.002150
0.006651
0.003830
0.002486
0.002620
0.003292
0.003225
0.003628
0.002284
0.002217
0.002822
0.001680
0.006719
0.005106
0.002687
0.001411
0.001411
0.003292
0.002284
0.004367
0.002419
0.002553
0.005442
0.002217
0.004166
0.002822
0.010347
0.002083
0.007525
0.002016
0.003359
0.002083
0.010884
0.001747
0.003695
0.002687
0.005375
0.001680
0.005509
0.000873
0.003695
0.000873
0.005442
0.001881
0.011422
0.003426
0.002620
0.000336
0.003964
0.001478
0.002553
0.004300
0.002956
0.003762
0.008667
0.002016
0.004098
0.000873
0.001747
0.001075
0.007995
0.003762
0.001612
0.001478
0.004098
0.000806
0.002822
0.003628
0.003091
0.001814
0.005644
0.005509
0.004233
0.002352
0.002419
0.002083
0.007861
0.002486
0.003091
0.000605
0.007189
0.002217
0.001747
0.004031
0.003561
0.001814
0.003762
