0.069941
0.001344
0.002284
0.003762
0.004166
0.000470
0.008667
0.002083
0.002016
0.001478
0.005442
0.002150
0.004837
0.001478
0.002687
0.008801
0.004569
0.001075
0.002150
0.005778
0.003359
0.000941
0.011892
0.005576
0.001948
0.002956
0.005106
0.001411
0.003964
0.001478
0.007055
0.006181
0.010481
0.001545
0.002889
0.004636
0.008869
0.000806
0.005308
0.002083
0.005173
0.002284
0.007390
0.001545
0.012228
0.000873
0.003561
0.001814
0.009003
0.001142
0.001209
0.002553
0.009070
0.001680
0.010884
0.003359
0.003023
0.001344
0.002889
0.001075
0.017200
0.002553
0.005778
0.002956
0.008936
0.001545
0.001545
0.006584
0.002755
0.003225
0.001209
0.003426
0.002553
0.003359
0.006047
0.002352
0.002419
0.002352
0.001008
0.008264
0.003023
0.001612
0.001142
0.004300
0.005106
0.006383
0.005576
0.002956
0.001814
0.000941
0.002620
0.001545
0.004031
0.001948
0.004837
0.007525
0.006517
0.002016
0.001344
0.002486
0.004367
0.007256
0.002755
0.002822
0.003023
0.002150
0.002419
0.000941
0.010615
0.000873
0.001747
0.002620
0.006920
0.002016
0.000806
0.003695
0.008398
0.004233
0.003561
0.002150
0.002956
0.004434
0.003158
0.001411
0.012497
0.003494
0.002620
0.001948
0.001814
0.000739
0.002486
0.004434
0.002486
0.002956
0.004098
0.001545
0.001881
0.000537
0.005442
0.001612
0.006114
0.001478
0.002553
0.006987
0.002687
0.001008
0.001680
0.006719
0.002217
0.000806
0.007458
0.002217
0.002822
0.001209
0.007928
0.001612
0.005173
0.001075
0.003762
0.005644
0.012161
0.001680
0.004367
0.002150
0.004905
0.000537
0.004300
0.001545
0.005106
0.001008
0.011019
0.001881
0.013034
0.001075
0.001612
0.002352
0.004233
0.000873
0.002217
0.001612
0.005173
0.002956
0.006383
0.001747
0.004233
0.000739
0.003023
0.001545
0.011959
0.001142
0.004098
0.004770
0.004098
0.002553
0.002419
0.008869
0.002486
0.002553
0.001747
0.001680
0.002284
0.007390
0.003561
0.002016
0.004636
0.001545
0.001209
0.007458
0.002352
0.001344
0.001277
0.003830
0.002956
0.002620
0.008062
0.000537
0.001478
0.001612
0.001075
0.002083
0.007256
0.001344
0.002822
0.004905
0.005106
0.001478
0.001612
0.002956
0.003830
0.002419
0.003695
0.001277
0.004367
0.001344
0.001680
0.001545
0.009742
0.001142
0.001545
0.005375
0.009205
0.000403
0.001209
0.002620
0.004300
0.002956
0.002620
0.001545
0.003158
0.008197
0.001344
0.001612
0.010817
0.002419
0.001478
0.002889
