0.112604
0.001277
0.002486
0.003830
0.003561
0.001075
0.008062
0.004501
0.001344
0.001881
0.003762
0.003023
0.002755
0.002956
0.004770
0.013975
0.004233
0.001277
0.001948
0.006383
0.001277
0.001411
0.009272
0.005509
0.002016
0.001209
0.005778
0.002217
0.001612
0.001948
0.004166
0.005308
0.005644
0.001814
0.001814
0.001545
0.005106
0.001008
0.005845
0.001747
0.001948
0.005308
0.004367
0.001948
0.006786
0.001747
0.003426
0.001814
0.005375
0.000873
0.002284
0.001881
0.003225
0.002956
0.009876
0.002352
0.002016
0.002217
0.003964
0.001344
0.011220
0.002083
0.004233
0.000873
0.004703
0.002553
0.001277
0.005039
0.002016
0.003426
0.001478
0.006584
0.001344
0.006181
0.003292
0.003897
0.001881
0.004098
0.002016
0.021701
0.003426
0.001747
0.000873
0.005912
0.003359
0.010078
0.002687
0.004905
0.001344
0.002822
0.001612
0.003359
0.002956
0.003628
0.002150
0.008600
0.004703
0.002889
0.002016
0.001881
0.003695
0.004703
0.002687
0.002352
0.001881
0.004703
0.002352
0.001411
0.009272
0.002352
0.003494
0.002889
0.005845
0.001344
0.001478
0.004905
0.005039
0.007726
0.001545
0.001612
0.002217
0.003292
0.004233
0.001411
0.009876
0.007390
0.002553
0.001277
0.001344
0.000739
0.002889
0.004300
0.002553
0.002217
0.006248
0.002083
0.001478
0.001277
0.002755
0.003158
0.004233
0.001612
0.002352
0.007861
0.001680
0.002016
0.003762
0.012900
0.002016
0.001881
0.005711
0.003158
0.001747
0.000739
0.006584
0.002016
0.003897
0.001209
0.002755
0.005106
0.007189
0.002620
0.001948
0.001277
0.003292
0.002016
0.005308
0.001612
0.002284
0.002553
0.008600
0.001142
0.005912
0.001411
0.002956
0.002889
0.004501
0.001344
0.003628
0.000941
0.001411
0.005442
0.004569
0.001344
0.002016
0.001008
0.002956
0.001075
0.008398
0.002284
0.001814
0.002217
0.002486
0.002016
0.001881
0.005711
0.001344
0.001881
0.002217
0.003695
0.002352
0.008801
0.001814
0.003695
0.001747
0.001948
0.001478
0.015587
0.000941
0.001814
0.000672
0.007256
0.002217
0.007525
0.003830
0.002553
0.001612
0.002620
0.001680
0.002419
0.004837
0.003023
0.001411
0.005845
0.005106
0.003292
0.001478
0.000941
0.002150
0.004770
0.004770
0.001411
0.001612
0.005509
0.001142
0.001344
0.006517
0.001680
0.002217
0.005039
0.005711
0.001411
0.002486
0.005711
0.003426
0.007525
0.002889
0.001478
0.003292
0.003561
0.002150
0.002150
0.007592
0.004837
0.002016
0.001612
