0.096748
0.002150
0.002217
0.003628
0.003158
0.004569
0.005980
0.005509
0.001881
0.003091
0.002352
0.002755
0.002889
0.003830
0.002083
0.009944
0.004233
0.001881
0.003091
0.005980
0.002150
0.002486
0.006248
0.005576
0.001747
0.007525
0.002889
0.003225
0.002083
0.002956
0.002553
0.005980
0.005644
0.002083
0.003628
0.003897
0.003158
0.002352
0.004770
0.003762
0.002553
0.004098
0.003158
0.002889
0.006920
0.003023
0.002755
0.002016
0.002889
0.001814
0.002352
0.003964
0.003695
0.002419
0.007928
0.004367
0.002419
0.002016
0.002822
0.001545
0.009608
0.003359
0.003225
0.003158
0.005711
0.003494
0.002486
0.005576
0.002553
0.005509
0.001277
0.003561
0.002486
0.004905
0.004166
0.003292
0.002217
0.003359
0.001612
0.007256
0.002553
0.003158
0.001881
0.004300
0.003494
0.007861
0.002352
0.004501
0.001747
0.003897
0.002284
0.003359
0.002687
0.004031
0.001747
0.007995
0.003494
0.002956
0.002553
0.002755
0.003628
0.009003
0.002284
0.003964
0.002486
0.004031
0.002352
0.002419
0.005912
0.003426
0.002755
0.003897
0.003292
0.003225
0.001680
0.006450
0.003091
0.005912
0.001747
0.003762
0.002687
0.005912
0.004031
0.002822
0.006248
0.004972
0.002419
0.002889
0.002284
0.002956
0.002553
0.003695
0.002083
0.006316
0.004972
0.003695
0.002083
0.002620
0.003023
0.002755
0.004703
0.003091
0.002822
0.007726
0.002352
0.003762
0.002352
0.006987
0.001948
0.003426
0.003494
0.002822
0.002620
0.004166
0.005375
0.002889
0.003359
0.001948
0.003628
0.005644
0.006584
0.002687
0.002016
0.001948
0.002150
0.003292
0.004972
0.002755
0.001948
0.002687
0.005912
0.003494
0.004770
0.002553
0.002419
0.003830
0.001612
0.001747
0.002150
0.002486
0.002687
0.004166
0.004031
0.002150
0.002016
0.002150
0.002083
0.002687
0.007390
0.002956
0.002822
0.005576
0.003091
0.003359
0.002419
0.005509
0.002150
0.006181
0.002284
0.002284
0.003023
0.007055
0.001747
0.003762
0.002889
0.003762
0.002687
0.006853
0.001948
0.002352
0.001344
0.003091
0.002755
0.005644
0.003426
0.002822
0.002687
0.001747
0.001747
0.002822
0.007256
0.002755
0.001881
0.005106
0.003830
0.002687
0.001814
0.003023
0.002083
0.007525
0.004636
0.003091
0.002352
0.002150
0.001747
0.002419
0.006853
0.003359
0.002822
0.006517
0.004501
0.002687
0.001948
0.003897
0.001612
0.004905
0.002150
0.002620
0.003158
0.005845
0.003158
0.003897
0.004501
0.002755
0.001948
0.004166
