0.058519
0.002755
0.002822
0.002956
0.003561
0.004501
0.008264
0.001612
0.002083
0.002687
0.004837
0.001680
0.002822
0.002553
0.003426
0.004972
0.003964
0.001612
0.002419
0.004031
0.002486
0.002486
0.006786
0.002284
0.001680
0.003830
0.006786
0.000605
0.002755
0.002553
0.006181
0.004636
0.007659
0.001881
0.003561
0.004569
0.005509
0.002687
0.010615
0.001478
0.003225
0.002486
0.007458
0.002016
0.008801
0.001478
0.006719
0.000672
0.004770
0.001411
0.003494
0.001680
0.006047
0.002150
0.010951
0.001814
0.003897
0.002889
0.003292
0.001545
0.014714
0.002553
0.006316
0.002083
0.005106
0.002687
0.002956
0.004166
0.002016
0.007995
0.002150
0.003023
0.002419
0.005509
0.005173
0.001814
0.001209
0.004031
0.002217
0.003023
0.002419
0.003091
0.003091
0.000873
0.004569
0.008465
0.003494
0.003292
0.001277
0.005711
0.003292
0.001747
0.003897
0.004367
0.003494
0.008197
0.006383
0.002419
0.001814
0.001277
0.004031
0.011086
0.002620
0.002217
0.003494
0.003762
0.002755
0.000806
0.010884
0.004837
0.004166
0.001008
0.007055
0.002284
0.002755
0.001948
0.007458
0.007323
0.002016
0.001478
0.002956
0.006719
0.003225
0.002284
0.011690
0.005106
0.002956
0.001277
0.002016
0.002284
0.002822
0.002352
0.002419
0.005912
0.006786
0.001142
0.002150
0.001612
0.003091
0.001075
0.005173
0.002217
0.002553
0.003762
0.002083
0.002687
0.002755
0.004636
0.002553
0.002352
0.006584
0.001680
0.002016
0.002755
0.007458
0.001680
0.002889
0.002150
0.003628
0.002956
0.009473
0.002419
0.003830
0.001680
0.005375
0.002284
0.008398
0.001680
0.003359
0.002150
0.009809
0.001747
0.007458
0.001948
0.004770
0.001881
0.003830
0.001545
0.003762
0.001277
0.003830
0.003091
0.009406
0.001881
0.002620
0.001545
0.002755
0.000806
0.009675
0.002284
0.004166
0.005173
0.003292
0.002284
0.002419
0.008465
0.001545
0.006517
0.002889
0.001747
0.003494
0.007323
0.002083
0.001612
0.002352
0.003225
0.001881
0.002284
0.001478
0.003023
0.001881
0.002217
0.002755
0.004636
0.007189
0.002016
0.000806
0.006181
0.001612
0.002352
0.008130
0.003561
0.003158
0.005173
0.005173
0.002352
0.001814
0.001008
0.003091
0.006987
0.004972
0.001411
0.004837
0.003494
0.002083
0.001075
0.006181
0.002620
0.002352
0.002352
0.007189
0.003091
0.002083
0.001478
0.004569
0.005375
0.003359
0.001008
0.002956
0.010279
0.001411
0.001411
0.008667
0.003561
0.001881
0.001747
