0.047568
0.002352
0.003964
0.003830
0.003023
0.001680
0.006719
0.001680
0.003762
0.003292
0.003897
0.003964
0.002016
0.002553
0.004569
0.008130
0.002553
0.001478
0.004367
0.004233
0.003628
0.002217
0.006853
0.003091
0.002553
0.003561
0.003628
0.001881
0.002755
0.002486
0.004300
0.005509
0.007122
0.003426
0.004703
0.005173
0.003628
0.001545
0.005980
0.002352
0.003964
0.004703
0.006651
0.004569
0.005644
0.002352
0.003897
0.002822
0.003023
0.002217
0.004569
0.003426
0.006316
0.003023
0.008734
0.003426
0.003830
0.003494
0.004031
0.002217
0.012094
0.002755
0.004770
0.004367
0.004367
0.002284
0.003561
0.006181
0.002419
0.004031
0.003964
0.002553
0.004233
0.005106
0.006047
0.004031
0.002755
0.001747
0.003695
0.004972
0.002822
0.001344
0.003225
0.003023
0.004098
0.007726
0.006114
0.003695
0.002352
0.002419
0.003023
0.003494
0.003494
0.003023
0.004972
0.008264
0.004501
0.002016
0.003158
0.003426
0.002352
0.006383
0.003359
0.002419
0.005375
0.003225
0.004098
0.002486
0.006987
0.001612
0.003091
0.003225
0.003830
0.001478
0.003561
0.003426
0.003897
0.003494
0.004233
0.002620
0.002083
0.003023
0.004501
0.002016
0.005912
0.002553
0.003695
0.002822
0.002284
0.002083
0.004300
0.003897
0.002822
0.004501
0.005576
0.002822
0.004166
0.001545
0.003561
0.003091
0.003158
0.001545
0.003561
0.004770
0.002419
0.002016
0.002486
0.007794
0.004703
0.002687
0.004905
0.002083
0.001612
0.001814
0.006450
0.001881
0.004300
0.002083
0.004636
0.005442
0.007390
0.004367
0.004098
0.003292
0.002352
0.003897
0.005442
0.002217
0.004569
0.002553
0.009272
0.003628
0.004300
0.001814
0.004367
0.003494
0.001478
0.002016
0.003628
0.001747
0.003897
0.005106
0.009070
0.003695
0.002687
0.001277
0.003292
0.002284
0.006517
0.002553
0.003897
0.005509
0.004166
0.002150
0.004166
0.008398
0.002889
0.003225
0.003561
0.002755
0.005375
0.008667
0.005711
0.002620
0.002889
0.001478
0.003695
0.003964
0.002150
0.002150
0.003091
0.003158
0.003091
0.004098
0.007861
0.002620
0.002419
0.002687
0.002755
0.003091
0.005106
0.002217
0.004501
0.006047
0.003830
0.002419
0.003359
0.001612
0.001948
0.005375
0.004569
0.001814
0.004636
0.002620
0.002956
0.002016
0.004972
0.001344
0.003897
0.003762
0.004636
0.001142
0.002889
0.002083
0.003561
0.003561
0.005173
0.003426
0.001478
0.007323
0.003158
0.002083
0.005241
0.001478
0.003292
0.004098
