0.066649
0.001478
0.002822
0.004367
0.003494
0.002687
0.008869
0.005241
0.002352
0.002150
0.002889
0.003628
0.002150
0.002956
0.004233
0.012564
0.003695
0.001411
0.002620
0.005644
0.001747
0.002016
0.010750
0.006248
0.002620
0.005442
0.004166
0.004837
0.002352
0.002755
0.004501
0.008130
0.004031
0.002352
0.003225
0.004501
0.002687
0.002284
0.006450
0.003359
0.002217
0.003762
0.004367
0.003426
0.005375
0.001881
0.003830
0.002486
0.002284
0.001075
0.003695
0.003158
0.002755
0.001881
0.010414
0.003494
0.002352
0.002419
0.003830
0.003628
0.012362
0.003561
0.004233
0.003830
0.004636
0.001814
0.002956
0.005173
0.001814
0.006181
0.003561
0.004972
0.003494
0.004636
0.004703
0.002217
0.001545
0.003494
0.003494
0.007323
0.001008
0.001612
0.001747
0.002687
0.003091
0.009473
0.003225
0.003830
0.001545
0.002755
0.003091
0.003762
0.003359
0.002889
0.003359
0.009809
0.003091
0.002419
0.001948
0.002150
0.002553
0.010078
0.003292
0.002486
0.003023
0.002822
0.003426
0.001948
0.009205
0.002889
0.002956
0.003426
0.002352
0.001142
0.003091
0.004569
0.004031
0.005509
0.003091
0.003359
0.001612
0.004031
0.005039
0.004166
0.006719
0.004098
0.003494
0.003359
0.001209
0.001881
0.002889
0.005644
0.002755
0.005308
0.007458
0.003762
0.001612
0.001478
0.002016
0.003762
0.004098
0.002419
0.002419
0.007592
0.002217
0.002889
0.001948
0.006517
0.002956
0.003561
0.005711
0.004166
0.002486
0.003292
0.005509
0.003494
0.003091
0.001881
0.002956
0.006450
0.005845
0.003359
0.002889
0.003494
0.002956
0.002486
0.005106
0.004166
0.002687
0.002016
0.005644
0.002620
0.003292
0.001545
0.003023
0.004636
0.001881
0.001948
0.003426
0.002352
0.002620
0.004098
0.005711
0.003494
0.002486
0.001344
0.003091
0.002822
0.005308
0.001881
0.002620
0.005173
0.004636
0.003225
0.004233
0.005912
0.001814
0.005173
0.005106
0.003762
0.003897
0.005778
0.003158
0.001881
0.002150
0.002150
0.003158
0.005039
0.001142
0.001948
0.002822
0.002553
0.002016
0.005039
0.005106
0.003426
0.001545
0.002889
0.002687
0.002284
0.004837
0.002083
0.002083
0.007659
0.003561
0.002822
0.002419
0.002083
0.003091
0.006450
0.005711
0.003359
0.003091
0.003023
0.001881
0.001411
0.005039
0.001948
0.002553
0.005106
0.005576
0.001142
0.004569
0.002956
0.002553
0.003494
0.004098
0.003091
0.002016
0.005912
0.004837
0.004300
0.004434
0.002822
0.002553
0.004166
