0.070008
0.001478
0.004031
0.004703
0.001411
0.003158
0.008264
0.004703
0.001008
0.003292
0.006248
0.006651
0.001680
0.002956
0.003023
0.009473
0.004300
0.001142
0.002016
0.005241
0.001411
0.003091
0.004636
0.007525
0.001142
0.005106
0.004636
0.002956
0.001545
0.002553
0.003695
0.008130
0.005173
0.003158
0.002284
0.003897
0.001545
0.001612
0.004300
0.001948
0.001612
0.005912
0.007323
0.003628
0.006920
0.002352
0.004098
0.002755
0.002620
0.001411
0.002083
0.002083
0.001747
0.002956
0.009339
0.005644
0.001747
0.002284
0.004098
0.002486
0.011489
0.003225
0.004703
0.003494
0.004905
0.002284
0.002419
0.006114
0.001008
0.008600
0.002083
0.003964
0.001680
0.006786
0.006248
0.005576
0.001344
0.004166
0.002150
0.005375
0.002217
0.002687
0.001747
0.004031
0.002486
0.010683
0.004098
0.007055
0.001747
0.004233
0.003225
0.004770
0.002352
0.003628
0.002687
0.009876
0.003091
0.002217
0.001344
0.002419
0.001008
0.008600
0.002352
0.003292
0.001814
0.003426
0.003158
0.002486
0.011690
0.003494
0.002822
0.003897
0.005375
0.002083
0.001277
0.004569
0.002016
0.005778
0.002284
0.002956
0.001612
0.005644
0.003426
0.003292
0.007055
0.003561
0.001814
0.003158
0.001814
0.001478
0.003158
0.006719
0.001008
0.005241
0.006383
0.003830
0.001612
0.001881
0.004166
0.004166
0.005106
0.001948
0.002889
0.006853
0.001344
0.002822
0.002083
0.007861
0.000941
0.003695
0.005308
0.005644
0.001478
0.002150
0.006853
0.002352
0.001747
0.002352
0.002956
0.005308
0.008801
0.002553
0.002083
0.004837
0.001948
0.002687
0.004098
0.002352
0.002352
0.002352
0.010078
0.003225
0.004770
0.001680
0.001814
0.004166
0.001814
0.001881
0.001545
0.002956
0.001881
0.006248
0.006181
0.004233
0.001814
0.001612
0.002956
0.001277
0.005644
0.003225
0.003225
0.005173
0.001545
0.002889
0.002419
0.008600
0.001277
0.006786
0.003023
0.003359
0.001545
0.007122
0.004233
0.003964
0.002083
0.002956
0.001680
0.006248
0.001680
0.002083
0.001680
0.002822
0.001814
0.009540
0.006786
0.005173
0.001411
0.002889
0.001142
0.002956
0.004703
0.002822
0.002889
0.006719
0.003964
0.002083
0.001814
0.002687
0.001008
0.005778
0.003830
0.002755
0.002016
0.002620
0.001344
0.002419
0.005308
0.001948
0.001680
0.005576
0.009272
0.003830
0.001612
0.002486
0.001948
0.005509
0.002822
0.004031
0.001075
0.006853
0.002150
0.001747
0.004098
0.002956
0.001680
0.003292
