0.069269
0.000941
0.003628
0.003762
0.002419
0.001747
0.011690
0.003830
0.001747
0.002150
0.003561
0.002217
0.003292
0.001075
0.006517
0.010951
0.005442
0.001277
0.002620
0.004233
0.003292
0.001209
0.006047
0.003762
0.002553
0.003561
0.005106
0.001948
0.002687
0.001747
0.007323
0.007256
0.005912
0.001478
0.003158
0.005106
0.005173
0.001344
0.005509
0.002822
0.001680
0.004300
0.006316
0.003158
0.014915
0.001545
0.004434
0.001411
0.004972
0.001344
0.002419
0.001814
0.005173
0.002217
0.010212
0.003091
0.002150
0.001747
0.002755
0.002284
0.013169
0.002486
0.005778
0.003762
0.005644
0.001478
0.002755
0.004367
0.001881
0.003426
0.002217
0.003091
0.001814
0.004837
0.003695
0.002284
0.002284
0.001612
0.002755
0.005106
0.003225
0.002419
0.001747
0.001680
0.003292
0.009742
0.003359
0.004367
0.001680
0.001344
0.003225
0.002553
0.005845
0.002083
0.005106
0.012026
0.008130
0.001478
0.001612
0.002687
0.005375
0.008600
0.002150
0.003561
0.002755
0.001612
0.003225
0.001478
0.014176
0.001612
0.003359
0.001948
0.007458
0.001277
0.003091
0.002419
0.007189
0.005711
0.001747
0.002217
0.002822
0.004031
0.003695
0.002352
0.012094
0.002150
0.002419
0.002553
0.001747
0.001612
0.004770
0.004972
0.001814
0.003830
0.007189
0.002217
0.002083
0.001277
0.003359
0.003628
0.005644
0.000739
0.003897
0.006853
0.004233
0.002083
0.002352
0.006383
0.002822
0.002419
0.005442
0.003426
0.004166
0.001411
0.006383
0.001680
0.003426
0.001344
0.003628
0.005173
0.006517
0.002889
0.003426
0.004837
0.002083
0.002150
0.003897
0.002620
0.002217
0.001680
0.007458
0.003897
0.008801
0.001008
0.002553
0.004300
0.003897
0.001209
0.002755
0.001747
0.002083
0.004367
0.007995
0.002956
0.002956
0.000873
0.002687
0.001747
0.007525
0.002083
0.003225
0.004703
0.003225
0.001075
0.004166
0.007055
0.002016
0.002486
0.003628
0.002083
0.003561
0.008801
0.001948
0.002822
0.003762
0.000672
0.001747
0.002755
0.001209
0.001344
0.001478
0.002217
0.002083
0.004905
0.005778
0.003561
0.002016
0.001008
0.002016
0.002889
0.005711
0.001277
0.002889
0.006248
0.007122
0.001747
0.001881
0.002620
0.003292
0.003830
0.004098
0.002687
0.004367
0.001881
0.001948
0.001612
0.010951
0.001344
0.001344
0.003292
0.009070
0.001008
0.004636
0.002217
0.002419
0.003762
0.003091
0.002083
0.001680
0.006248
0.002620
0.002822
0.011489
0.001008
0.002956
0.002889
