0.072830
0.000605
0.002016
0.006920
0.003494
0.001680
0.009473
0.002486
0.001680
0.001008
0.003359
0.002486
0.003426
0.002553
0.003561
0.008130
0.003158
0.001344
0.002755
0.005106
0.001948
0.000806
0.005106
0.005912
0.002083
0.001814
0.005711
0.001344
0.001545
0.003023
0.004031
0.011690
0.007525
0.000941
0.002352
0.009876
0.005375
0.001545
0.010615
0.001545
0.002217
0.001948
0.006248
0.002083
0.007055
0.001814
0.005173
0.001075
0.003897
0.001277
0.002755
0.002150
0.003426
0.002486
0.010548
0.003292
0.003628
0.002419
0.004501
0.001008
0.013773
0.003426
0.004166
0.005509
0.004972
0.003964
0.001142
0.008264
0.001478
0.006047
0.002284
0.002956
0.001545
0.003762
0.004166
0.001814
0.001814
0.003426
0.001814
0.004098
0.002419
0.002284
0.001814
0.002352
0.002755
0.009406
0.002217
0.002755
0.001277
0.002620
0.002486
0.002083
0.005173
0.007323
0.002620
0.016662
0.004905
0.003561
0.001209
0.003359
0.004031
0.007995
0.004233
0.001747
0.002083
0.003628
0.002620
0.001008
0.012497
0.004770
0.003762
0.000739
0.006517
0.002352
0.001209
0.003762
0.008398
0.007390
0.001747
0.001680
0.003695
0.005106
0.004367
0.000806
0.016528
0.005980
0.001277
0.001545
0.001612
0.001008
0.002083
0.007726
0.002620
0.002419
0.003695
0.002419
0.002553
0.001075
0.002150
0.003628
0.004770
0.001948
0.001411
0.004905
0.001747
0.000806
0.002217
0.008331
0.001948
0.001680
0.004770
0.003695
0.001881
0.000941
0.008331
0.002486
0.002486
0.001209
0.002956
0.007928
0.009406
0.001545
0.002083
0.006114
0.003561
0.001478
0.006383
0.001545
0.001747
0.002620
0.008062
0.002956
0.006114
0.001545
0.003359
0.004098
0.003225
0.001747
0.002083
0.001612
0.002016
0.003225
0.006987
0.002016
0.002620
0.001344
0.005241
0.001545
0.008533
0.001814
0.002352
0.008331
0.005241
0.005039
0.001612
0.010817
0.001680
0.004031
0.001747
0.001948
0.001209
0.007861
0.001411
0.002486
0.002083
0.002217
0.001209
0.003225
0.002486
0.002956
0.001075
0.001814
0.001948
0.005241
0.005576
0.001881
0.001747
0.002352
0.001881
0.001545
0.006853
0.003292
0.001209
0.007794
0.004837
0.003628
0.001008
0.001411
0.002687
0.003561
0.004703
0.001478
0.002822
0.003494
0.001680
0.001277
0.006181
0.002083
0.001881
0.003897
0.008130
0.002083
0.000941
0.001344
0.003897
0.004501
0.002553
0.001344
0.003158
0.007189
0.003561
0.000873
0.011019
0.003830
0.002352
0.003359
