0.093994
0.001344
0.002016
0.002620
0.003023
0.003762
0.008062
0.002822
0.002687
0.001612
0.002217
0.001680
0.002822
0.004434
0.003695
0.011019
0.004837
0.002419
0.001545
0.004434
0.004367
0.001478
0.006248
0.002956
0.002150
0.004166
0.003695
0.001545
0.001814
0.002486
0.003091
0.005106
0.006181
0.002016
0.001747
0.004501
0.006047
0.002016
0.005509
0.001612
0.003494
0.003628
0.004098
0.002755
0.008801
0.003091
0.003158
0.002150
0.003830
0.001545
0.002687
0.001411
0.006316
0.002687
0.010279
0.003359
0.004972
0.001478
0.002755
0.001747
0.011287
0.002687
0.002755
0.002822
0.004501
0.003561
0.002016
0.002956
0.003762
0.007794
0.001545
0.003091
0.003695
0.004501
0.004098
0.002419
0.003091
0.004837
0.002553
0.008936
0.002486
0.002217
0.001478
0.003897
0.004031
0.010347
0.002956
0.002150
0.001948
0.003762
0.002553
0.001277
0.002150
0.006316
0.002755
0.011690
0.003762
0.002956
0.001411
0.001680
0.005845
0.013034
0.003158
0.003225
0.004905
0.003964
0.002016
0.001142
0.010817
0.005173
0.001948
0.002755
0.005039
0.002217
0.001612
0.004770
0.005980
0.007995
0.002620
0.001948
0.003561
0.004233
0.004434
0.002419
0.007659
0.003561
0.002956
0.001277
0.002284
0.001612
0.001142
0.002889
0.002284
0.004300
0.005845
0.001948
0.001747
0.002150
0.002016
0.001814
0.005845
0.001814
0.001680
0.005912
0.003762
0.003561
0.001747
0.005912
0.004233
0.002352
0.004770
0.002016
0.003830
0.003225
0.004434
0.001008
0.004569
0.002083
0.001881
0.003494
0.006114
0.002956
0.002217
0.002755
0.004300
0.002755
0.004770
0.001344
0.003225
0.003158
0.006450
0.002553
0.006316
0.001814
0.001344
0.002687
0.002755
0.001277
0.002620
0.001411
0.004770
0.003561
0.005644
0.001881
0.003292
0.001545
0.001881
0.001209
0.007592
0.002486
0.001948
0.004569
0.003695
0.003225
0.003762
0.006316
0.002486
0.004636
0.002687
0.001747
0.003762
0.007659
0.002016
0.002419
0.004905
0.002822
0.001881
0.005039
0.001142
0.002150
0.001881
0.003292
0.003091
0.005912
0.004434
0.002284
0.002553
0.002620
0.001277
0.002284
0.005039
0.003359
0.001545
0.005106
0.004367
0.003091
0.002083
0.001411
0.003695
0.006114
0.005241
0.002352
0.004434
0.004098
0.002016
0.001881
0.007256
0.003225
0.001747
0.004300
0.006651
0.002755
0.002620
0.002352
0.004031
0.004031
0.003023
0.001612
0.003292
0.006920
0.002284
0.002284
0.005576
0.003426
0.002419
0.002016
