0.098898
0.001344
0.003494
0.003762
0.002016
0.003292
0.012362
0.003830
0.001209
0.002486
0.007525
0.002889
0.003359
0.003426
0.004098
0.010011
0.002755
0.001478
0.002889
0.006316
0.001411
0.001680
0.009473
0.004703
0.000941
0.003561
0.008936
0.002956
0.001747
0.002150
0.009272
0.012631
0.002889
0.001612
0.003023
0.003964
0.003628
0.001814
0.008734
0.001881
0.002083
0.004367
0.008465
0.001277
0.013773
0.002486
0.006651
0.000873
0.003292
0.000605
0.001881
0.002822
0.002889
0.003091
0.009944
0.003292
0.002755
0.002620
0.007794
0.002083
0.008533
0.002352
0.005576
0.003897
0.003494
0.000806
0.001881
0.004972
0.002016
0.003225
0.002822
0.004098
0.001478
0.004166
0.005845
0.001612
0.002150
0.002217
0.002822
0.004166
0.002083
0.001277
0.002150
0.003762
0.003158
0.007794
0.004098
0.002889
0.001142
0.002486
0.004434
0.002620
0.002083
0.003225
0.004501
0.009540
0.003628
0.002083
0.002217
0.002150
0.003225
0.008465
0.003225
0.002755
0.001881
0.002217
0.003628
0.001411
0.010011
0.002620
0.002822
0.002486
0.003426
0.002284
0.001478
0.003830
0.003628
0.005173
0.003359
0.001747
0.002016
0.003762
0.004770
0.001881
0.005241
0.003964
0.002755
0.002284
0.001612
0.002150
0.005980
0.006651
0.001411
0.004300
0.008331
0.002956
0.001075
0.001680
0.007659
0.003561
0.003023
0.002620
0.002284
0.005241
0.001344
0.002217
0.003426
0.008264
0.001545
0.001881
0.008264
0.003762
0.001008
0.001680
0.012497
0.002889
0.002553
0.002150
0.004098
0.006248
0.005241
0.001747
0.003561
0.003091
0.002822
0.002016
0.006786
0.001344
0.001881
0.002352
0.011556
0.002419
0.004098
0.001948
0.003762
0.001612
0.002553
0.001545
0.003830
0.002352
0.002083
0.004703
0.007995
0.002419
0.001814
0.001344
0.004972
0.002553
0.003628
0.001545
0.003695
0.004501
0.001411
0.001747
0.005308
0.006987
0.001747
0.002755
0.003897
0.001747
0.001747
0.006651
0.003426
0.003494
0.001881
0.001948
0.002083
0.003359
0.001612
0.001545
0.002620
0.002217
0.001948
0.004233
0.005509
0.001478
0.001948
0.003023
0.002284
0.003695
0.004300
0.001680
0.002419
0.003695
0.003023
0.002486
0.002352
0.002486
0.002217
0.004233
0.003628
0.002016
0.001545
0.002553
0.002687
0.001881
0.005039
0.001411
0.001277
0.004501
0.005308
0.002083
0.002822
0.002217
0.001948
0.003830
0.004636
0.001478
0.002016
0.006316
0.003359
0.002889
0.003830
0.002553
0.002486
0.003091
