0.109043
0.002956
0.004098
0.003426
0.002284
0.003762
0.007995
0.004233
0.002284
0.002956
0.002352
0.003359
0.001747
0.002486
0.003426
0.008734
0.003158
0.004233
0.003158
0.003762
0.003762
0.003158
0.005845
0.002889
0.003091
0.003762
0.003830
0.002956
0.003091
0.002486
0.004098
0.004233
0.003225
0.003426
0.002217
0.004300
0.002755
0.003561
0.004636
0.002956
0.002822
0.004501
0.003158
0.003426
0.004501
0.003091
0.002419
0.003023
0.002620
0.002889
0.002486
0.003426
0.003762
0.003158
0.010078
0.003695
0.002687
0.002486
0.002150
0.002150
0.007189
0.002620
0.003494
0.003292
0.004501
0.002217
0.003628
0.003292
0.002352
0.005442
0.002150
0.004501
0.003292
0.003426
0.003628
0.001881
0.002620
0.003561
0.002419
0.006181
0.001881
0.004233
0.002687
0.002620
0.002486
0.008264
0.002352
0.003426
0.001814
0.003359
0.002889
0.003897
0.003158
0.002755
0.003494
0.008734
0.002284
0.003426
0.003225
0.003292
0.003292
0.009473
0.001277
0.003494
0.002755
0.003426
0.004098
0.003628
0.007256
0.003897
0.002687
0.003964
0.002083
0.002755
0.003762
0.003964
0.002352
0.006248
0.002419
0.002956
0.001344
0.003158
0.003023
0.004367
0.003494
0.003359
0.002822
0.002755
0.001344
0.003292
0.003695
0.003359
0.002150
0.004031
0.006450
0.003494
0.002486
0.002419
0.003359
0.002822
0.002956
0.003225
0.003023
0.007390
0.004166
0.003225
0.001814
0.005106
0.003897
0.004703
0.003359
0.001881
0.004233
0.003494
0.004501
0.002150
0.005039
0.002419
0.001881
0.003494
0.006248
0.004837
0.002150
0.003964
0.002016
0.003225
0.002956
0.002620
0.001411
0.003762
0.005778
0.005173
0.003091
0.003561
0.001881
0.004367
0.001612
0.002553
0.002553
0.002620
0.002889
0.003158
0.006316
0.003158
0.001747
0.002822
0.002419
0.003359
0.006920
0.003091
0.002016
0.003561
0.002150
0.002016
0.004837
0.005845
0.002419
0.004837
0.004569
0.003426
0.003762
0.005845
0.002553
0.002956
0.003762
0.002889
0.003628
0.004031
0.002217
0.003158
0.002687
0.002755
0.002486
0.005778
0.002956
0.003225
0.002150
0.002217
0.001344
0.002620
0.004166
0.002553
0.003561
0.007055
0.003494
0.003225
0.002419
0.003158
0.001948
0.006987
0.003628
0.003830
0.001612
0.002486
0.002486
0.002620
0.005845
0.003494
0.002956
0.003359
0.004166
0.002352
0.003561
0.003830
0.001948
0.003695
0.005308
0.003292
0.001814
0.005711
0.002687
0.004233
0.003494
0.002620
0.003494
0.004770
