0.087208
0.000941
0.002889
0.003830
0.003158
0.000806
0.010951
0.005442
0.002486
0.001545
0.004233
0.001814
0.002889
0.002352
0.007323
0.016998
0.006383
0.000873
0.004636
0.007055
0.003292
0.000537
0.008465
0.003225
0.002083
0.002822
0.005106
0.002687
0.003158
0.000806
0.006047
0.007592
0.005912
0.001277
0.003292
0.002889
0.005173
0.000739
0.008600
0.002150
0.003695
0.002486
0.008869
0.001075
0.011825
0.001277
0.012833
0.002486
0.005778
0.001008
0.003494
0.002956
0.005509
0.000941
0.010279
0.003158
0.002755
0.000806
0.005173
0.001478
0.010683
0.001344
0.006383
0.001814
0.003964
0.001075
0.001680
0.006383
0.000873
0.002553
0.002687
0.005845
0.001814
0.003426
0.004972
0.002284
0.002284
0.001142
0.003830
0.011959
0.003494
0.001277
0.002016
0.006651
0.002889
0.004098
0.003225
0.003292
0.002150
0.001075
0.002620
0.003225
0.002352
0.000873
0.003225
0.011019
0.002889
0.000672
0.002083
0.003897
0.003426
0.005241
0.002352
0.006181
0.002284
0.001142
0.003695
0.001612
0.010548
0.000806
0.006383
0.004837
0.006047
0.001209
0.002822
0.008936
0.004905
0.001814
0.002553
0.002687
0.002486
0.002553
0.002687
0.002083
0.005039
0.001008
0.002553
0.001814
0.001948
0.000403
0.003225
0.003830
0.001747
0.003359
0.005509
0.002419
0.001948
0.000470
0.004233
0.003225
0.006047
0.001142
0.004636
0.010548
0.003964
0.000806
0.006920
0.010683
0.002016
0.000941
0.005778
0.001881
0.003091
0.000605
0.006920
0.002016
0.002620
0.001075
0.004501
0.006853
0.008130
0.000739
0.003359
0.001075
0.003494
0.000806
0.006248
0.001478
0.002687
0.000806
0.012967
0.001680
0.009137
0.001209
0.005039
0.003359
0.003897
0.000941
0.004972
0.001747
0.003897
0.003091
0.008264
0.001612
0.002553
0.000470
0.004031
0.001680
0.005912
0.000470
0.003225
0.004434
0.001680
0.001075
0.002083
0.007592
0.001545
0.001680
0.003225
0.003561
0.001814
0.006316
0.002352
0.003695
0.001948
0.002486
0.002755
0.009809
0.001478
0.000739
0.001680
0.004837
0.002419
0.002217
0.004434
0.002620
0.001075
0.000739
0.001277
0.003091
0.004300
0.000672
0.002352
0.005711
0.003292
0.000806
0.002352
0.002016
0.001612
0.002687
0.003830
0.003023
0.002150
0.001545
0.002553
0.002620
0.006987
0.001948
0.002150
0.008465
0.007928
0.001008
0.003494
0.006316
0.002822
0.002016
0.003158
0.001478
0.001747
0.005980
0.002083
0.003695
0.003561
0.002553
0.001814
0.003023
