0.092650
0.003292
0.003091
0.003494
0.003225
0.003830
0.007122
0.003494
0.001814
0.004501
0.003091
0.001814
0.001948
0.003225
0.002217
0.004636
0.002822
0.002486
0.002419
0.005711
0.001612
0.003359
0.005778
0.002822
0.003023
0.004031
0.005644
0.002150
0.001747
0.004367
0.003561
0.004972
0.007726
0.003897
0.003292
0.004501
0.002755
0.003225
0.003561
0.002419
0.002889
0.003762
0.005375
0.003830
0.003426
0.002419
0.001545
0.003225
0.002352
0.002150
0.003897
0.004434
0.003830
0.003897
0.005711
0.004031
0.000941
0.003628
0.002755
0.002755
0.006517
0.003964
0.002889
0.002687
0.003158
0.003762
0.004434
0.006651
0.003023
0.006047
0.003762
0.003225
0.002889
0.007256
0.003158
0.002687
0.001948
0.004367
0.002822
0.003494
0.003292
0.003091
0.003830
0.004098
0.003359
0.007458
0.002956
0.003561
0.002553
0.003292
0.003023
0.002150
0.002956
0.003359
0.004636
0.007323
0.002620
0.002687
0.003426
0.005644
0.001948
0.007995
0.003091
0.003561
0.001881
0.002687
0.003561
0.003628
0.006584
0.002822
0.002620
0.003292
0.005711
0.002486
0.002553
0.003494
0.003158
0.003225
0.003023
0.003359
0.001948
0.005980
0.003023
0.002486
0.004367
0.003292
0.003359
0.002217
0.002217
0.002687
0.002889
0.005375
0.002150
0.004300
0.004501
0.002687
0.002083
0.002755
0.003897
0.002822
0.003292
0.002889
0.002083
0.005980
0.001948
0.002755
0.001545
0.006987
0.003158
0.003225
0.002822
0.002083
0.003158
0.003091
0.007055
0.002755
0.003091
0.003225
0.004972
0.004905
0.010548
0.004367
0.001680
0.002889
0.001612
0.004703
0.003225
0.002755
0.002486
0.003561
0.009137
0.004233
0.002352
0.002687
0.002284
0.005509
0.001814
0.001545
0.002217
0.002956
0.003225
0.002822
0.004569
0.002419
0.002150
0.002553
0.003091
0.002822
0.005308
0.003762
0.004434
0.005039
0.002217
0.002687
0.002956
0.008801
0.002217
0.004703
0.004166
0.002486
0.002553
0.011758
0.002687
0.002956
0.002217
0.002419
0.003830
0.003561
0.001545
0.002822
0.002486
0.003695
0.003561
0.006047
0.003628
0.002419
0.002687
0.004837
0.001814
0.002889
0.004166
0.003158
0.004300
0.006450
0.004972
0.001881
0.001881
0.002956
0.002150
0.006181
0.002755
0.002889
0.002553
0.004569
0.002083
0.002889
0.004569
0.001814
0.002687
0.003359
0.007928
0.002284
0.002956
0.002217
0.003292
0.003695
0.002822
0.003494
0.001881
0.008465
0.002150
0.003359
0.002553
0.002217
0.003695
0.004367
