0.062282
0.002419
0.003091
0.004031
0.004905
0.001814
0.006181
0.001948
0.003158
0.003023
0.004636
0.002486
0.003225
0.003091
0.003897
0.008801
0.004300
0.002284
0.003292
0.004972
0.004434
0.002352
0.005576
0.004098
0.003494
0.003091
0.006517
0.001612
0.003628
0.001747
0.006584
0.006181
0.008936
0.002083
0.004636
0.004098
0.003561
0.001411
0.003292
0.002217
0.003023
0.001680
0.005576
0.001948
0.003426
0.001881
0.003964
0.002217
0.004905
0.002755
0.003292
0.004233
0.003426
0.002553
0.009003
0.004233
0.003628
0.003359
0.005711
0.001478
0.009675
0.003292
0.004905
0.003964
0.005711
0.002553
0.002620
0.005509
0.003292
0.002486
0.002083
0.002083
0.003225
0.004837
0.004233
0.001814
0.003225
0.002755
0.002217
0.005039
0.004233
0.001612
0.004569
0.002755
0.005912
0.005644
0.003628
0.002620
0.004031
0.001680
0.004098
0.001344
0.004501
0.001680
0.005106
0.008197
0.004434
0.003023
0.003830
0.003292
0.003494
0.006853
0.003359
0.001680
0.002956
0.002150
0.004300
0.001881
0.008600
0.001881
0.004770
0.002016
0.006920
0.002352
0.002620
0.002889
0.004367
0.003561
0.002352
0.002889
0.003359
0.004434
0.004166
0.001747
0.005106
0.002755
0.003023
0.001612
0.003494
0.002822
0.002956
0.003561
0.004905
0.002889
0.004837
0.001881
0.003426
0.001680
0.004636
0.002217
0.004569
0.003292
0.004300
0.005442
0.003091
0.002822
0.003628
0.007390
0.003628
0.002419
0.005912
0.001948
0.004031
0.001881
0.007726
0.002016
0.005442
0.002822
0.004905
0.004837
0.010011
0.002486
0.002419
0.003494
0.003897
0.002217
0.003091
0.002755
0.003091
0.001948
0.008801
0.002553
0.004703
0.003292
0.003762
0.002822
0.005711
0.001411
0.003091
0.002083
0.003225
0.002419
0.005845
0.002956
0.002419
0.002016
0.004636
0.002352
0.008264
0.004233
0.003762
0.005375
0.003091
0.002083
0.003695
0.007323
0.002889
0.002217
0.003695
0.001142
0.003494
0.007794
0.004233
0.002553
0.004770
0.002150
0.002419
0.003091
0.004166
0.001948
0.002150
0.002352
0.004367
0.004636
0.005644
0.001948
0.002755
0.002889
0.002889
0.001411
0.005308
0.001680
0.003964
0.005241
0.004300
0.002016
0.002687
0.002486
0.002486
0.003695
0.004905
0.002352
0.003426
0.002620
0.003897
0.001478
0.006114
0.002553
0.004300
0.003359
0.009608
0.001277
0.003762
0.001948
0.003561
0.002822
0.003628
0.002284
0.003695
0.007995
0.002889
0.001814
0.004905
0.002889
0.003561
0.002687
