0.087006
0.000605
0.002889
0.003292
0.004434
0.000806
0.009473
0.004031
0.001881
0.002083
0.004972
0.004434
0.004166
0.002150
0.004972
0.009406
0.005442
0.002217
0.003023
0.004300
0.003359
0.001478
0.012362
0.006047
0.003091
0.003225
0.004770
0.002687
0.002217
0.001142
0.005308
0.009137
0.006920
0.001545
0.002150
0.002889
0.007122
0.000537
0.007794
0.002016
0.003091
0.003023
0.007390
0.001545
0.008533
0.002150
0.004434
0.001948
0.004905
0.001411
0.003561
0.002620
0.004501
0.002217
0.013572
0.002687
0.002956
0.001747
0.003762
0.001545
0.009205
0.003023
0.004770
0.004434
0.003897
0.001209
0.002016
0.004233
0.002553
0.003830
0.002284
0.003964
0.001478
0.005778
0.006181
0.001344
0.003762
0.002755
0.002083
0.005106
0.003561
0.002419
0.001478
0.003359
0.003628
0.006651
0.005241
0.003359
0.001612
0.002284
0.003292
0.002687
0.002284
0.002217
0.003897
0.004905
0.004837
0.001881
0.001277
0.001881
0.006517
0.008533
0.002956
0.002755
0.002889
0.001680
0.002956
0.001478
0.010279
0.002956
0.003158
0.003830
0.006651
0.001747
0.002687
0.003426
0.003897
0.003091
0.002486
0.002217
0.003628
0.005106
0.003964
0.001478
0.005778
0.001612
0.001545
0.002150
0.001680
0.001545
0.002956
0.005308
0.002419
0.003158
0.005442
0.002822
0.003292
0.000873
0.003897
0.002620
0.005375
0.001814
0.003225
0.007659
0.003628
0.002755
0.003292
0.005912
0.002553
0.001747
0.007726
0.002755
0.004300
0.002016
0.008197
0.001948
0.003023
0.001680
0.003830
0.003561
0.008062
0.002016
0.002755
0.001478
0.004031
0.002217
0.007525
0.001344
0.003897
0.002083
0.010347
0.001411
0.005576
0.001478
0.003695
0.002620
0.006450
0.001545
0.003695
0.001612
0.003158
0.003561
0.008398
0.001612
0.004770
0.001545
0.004636
0.001075
0.007525
0.001612
0.003158
0.003762
0.002217
0.001814
0.003359
0.006517
0.002083
0.003158
0.001814
0.002150
0.002889
0.011019
0.003359
0.002553
0.003494
0.001948
0.001612
0.004098
0.002150
0.003359
0.001008
0.004031
0.001814
0.003561
0.007189
0.001680
0.001881
0.003762
0.001344
0.001814
0.005980
0.003225
0.003023
0.004300
0.004636
0.002755
0.001680
0.001478
0.003762
0.004636
0.004837
0.001680
0.003897
0.001612
0.001411
0.000806
0.007323
0.001881
0.003091
0.004434
0.008062
0.001747
0.002150
0.003225
0.003830
0.002083
0.002956
0.001344
0.003426
0.007861
0.001612
0.001209
0.005644
0.002083
0.001411
0.002486
