0.089291
0.002553
0.002553
0.004972
0.003158
0.002486
0.010212
0.003628
0.001478
0.002553
0.002755
0.001680
0.002284
0.003494
0.003695
0.007592
0.003897
0.003023
0.002956
0.005308
0.002553
0.002083
0.004434
0.003091
0.002217
0.004703
0.003897
0.002553
0.003091
0.001747
0.002755
0.005912
0.005644
0.002553
0.002755
0.006584
0.004098
0.001814
0.007055
0.002419
0.002620
0.003158
0.003158
0.002083
0.004569
0.002755
0.003628
0.002083
0.003091
0.001545
0.002956
0.002822
0.003292
0.002687
0.009742
0.003494
0.002755
0.001747
0.002755
0.002150
0.012833
0.003494
0.002284
0.004972
0.006383
0.002755
0.002083
0.005576
0.002419
0.007189
0.001545
0.002822
0.002687
0.004837
0.003561
0.001881
0.001814
0.006181
0.002419
0.004098
0.003023
0.003628
0.002755
0.004300
0.003494
0.009675
0.002284
0.002956
0.002553
0.002620
0.002486
0.002620
0.004434
0.004098
0.002150
0.011690
0.005576
0.004098
0.001008
0.003158
0.003023
0.008331
0.002889
0.003494
0.003494
0.002419
0.001747
0.001881
0.008130
0.004569
0.003628
0.003762
0.004434
0.002755
0.002822
0.004233
0.004367
0.006920
0.002553
0.002755
0.002620
0.003426
0.003964
0.002419
0.007928
0.004300
0.001344
0.003158
0.001142
0.002217
0.002553
0.004569
0.002150
0.003494
0.006114
0.002687
0.001680
0.001948
0.003494
0.002150
0.004098
0.002352
0.003762
0.005711
0.001881
0.002889
0.002150
0.005912
0.002620
0.002486
0.003830
0.003225
0.002083
0.003561
0.005711
0.003964
0.004031
0.002822
0.002553
0.005106
0.009070
0.003359
0.002150
0.003762
0.003292
0.003225
0.005576
0.001612
0.002419
0.003628
0.006181
0.002553
0.003762
0.002419
0.003158
0.003426
0.002889
0.001747
0.003158
0.002150
0.003023
0.003225
0.004636
0.002217
0.001881
0.002217
0.003359
0.002352
0.006450
0.002822
0.003292
0.006181
0.003897
0.002755
0.002284
0.008264
0.002352
0.004837
0.002419
0.002150
0.003628
0.005644
0.001948
0.002486
0.003023
0.004367
0.002486
0.003897
0.001881
0.003023
0.001478
0.003426
0.003762
0.005173
0.005778
0.002083
0.002150
0.004367
0.002083
0.001747
0.006786
0.003023
0.002419
0.004972
0.004098
0.004166
0.001948
0.001948
0.003897
0.006248
0.003830
0.002956
0.003359
0.002553
0.001277
0.002284
0.005576
0.003359
0.003830
0.005106
0.005912
0.002956
0.002083
0.003426
0.003023
0.003359
0.002687
0.002352
0.002822
0.006316
0.003023
0.001612
0.006047
0.003830
0.001881
0.003091
