0.056168
0.001075
0.003964
0.003897
0.003762
0.002150
0.012161
0.003695
0.002620
0.001411
0.005845
0.002889
0.003292
0.002486
0.005442
0.008465
0.004770
0.001747
0.004166
0.006316
0.001881
0.001008
0.006383
0.003628
0.002553
0.003628
0.009339
0.002755
0.002419
0.001545
0.005241
0.005576
0.008331
0.001411
0.004636
0.005576
0.004233
0.001612
0.010212
0.002352
0.001814
0.003695
0.009742
0.002486
0.005778
0.001008
0.006517
0.002083
0.004636
0.001747
0.005509
0.003359
0.002755
0.001277
0.011892
0.003494
0.001881
0.001612
0.006853
0.002822
0.011623
0.001411
0.006786
0.003023
0.004905
0.001680
0.003158
0.007726
0.001612
0.002755
0.002956
0.003494
0.002016
0.004770
0.005375
0.002083
0.001747
0.000941
0.003091
0.005576
0.002822
0.001277
0.002419
0.004031
0.002956
0.007189
0.003695
0.003158
0.001411
0.002486
0.003426
0.002150
0.004905
0.001075
0.004098
0.008130
0.003426
0.001142
0.002486
0.003494
0.002553
0.007323
0.004300
0.003359
0.001411
0.001948
0.003225
0.001545
0.008465
0.000941
0.004905
0.002956
0.007659
0.001277
0.003359
0.003494
0.003964
0.002755
0.002755
0.002419
0.001948
0.003426
0.005039
0.001881
0.006719
0.000806
0.002553
0.002284
0.002083
0.000537
0.006316
0.005442
0.002150
0.003897
0.009070
0.002889
0.001680
0.001142
0.004367
0.003292
0.005980
0.001545
0.003359
0.005778
0.002687
0.001209
0.005173
0.008130
0.002083
0.002150
0.006316
0.002687
0.003359
0.001545
0.010951
0.002956
0.003628
0.001814
0.003494
0.006047
0.010884
0.001209
0.005241
0.001881
0.002083
0.001344
0.008062
0.002083
0.002687
0.002217
0.011019
0.003158
0.006316
0.000873
0.004300
0.003158
0.003964
0.000941
0.007122
0.001680
0.002352
0.003494
0.007525
0.001948
0.001545
0.001277
0.004837
0.002083
0.006786
0.002016
0.006047
0.007189
0.002822
0.001142
0.003628
0.008667
0.001344
0.002284
0.003830
0.002150
0.003225
0.009876
0.002755
0.002687
0.002755
0.000739
0.002822
0.004636
0.002620
0.001142
0.003091
0.003830
0.002217
0.004031
0.005980
0.002553
0.001612
0.002755
0.001411
0.002956
0.006248
0.000941
0.002822
0.006316
0.006987
0.001209
0.002284
0.001545
0.002217
0.003158
0.006181
0.001478
0.002352
0.002620
0.002217
0.002822
0.005711
0.001277
0.003628
0.004300
0.009003
0.000806
0.003494
0.003897
0.001612
0.001814
0.003964
0.001008
0.002083
0.007323
0.004031
0.002620
0.005039
0.000605
0.003158
0.003225
