0.046829
0.001478
0.003426
0.006719
0.003091
0.003762
0.005442
0.005173
0.000806
0.003225
0.004905
0.003695
0.001747
0.003158
0.004770
0.009406
0.002956
0.002083
0.002687
0.007794
0.001612
0.002822
0.007122
0.009406
0.001411
0.004905
0.005644
0.003830
0.001277
0.002822
0.004972
0.011153
0.006450
0.001142
0.002284
0.007995
0.003225
0.002083
0.003091
0.001814
0.000605
0.004300
0.003964
0.001747
0.004300
0.002217
0.006651
0.002486
0.002150
0.001747
0.002352
0.003292
0.002217
0.002956
0.005711
0.004233
0.001680
0.003091
0.002352
0.002150
0.007995
0.003964
0.002889
0.004837
0.005442
0.002284
0.001277
0.008197
0.001209
0.014647
0.001545
0.003225
0.000941
0.007055
0.004166
0.002755
0.001075
0.006651
0.002083
0.009473
0.001277
0.004166
0.001209
0.005039
0.002016
0.011354
0.002822
0.005241
0.001142
0.006248
0.002620
0.002217
0.003225
0.005039
0.003158
0.010212
0.002755
0.002620
0.000806
0.002620
0.001881
0.011690
0.002553
0.003091
0.000739
0.005509
0.001612
0.001814
0.006987
0.005375
0.004569
0.002217
0.004098
0.003426
0.001209
0.003830
0.002284
0.009070
0.001881
0.003359
0.001277
0.008197
0.002956
0.002150
0.005308
0.004703
0.002352
0.002822
0.001612
0.001277
0.005576
0.007122
0.001747
0.005308
0.004770
0.005173
0.000941
0.001142
0.005509
0.003830
0.003830
0.003158
0.002083
0.006786
0.001747
0.002956
0.003158
0.009944
0.000672
0.003091
0.006181
0.005308
0.001545
0.002016
0.006517
0.002620
0.001680
0.001948
0.002956
0.010683
0.009809
0.001209
0.003762
0.004636
0.001814
0.002822
0.004569
0.002150
0.001478
0.002284
0.006853
0.002217
0.002822
0.001680
0.002352
0.002016
0.002083
0.002016
0.002620
0.002620
0.001209
0.005241
0.005644
0.002553
0.002016
0.001680
0.002553
0.002217
0.003426
0.001881
0.002889
0.007390
0.002150
0.003494
0.004300
0.011287
0.001680
0.009339
0.002150
0.004166
0.001075
0.008264
0.003359
0.004233
0.002083
0.003494
0.001612
0.005576
0.001344
0.004636
0.001680
0.004233
0.001075
0.009339
0.005375
0.003091
0.000873
0.005644
0.001747
0.003158
0.005711
0.002352
0.002352
0.007726
0.004300
0.002687
0.001277
0.001814
0.001344
0.008600
0.004166
0.002284
0.002284
0.003695
0.001545
0.002217
0.003830
0.002822
0.001747
0.003830
0.008197
0.004166
0.002150
0.002150
0.001612
0.007861
0.001612
0.002419
0.002352
0.008667
0.002620
0.002687
0.003964
0.003091
0.001075
0.002083
