0.074174
0.002150
0.003091
0.004166
0.003494
0.001411
0.010817
0.004098
0.001344
0.001747
0.002083
0.004031
0.003359
0.002217
0.005711
0.015654
0.007256
0.002620
0.001948
0.008062
0.002620
0.002016
0.004166
0.005039
0.003023
0.002956
0.004837
0.002419
0.003158
0.001680
0.003628
0.010750
0.005308
0.002016
0.002150
0.005912
0.006651
0.000941
0.010884
0.002956
0.002284
0.002553
0.003158
0.003762
0.012765
0.001478
0.005106
0.003225
0.006786
0.001612
0.002822
0.004166
0.003359
0.001612
0.009070
0.003494
0.003023
0.001948
0.001948
0.002352
0.010884
0.002284
0.004233
0.005241
0.004233
0.001612
0.002284
0.005778
0.002150
0.003494
0.003091
0.003762
0.002217
0.003292
0.002150
0.002419
0.002889
0.001612
0.003091
0.008331
0.002755
0.001881
0.002217
0.004031
0.002755
0.008130
0.002352
0.004569
0.001680
0.002016
0.002486
0.002620
0.003225
0.002889
0.002956
0.012900
0.003292
0.001881
0.001881
0.004098
0.004031
0.007458
0.005039
0.002889
0.002687
0.001209
0.002083
0.002822
0.009608
0.002352
0.004770
0.003158
0.005980
0.001478
0.001478
0.005173
0.003695
0.004501
0.001814
0.003426
0.002083
0.002284
0.003762
0.002620
0.006383
0.002486
0.001814
0.003225
0.002150
0.001478
0.002755
0.005509
0.001948
0.003091
0.007189
0.003897
0.001612
0.000605
0.002150
0.003762
0.006114
0.001008
0.002755
0.010347
0.003359
0.002755
0.002284
0.009608
0.003023
0.002553
0.003762
0.002755
0.004166
0.001209
0.006047
0.002150
0.005241
0.002553
0.002687
0.007189
0.006853
0.002755
0.001478
0.007122
0.004434
0.001948
0.006450
0.003359
0.002889
0.001478
0.004098
0.004434
0.009809
0.001344
0.002889
0.004837
0.005173
0.001142
0.002620
0.003695
0.001948
0.002755
0.004233
0.002217
0.003426
0.000739
0.003359
0.002016
0.009272
0.001545
0.002620
0.005241
0.001612
0.001814
0.003225
0.009608
0.001680
0.002083
0.002956
0.002553
0.002016
0.006114
0.002889
0.002284
0.002687
0.001008
0.002553
0.005980
0.001747
0.002352
0.002150
0.003426
0.001344
0.004434
0.003158
0.002822
0.002822
0.001277
0.002083
0.002284
0.005308
0.002016
0.002553
0.009675
0.003225
0.002284
0.001277
0.003628
0.002083
0.004166
0.004098
0.003292
0.001344
0.000873
0.001545
0.002553
0.007928
0.001612
0.003762
0.004905
0.007256
0.000806
0.002419
0.005308
0.001142
0.001612
0.001814
0.002822
0.002083
0.004233
0.003225
0.002755
0.005980
0.001545
0.001612
0.005375
