0.051599
0.000873
0.003561
0.005509
0.004300
0.000873
0.009272
0.004905
0.001680
0.001612
0.006248
0.002755
0.004300
0.001948
0.005173
0.006450
0.005308
0.001142
0.002620
0.004501
0.003292
0.001478
0.007928
0.005576
0.002419
0.003897
0.007592
0.003091
0.002352
0.001209
0.007726
0.008398
0.006651
0.000873
0.003158
0.005241
0.006987
0.001277
0.007122
0.002016
0.002755
0.005308
0.006920
0.001209
0.016797
0.001545
0.004569
0.001814
0.007055
0.000537
0.002419
0.001948
0.006047
0.003292
0.010279
0.003091
0.004636
0.001747
0.003359
0.000739
0.012631
0.001814
0.005173
0.003292
0.005106
0.001411
0.001612
0.004098
0.002889
0.004636
0.001344
0.004233
0.001612
0.005375
0.008062
0.001612
0.002956
0.003023
0.001411
0.002889
0.002755
0.001277
0.001277
0.001948
0.003897
0.008130
0.004636
0.003158
0.001814
0.002687
0.003762
0.002419
0.003359
0.002150
0.004837
0.006584
0.004636
0.001478
0.001411
0.001680
0.005442
0.008264
0.002822
0.003292
0.002822
0.002284
0.002687
0.001075
0.011220
0.002217
0.003494
0.001948
0.009070
0.001008
0.001881
0.003091
0.006853
0.004569
0.002284
0.002889
0.003359
0.003762
0.003964
0.001478
0.008130
0.002889
0.002486
0.002150
0.001747
0.001075
0.003897
0.005308
0.002687
0.003897
0.005711
0.002352
0.001747
0.001344
0.005173
0.005375
0.005845
0.001075
0.003762
0.004837
0.002352
0.001209
0.002553
0.007323
0.002486
0.001612
0.009070
0.003292
0.002486
0.002150
0.008801
0.002822
0.002687
0.001478
0.005644
0.007592
0.008398
0.001680
0.004300
0.003897
0.003964
0.002083
0.005442
0.001680
0.002755
0.002352
0.012094
0.004098
0.010951
0.001142
0.002419
0.002217
0.005308
0.001075
0.003561
0.001612
0.002889
0.005442
0.006517
0.002083
0.006114
0.001344
0.003225
0.001948
0.008801
0.001277
0.002822
0.006517
0.002419
0.001612
0.002956
0.006920
0.001747
0.002956
0.002352
0.002284
0.001948
0.009608
0.004166
0.003091
0.004367
0.002284
0.003023
0.003292
0.001478
0.001948
0.001814
0.001881
0.001814
0.003628
0.007659
0.001680
0.001948
0.001680
0.001478
0.002083
0.005509
0.001344
0.002016
0.005845
0.003830
0.001478
0.002016
0.001344
0.002150
0.004166
0.005106
0.000873
0.004770
0.004367
0.001277
0.002083
0.009608
0.001545
0.002419
0.003897
0.010750
0.002284
0.002553
0.002419
0.002352
0.004031
0.002419
0.001478
0.004166
0.006920
0.002016
0.001545
0.006853
0.001948
0.001814
0.001814
