0.101317
0.002620
0.003561
0.003628
0.003762
0.004434
0.007525
0.003695
0.002822
0.002755
0.002956
0.003091
0.003964
0.002687
0.001948
0.006114
0.004031
0.003225
0.002284
0.004367
0.003561
0.003091
0.006450
0.002755
0.002755
0.004569
0.004569
0.003292
0.002553
0.002486
0.002889
0.004233
0.003897
0.003359
0.002687
0.004434
0.004367
0.003494
0.005375
0.003426
0.001948
0.005711
0.003292
0.004031
0.005778
0.002419
0.002822
0.003762
0.002755
0.002822
0.002352
0.003695
0.004300
0.003561
0.006987
0.002822
0.003292
0.003695
0.002889
0.002083
0.006853
0.002687
0.001881
0.003628
0.003561
0.001680
0.002889
0.004166
0.003561
0.008062
0.002755
0.004367
0.003023
0.003897
0.002352
0.003023
0.002956
0.004166
0.002687
0.006114
0.003561
0.003494
0.003023
0.004098
0.002352
0.008062
0.003628
0.002352
0.003091
0.002822
0.003023
0.002553
0.002217
0.004367
0.003359
0.006450
0.002419
0.002486
0.002150
0.003158
0.004300
0.007861
0.002889
0.004031
0.003359
0.003158
0.003292
0.002486
0.008869
0.003023
0.001411
0.003158
0.003964
0.003292
0.003359
0.004905
0.003292
0.006853
0.003225
0.003158
0.002620
0.003628
0.004300
0.003225
0.004367
0.002822
0.002822
0.002620
0.001948
0.003292
0.002822
0.003964
0.002822
0.004233
0.005173
0.002687
0.001814
0.002486
0.002486
0.003225
0.004434
0.002956
0.002016
0.005576
0.002687
0.002419
0.001545
0.005375
0.003091
0.004098
0.003628
0.002687
0.003762
0.004031
0.005711
0.003292
0.003762
0.003225
0.002620
0.004300
0.004972
0.004233
0.002217
0.002553
0.002352
0.003023
0.003091
0.002486
0.002217
0.003762
0.006114
0.003964
0.005241
0.003695
0.002889
0.004703
0.002352
0.002620
0.002217
0.002822
0.002687
0.005778
0.005375
0.002956
0.003023
0.002889
0.002083
0.002620
0.004636
0.001881
0.001881
0.004569
0.002419
0.001747
0.003561
0.006181
0.003561
0.004166
0.004031
0.003023
0.003561
0.008197
0.003359
0.003359
0.003897
0.003225
0.002016
0.004569
0.002956
0.002083
0.001814
0.003158
0.002687
0.005241
0.004098
0.003359
0.003359
0.003494
0.002352
0.003158
0.004098
0.003091
0.002284
0.006316
0.002687
0.002083
0.002755
0.001478
0.002016
0.005644
0.004300
0.002687
0.001814
0.001680
0.002956
0.001814
0.006651
0.002956
0.003023
0.003494
0.004031
0.002687
0.002687
0.004636
0.002352
0.005308
0.003359
0.003494
0.002083
0.005173
0.003023
0.003561
0.003561
0.003225
0.003023
0.003964
