0.047635
0.001142
0.003762
0.004367
0.004703
0.001344
0.010414
0.004166
0.001680
0.001142
0.007794
0.003426
0.003023
0.002419
0.004166
0.004837
0.004367
0.001075
0.003091
0.006181
0.003158
0.001948
0.010817
0.005106
0.002755
0.003628
0.008130
0.002822
0.001881
0.001344
0.008465
0.007928
0.007458
0.001008
0.003426
0.004233
0.005442
0.002217
0.008734
0.002755
0.002956
0.005375
0.006987
0.002217
0.009406
0.002217
0.004031
0.002016
0.004972
0.001344
0.003292
0.002755
0.005845
0.003628
0.011556
0.003628
0.003158
0.001814
0.003426
0.000941
0.012026
0.001747
0.004569
0.002822
0.005106
0.001209
0.001814
0.004166
0.003561
0.004972
0.002083
0.005509
0.001478
0.006450
0.007726
0.002150
0.002150
0.003292
0.002083
0.003628
0.002553
0.001814
0.002419
0.002956
0.004098
0.008197
0.004098
0.003762
0.001545
0.002016
0.004501
0.002486
0.002755
0.002284
0.005241
0.005644
0.005509
0.000941
0.001545
0.001814
0.003762
0.008130
0.002352
0.003964
0.002553
0.002755
0.003292
0.000941
0.010279
0.001814
0.002889
0.003023
0.007928
0.001209
0.001948
0.003561
0.004569
0.003964
0.001881
0.002419
0.003292
0.003964
0.003964
0.001277
0.007189
0.001814
0.002553
0.002016
0.001344
0.001478
0.004636
0.006114
0.002553
0.004501
0.005576
0.002553
0.002083
0.001747
0.006450
0.005912
0.006450
0.001545
0.003964
0.005106
0.001612
0.002284
0.002217
0.006316
0.001545
0.001075
0.009675
0.003628
0.002956
0.001881
0.010750
0.002486
0.003225
0.000806
0.005845
0.006316
0.008801
0.000739
0.004300
0.003494
0.003494
0.001545
0.004367
0.001680
0.003897
0.001680
0.011086
0.004703
0.008936
0.001814
0.004501
0.001612
0.004837
0.001075
0.002822
0.002217
0.003158
0.006651
0.007458
0.002620
0.004233
0.001612
0.005039
0.002150
0.008331
0.001411
0.003225
0.005375
0.002755
0.001344
0.003292
0.006181
0.001545
0.003225
0.002620
0.002553
0.001948
0.011153
0.003695
0.003292
0.003359
0.002822
0.002687
0.004367
0.001209
0.002083
0.002083
0.002687
0.003023
0.003897
0.008197
0.002486
0.001612
0.002486
0.001948
0.002553
0.005039
0.001008
0.003292
0.005442
0.004300
0.001814
0.002486
0.001814
0.002217
0.003695
0.003897
0.001881
0.002956
0.003830
0.002016
0.001612
0.006181
0.001545
0.003158
0.004233
0.006920
0.002284
0.002284
0.002284
0.002217
0.003225
0.003426
0.001277
0.005308
0.008331
0.001209
0.001747
0.005980
0.002352
0.002687
0.001881
