0.090701
0.002083
0.003561
0.003494
0.003359
0.003158
0.007458
0.003359
0.002016
0.002755
0.003158
0.002620
0.002889
0.003695
0.003628
0.008130
0.005912
0.002822
0.002016
0.005039
0.002419
0.002956
0.006987
0.004300
0.002486
0.003561
0.004837
0.001881
0.002755
0.002217
0.003292
0.004233
0.004837
0.002016
0.001747
0.003897
0.005644
0.002889
0.004367
0.002486
0.002687
0.005173
0.004031
0.002217
0.011354
0.002352
0.003762
0.002150
0.005039
0.002419
0.002486
0.003158
0.005308
0.003897
0.008062
0.003225
0.002284
0.003158
0.002352
0.001747
0.008801
0.002889
0.003897
0.002822
0.004770
0.002889
0.002620
0.004972
0.002217
0.005509
0.002620
0.003494
0.002553
0.005980
0.003494
0.002687
0.001881
0.004434
0.002016
0.004233
0.002956
0.002755
0.002217
0.003494
0.002352
0.011019
0.002755
0.004636
0.002352
0.003023
0.002150
0.002620
0.002620
0.004098
0.002755
0.007995
0.003292
0.002553
0.002284
0.002150
0.004031
0.007861
0.002620
0.004434
0.002889
0.003964
0.002083
0.001747
0.012094
0.003494
0.003897
0.002217
0.006450
0.002553
0.002083
0.004501
0.003426
0.005778
0.001747
0.003091
0.002486
0.005106
0.002284
0.001881
0.005106
0.003561
0.002755
0.001478
0.001277
0.001814
0.003091
0.004569
0.002822
0.003897
0.004636
0.002553
0.002083
0.002016
0.003494
0.002822
0.006920
0.003426
0.002889
0.005778
0.003762
0.003628
0.002419
0.005173
0.002352
0.003561
0.004098
0.002755
0.002620
0.002284
0.005845
0.003292
0.002687
0.001881
0.004031
0.003091
0.006786
0.002687
0.002083
0.001344
0.004031
0.001747
0.002822
0.001881
0.002822
0.003628
0.007256
0.003225
0.008130
0.003292
0.003695
0.002486
0.006651
0.002687
0.003561
0.001948
0.002755
0.005845
0.005039
0.001948
0.003158
0.001411
0.003561
0.002217
0.004905
0.002620
0.003091
0.003628
0.002486
0.003091
0.002687
0.006651
0.001881
0.003964
0.002553
0.002822
0.002150
0.012026
0.002620
0.002687
0.003426
0.003830
0.002553
0.005308
0.001612
0.003561
0.001814
0.003426
0.002486
0.005912
0.003225
0.002217
0.001277
0.003830
0.001478
0.003023
0.004837
0.002150
0.003426
0.004837
0.003494
0.003830
0.002083
0.002553
0.001948
0.004837
0.002620
0.002620
0.002553
0.004233
0.002419
0.003695
0.008331
0.003359
0.002083
0.004770
0.010481
0.003359
0.003225
0.002553
0.003494
0.004770
0.002217
0.002150
0.001612
0.004837
0.001680
0.003023
0.003762
0.003091
0.002150
0.002822
