0.063693
0.002217
0.002687
0.002150
0.002822
0.002620
0.011153
0.001881
0.002083
0.002956
0.005039
0.002486
0.002150
0.003023
0.003426
0.007390
0.004837
0.002217
0.002553
0.003628
0.002687
0.003292
0.008936
0.003292
0.002352
0.004972
0.006786
0.001545
0.002016
0.002486
0.005173
0.008398
0.006517
0.003830
0.002284
0.004031
0.006047
0.003359
0.011153
0.001344
0.003830
0.004770
0.006517
0.001142
0.005241
0.002553
0.004166
0.000739
0.003830
0.002150
0.003359
0.001344
0.005039
0.004837
0.011220
0.002150
0.002620
0.002822
0.003964
0.001881
0.008734
0.004703
0.004098
0.003158
0.004636
0.003964
0.001612
0.004905
0.002553
0.004703
0.001747
0.002486
0.001612
0.005912
0.004636
0.001545
0.001881
0.003561
0.002419
0.003158
0.003628
0.002687
0.001948
0.001008
0.003830
0.009339
0.003830
0.002553
0.002486
0.004166
0.003158
0.001008
0.003292
0.005845
0.003897
0.008801
0.003897
0.005375
0.001008
0.001478
0.005980
0.010347
0.002889
0.001478
0.002486
0.006047
0.004569
0.001411
0.008667
0.004367
0.003628
0.001008
0.006316
0.003830
0.002150
0.002620
0.006316
0.007659
0.002217
0.002150
0.003494
0.007390
0.003426
0.001075
0.008734
0.005039
0.002889
0.001612
0.001545
0.001814
0.002755
0.003964
0.003158
0.005375
0.007256
0.001747
0.001142
0.002217
0.005308
0.002083
0.005039
0.002419
0.002016
0.003225
0.002150
0.001814
0.002150
0.006517
0.003292
0.003359
0.006114
0.003158
0.002687
0.002352
0.007122
0.001142
0.002822
0.002822
0.002822
0.005039
0.006719
0.004636
0.002687
0.002956
0.004905
0.003561
0.007726
0.001478
0.003091
0.004367
0.007861
0.002150
0.005912
0.002822
0.002016
0.001478
0.002486
0.001344
0.002016
0.000941
0.002889
0.005039
0.007323
0.002217
0.002822
0.002150
0.003426
0.000739
0.005980
0.004031
0.003359
0.003830
0.003091
0.005912
0.002956
0.007659
0.002687
0.003830
0.003426
0.001948
0.002889
0.007122
0.002889
0.001478
0.003426
0.002822
0.002217
0.002284
0.001680
0.002284
0.001814
0.001478
0.002620
0.007323
0.004501
0.001747
0.001747
0.003897
0.001277
0.000739
0.004098
0.004300
0.002217
0.004233
0.004166
0.003897
0.002486
0.001209
0.004703
0.006517
0.003628
0.000873
0.003494
0.004233
0.001545
0.001075
0.006517
0.003897
0.002284
0.003359
0.007995
0.002755
0.002486
0.001075
0.003897
0.006517
0.005039
0.001545
0.002352
0.009406
0.002217
0.001075
0.006316
0.005375
0.001948
0.001411
