0.070680
0.001075
0.002889
0.000941
0.002419
0.002553
0.011019
0.001612
0.001680
0.002822
0.005308
0.001612
0.002687
0.002553
0.004300
0.005778
0.004434
0.001545
0.002419
0.004569
0.002889
0.001612
0.012564
0.001747
0.001411
0.004166
0.008465
0.002822
0.002217
0.002620
0.006584
0.003091
0.005980
0.001612
0.003494
0.002486
0.004770
0.001948
0.015520
0.000672
0.003964
0.004031
0.009070
0.001545
0.007726
0.001747
0.008734
0.000470
0.004770
0.001209
0.002822
0.000672
0.006450
0.003695
0.015184
0.001948
0.002016
0.002352
0.007995
0.001008
0.009339
0.003897
0.006853
0.001478
0.003762
0.002284
0.001680
0.003964
0.001612
0.007256
0.002016
0.002687
0.002016
0.006316
0.006853
0.002083
0.001747
0.004233
0.002687
0.004098
0.002284
0.002016
0.001881
0.001008
0.004703
0.007726
0.003964
0.001747
0.001277
0.003897
0.004233
0.003225
0.004501
0.003158
0.005106
0.006450
0.004770
0.002150
0.002687
0.000873
0.005106
0.007794
0.005308
0.002217
0.002620
0.002553
0.004300
0.001680
0.009137
0.002956
0.003964
0.000739
0.005644
0.001478
0.002083
0.002016
0.008667
0.009137
0.003023
0.001680
0.002352
0.005576
0.005173
0.002083
0.008398
0.004770
0.002419
0.001545
0.001680
0.001277
0.002956
0.002553
0.001881
0.005308
0.007995
0.002083
0.002822
0.001209
0.004501
0.001008
0.004233
0.001814
0.001948
0.002687
0.001478
0.001881
0.003023
0.008533
0.002352
0.001948
0.008533
0.001881
0.001545
0.002352
0.009272
0.001680
0.002150
0.001344
0.005106
0.002419
0.009540
0.002284
0.004501
0.000672
0.003762
0.002822
0.014042
0.001545
0.004098
0.002016
0.011758
0.000873
0.006114
0.001277
0.004367
0.000941
0.003695
0.001344
0.004770
0.001008
0.004434
0.004837
0.010414
0.001344
0.002083
0.001478
0.006853
0.001075
0.006114
0.001411
0.005308
0.002755
0.002016
0.002956
0.001612
0.007458
0.001411
0.006383
0.004837
0.002486
0.001814
0.010145
0.002419
0.001344
0.002083
0.003494
0.002620
0.002016
0.000806
0.002217
0.001680
0.003359
0.002217
0.004636
0.007122
0.000941
0.000806
0.003494
0.001881
0.001344
0.005711
0.001612
0.002352
0.003225
0.005980
0.001612
0.002083
0.000470
0.002889
0.005106
0.005980
0.001545
0.003762
0.003292
0.001814
0.000873
0.005375
0.002217
0.002956
0.002352
0.008264
0.001344
0.003359
0.001612
0.005039
0.004837
0.004166
0.001008
0.001680
0.007659
0.002956
0.001881
0.006517
0.002419
0.002217
0.001344
