0.073569
0.000941
0.004300
0.002687
0.004972
0.001948
0.012967
0.003426
0.000605
0.000806
0.002083
0.002553
0.005375
0.005173
0.006719
0.010884
0.007726
0.002956
0.004569
0.005308
0.002889
0.001478
0.005778
0.005442
0.002217
0.003091
0.003091
0.001680
0.002822
0.001277
0.003964
0.007794
0.002620
0.001277
0.002083
0.002956
0.004569
0.001814
0.005106
0.002486
0.000672
0.001747
0.002419
0.001277
0.008062
0.002620
0.003897
0.002687
0.004972
0.002419
0.005912
0.003292
0.001680
0.001814
0.007928
0.003762
0.001612
0.001209
0.001948
0.001277
0.005711
0.001814
0.003023
0.002620
0.003426
0.003158
0.001277
0.002956
0.003964
0.013773
0.000806
0.005308
0.000873
0.003494
0.001747
0.001344
0.002956
0.007928
0.001680
0.005241
0.003561
0.006719
0.000941
0.003292
0.002217
0.011623
0.001277
0.003628
0.000537
0.003695
0.000941
0.002217
0.002956
0.003830
0.001209
0.010414
0.003158
0.004098
0.001545
0.002486
0.005375
0.016797
0.002553
0.005442
0.001747
0.002956
0.000537
0.000672
0.013169
0.008533
0.003023
0.003494
0.007458
0.008801
0.002822
0.006316
0.004434
0.016058
0.001545
0.002620
0.001814
0.004972
0.002889
0.001478
0.007323
0.006114
0.000672
0.002822
0.001881
0.002284
0.002822
0.003023
0.002419
0.002956
0.004367
0.001277
0.002083
0.001411
0.001747
0.003426
0.008197
0.002486
0.005778
0.009272
0.004569
0.004636
0.002822
0.005912
0.001142
0.001209
0.003762
0.001612
0.005912
0.002553
0.005711
0.003695
0.003964
0.002419
0.003091
0.004770
0.004098
0.002687
0.001209
0.003359
0.001411
0.001209
0.002620
0.001478
0.001545
0.001948
0.004703
0.002486
0.006987
0.002419
0.004837
0.003897
0.002687
0.001209
0.003897
0.001478
0.000470
0.001814
0.003426
0.001680
0.005039
0.001411
0.002956
0.001747
0.005644
0.001545
0.002217
0.004233
0.002956
0.001881
0.001209
0.005375
0.001881
0.004703
0.001478
0.001411
0.003023
0.006786
0.001411
0.002083
0.005039
0.005778
0.002755
0.004031
0.001747
0.004636
0.001478
0.002284
0.001277
0.005711
0.002284
0.001277
0.002016
0.003225
0.001478
0.002553
0.002956
0.003695
0.000470
0.007256
0.004972
0.002486
0.001008
0.001612
0.001881
0.007323
0.003023
0.001478
0.003762
0.005778
0.000403
0.001881
0.011489
0.008801
0.003762
0.005442
0.005845
0.005106
0.003426
0.003762
0.001478
0.004770
0.001075
0.001680
0.004166
0.010078
0.002419
0.005308
0.004434
0.006517
0.001545
0.004501
