0.112537
0.002486
0.003628
0.001881
0.002419
0.003225
0.008062
0.004233
0.001948
0.003359
0.002889
0.002889
0.002083
0.002620
0.003494
0.005241
0.003494
0.003561
0.002419
0.002553
0.002620
0.002889
0.007055
0.003158
0.002889
0.004837
0.004703
0.002486
0.002217
0.003561
0.003426
0.004972
0.004031
0.002419
0.002956
0.004098
0.003426
0.003023
0.004233
0.002150
0.003158
0.004703
0.004905
0.002217
0.006383
0.001612
0.003762
0.002150
0.002419
0.002217
0.002217
0.003359
0.003561
0.003023
0.009473
0.002620
0.003292
0.004367
0.003830
0.002284
0.008533
0.003292
0.002956
0.001881
0.003830
0.002956
0.002822
0.002956
0.002352
0.007390
0.001747
0.003964
0.002352
0.004434
0.005576
0.003091
0.002620
0.003091
0.001747
0.006786
0.002352
0.004367
0.001277
0.003292
0.002419
0.008667
0.002687
0.002755
0.002822
0.002956
0.003695
0.002889
0.003023
0.003158
0.002486
0.007794
0.002419
0.003762
0.002083
0.002620
0.003023
0.008197
0.003023
0.003225
0.002486
0.002687
0.004098
0.001814
0.007659
0.003964
0.003561
0.002553
0.002150
0.001747
0.002083
0.003494
0.003292
0.006181
0.002553
0.001948
0.002284
0.004233
0.006450
0.002419
0.006719
0.004300
0.003158
0.001948
0.002284
0.002889
0.003964
0.002150
0.002217
0.005308
0.007861
0.003561
0.001747
0.003023
0.002352
0.002620
0.003225
0.003561
0.002352
0.004233
0.002083
0.003628
0.002956
0.005980
0.002284
0.004367
0.005308
0.002150
0.002284
0.004300
0.007122
0.002822
0.003225
0.003091
0.002284
0.003561
0.005576
0.004098
0.003158
0.002352
0.002083
0.004233
0.004233
0.002419
0.003023
0.002620
0.006719
0.003426
0.004098
0.002150
0.003561
0.003091
0.002217
0.003091
0.002620
0.002620
0.003023
0.005778
0.005442
0.001612
0.002352
0.003426
0.003225
0.001612
0.005509
0.002822
0.003628
0.003628
0.002553
0.002620
0.004905
0.003292
0.002956
0.004501
0.003225
0.002687
0.002150
0.008264
0.003023
0.001344
0.002889
0.002822
0.002150
0.004837
0.001948
0.002620
0.003091
0.004367
0.002352
0.007794
0.005644
0.002284
0.002083
0.002352
0.002284
0.002889
0.004434
0.002956
0.002553
0.005039
0.004031
0.003158
0.002284
0.002016
0.002150
0.006920
0.005980
0.003292
0.002620
0.002352
0.003023
0.001881
0.006047
0.003426
0.002217
0.003359
0.005509
0.002217
0.003762
0.002889
0.002486
0.005039
0.003359
0.003359
0.003494
0.005241
0.002822
0.001814
0.005039
0.001747
0.002822
0.003628
