0.145189
0.002083
0.005173
0.003359
0.002956
0.001814
0.007726
0.002889
0.002755
0.001948
0.003628
0.004233
0.002284
0.001277
0.003561
0.005980
0.003225
0.002217
0.001814
0.003292
0.003023
0.001277
0.006047
0.004098
0.002419
0.002822
0.005845
0.001612
0.003762
0.002150
0.004770
0.004972
0.004233
0.002486
0.004569
0.004031
0.003494
0.001478
0.005241
0.002553
0.003561
0.003762
0.007055
0.003225
0.003628
0.002083
0.003561
0.002419
0.003091
0.001948
0.003225
0.002284
0.003359
0.002419
0.010481
0.004837
0.002150
0.002217
0.003091
0.002217
0.008869
0.002889
0.005039
0.004367
0.004367
0.001478
0.004300
0.005711
0.003225
0.003292
0.002553
0.001881
0.003023
0.004031
0.004703
0.002889
0.002150
0.002016
0.001948
0.003023
0.002889
0.001747
0.002486
0.002150
0.003628
0.008264
0.004501
0.003628
0.002620
0.001948
0.003158
0.002217
0.003426
0.002352
0.004703
0.005644
0.004233
0.001612
0.004166
0.003158
0.002755
0.007122
0.003426
0.003091
0.002083
0.001948
0.004905
0.002352
0.005039
0.001612
0.003023
0.002822
0.003359
0.001747
0.002620
0.003023
0.002755
0.002956
0.003359
0.003023
0.002822
0.003494
0.004300
0.001277
0.004501
0.002217
0.003628
0.002016
0.002889
0.001344
0.003897
0.004031
0.002687
0.003897
0.005778
0.002150
0.003023
0.001680
0.005509
0.002419
0.002755
0.002486
0.002553
0.004166
0.002553
0.001545
0.002083
0.004098
0.001948
0.002284
0.004837
0.003158
0.002150
0.001411
0.009272
0.001680
0.004098
0.002486
0.004501
0.003359
0.006651
0.002620
0.004636
0.003426
0.003091
0.002150
0.003830
0.002352
0.003023
0.001881
0.011086
0.004098
0.003494
0.001881
0.003494
0.003762
0.002352
0.001545
0.003830
0.002419
0.002889
0.004367
0.008130
0.002956
0.002083
0.001277
0.003964
0.002016
0.005106
0.001545
0.004636
0.004770
0.003762
0.000941
0.005173
0.006920
0.002486
0.002553
0.004837
0.001545
0.003023
0.009675
0.004569
0.003426
0.002889
0.001612
0.002553
0.002486
0.002352
0.001612
0.002284
0.002889
0.003158
0.003292
0.004501
0.003426
0.002486
0.002553
0.003292
0.002755
0.005106
0.001881
0.004166
0.004367
0.003359
0.001948
0.003091
0.002284
0.002150
0.002486
0.003628
0.002083
0.002755
0.002822
0.003964
0.002419
0.003225
0.002083
0.002620
0.002687
0.004703
0.001545
0.002755
0.001344
0.001680
0.003023
0.004300
0.003023
0.001948
0.006920
0.003426
0.003023
0.004905
0.002553
0.005173
0.002956
