0.076122
0.002083
0.002956
0.003494
0.003426
0.002620
0.008869
0.004770
0.002284
0.003023
0.003225
0.004367
0.001814
0.002956
0.004233
0.010750
0.003830
0.003426
0.002553
0.005644
0.003023
0.001814
0.006383
0.004166
0.002620
0.003964
0.003830
0.003426
0.003091
0.002486
0.003830
0.005039
0.005173
0.003091
0.002419
0.004367
0.003830
0.001948
0.005912
0.003091
0.003091
0.003426
0.003897
0.002822
0.007055
0.001948
0.005241
0.003023
0.003225
0.001948
0.002150
0.004233
0.003628
0.001344
0.009205
0.004905
0.002822
0.002755
0.002687
0.002889
0.010347
0.003225
0.004233
0.003695
0.005442
0.002486
0.003158
0.005039
0.002486
0.006786
0.001948
0.005241
0.002419
0.004166
0.005106
0.002889
0.002083
0.002553
0.001948
0.006719
0.002687
0.002486
0.001680
0.005173
0.003561
0.008667
0.003359
0.004636
0.001881
0.002486
0.002956
0.003359
0.004501
0.002620
0.003964
0.007592
0.004837
0.002956
0.002083
0.002620
0.003762
0.007659
0.002486
0.004166
0.002419
0.002083
0.003292
0.003292
0.007928
0.002419
0.003762
0.002687
0.004166
0.002284
0.001814
0.005912
0.004300
0.005308
0.002822
0.003494
0.002889
0.003628
0.003695
0.003091
0.005711
0.002889
0.003158
0.003494
0.002083
0.002687
0.004300
0.003897
0.001814
0.004569
0.005173
0.003695
0.001612
0.001478
0.003830
0.002822
0.004031
0.002620
0.003426
0.007592
0.002486
0.002553
0.002083
0.007928
0.002687
0.003359
0.003359
0.004166
0.002620
0.001612
0.005576
0.002889
0.003897
0.002217
0.003426
0.005039
0.006584
0.003359
0.003426
0.004031
0.002284
0.003225
0.003359
0.003561
0.002217
0.002687
0.008465
0.005039
0.005308
0.002016
0.002486
0.003628
0.002755
0.002284
0.003426
0.002217
0.003023
0.003830
0.005173
0.003426
0.002687
0.001747
0.002150
0.002553
0.005778
0.002352
0.003225
0.006047
0.004031
0.002217
0.004166
0.005845
0.002284
0.004501
0.003359
0.002956
0.003225
0.005576
0.003359
0.003225
0.003762
0.001948
0.002822
0.004770
0.001881
0.002687
0.002352
0.002217
0.003158
0.005576
0.004569
0.003494
0.002352
0.001948
0.001277
0.002352
0.005778
0.002352
0.004233
0.006114
0.005173
0.002620
0.002553
0.002755
0.001881
0.004636
0.004770
0.003897
0.001881
0.001545
0.001612
0.002150
0.004972
0.002352
0.002889
0.007122
0.004569
0.001612
0.003695
0.002553
0.003225
0.004300
0.002822
0.002352
0.002284
0.004300
0.001814
0.003225
0.005241
0.002687
0.002687
0.004636
