0.049113
0.002284
0.003359
0.004300
0.002553
0.002687
0.008533
0.004501
0.001814
0.001680
0.003830
0.003292
0.002620
0.002822
0.003964
0.009473
0.003426
0.002486
0.002486
0.007525
0.001948
0.001814
0.005912
0.005308
0.002083
0.003225
0.003628
0.001545
0.002486
0.002083
0.004972
0.009809
0.005308
0.001948
0.004636
0.006517
0.003091
0.002284
0.005980
0.003225
0.002284
0.003091
0.006248
0.003964
0.004501
0.001612
0.004233
0.002486
0.002486
0.002217
0.003023
0.003225
0.002822
0.002217
0.011354
0.003359
0.001612
0.002419
0.003359
0.002486
0.008264
0.002956
0.006450
0.003897
0.004569
0.001814
0.005106
0.007928
0.002083
0.008062
0.003225
0.007525
0.003158
0.004434
0.005308
0.003359
0.002419
0.004434
0.002352
0.010884
0.002083
0.003292
0.002419
0.005442
0.002822
0.010145
0.003628
0.003762
0.001142
0.003292
0.003225
0.002553
0.002687
0.002016
0.003897
0.012900
0.002822
0.001881
0.003023
0.004300
0.002419
0.008465
0.002620
0.003494
0.002352
0.001814
0.002755
0.002150
0.006248
0.003695
0.003426
0.003292
0.004434
0.001814
0.002956
0.004501
0.002620
0.004972
0.003225
0.001881
0.001948
0.004434
0.004098
0.003561
0.005308
0.003426
0.003091
0.002352
0.002486
0.001142
0.003494
0.005173
0.001411
0.003359
0.006786
0.003158
0.001747
0.000537
0.003426
0.004098
0.003695
0.001814
0.002889
0.007928
0.003695
0.002755
0.003158
0.008197
0.002150
0.002755
0.005711
0.003091
0.003091
0.001545
0.006383
0.003225
0.002419
0.001612
0.004972
0.006786
0.008533
0.001680
0.004300
0.003628
0.001680
0.002419
0.005711
0.003494
0.002150
0.001545
0.008667
0.003762
0.003695
0.001612
0.003695
0.004031
0.002553
0.001478
0.002150
0.001747
0.002486
0.003695
0.007256
0.003426
0.001612
0.001209
0.004434
0.001680
0.006584
0.002217
0.004501
0.005912
0.003158
0.002553
0.004166
0.008398
0.002016
0.005576
0.004636
0.004972
0.003762
0.007794
0.003695
0.004501
0.003158
0.002352
0.003628
0.007390
0.001344
0.002687
0.002217
0.004166
0.002217
0.005442
0.004972
0.003359
0.001545
0.003830
0.001277
0.003830
0.004569
0.002284
0.003830
0.007928
0.003762
0.001478
0.001814
0.001344
0.001545
0.005912
0.004367
0.003225
0.001881
0.002822
0.001747
0.001747
0.004972
0.002620
0.002956
0.005173
0.006450
0.003225
0.002284
0.002956
0.002419
0.003091
0.004098
0.003023
0.001411
0.004837
0.002755
0.003359
0.006248
0.001881
0.002822
0.003830
