0.065103
0.000739
0.003494
0.004770
0.002419
0.002217
0.010011
0.003359
0.001142
0.002150
0.004837
0.002083
0.002284
0.003762
0.004233
0.005912
0.003561
0.001612
0.001747
0.002620
0.002620
0.001277
0.007055
0.006651
0.001142
0.002083
0.007256
0.001411
0.001344
0.001277
0.004300
0.009272
0.005375
0.001075
0.002620
0.003158
0.005241
0.001142
0.007055
0.001478
0.002083
0.003091
0.006450
0.000806
0.012295
0.001881
0.004770
0.001277
0.005039
0.001142
0.002687
0.001478
0.004367
0.002352
0.011489
0.003023
0.002486
0.002083
0.005375
0.001008
0.010145
0.002217
0.004233
0.003225
0.004367
0.003158
0.001075
0.005375
0.001747
0.021836
0.001747
0.005912
0.001344
0.006450
0.004972
0.001478
0.001612
0.015856
0.002687
0.005173
0.002755
0.002284
0.001209
0.002486
0.003359
0.010212
0.002687
0.003359
0.001209
0.005576
0.003359
0.002016
0.003091
0.006517
0.003023
0.008600
0.006920
0.002620
0.001277
0.002150
0.003762
0.008600
0.002486
0.002755
0.003426
0.004905
0.003023
0.001075
0.011422
0.003897
0.003359
0.001814
0.006584
0.002150
0.000873
0.002150
0.008869
0.006114
0.001680
0.001612
0.002486
0.003158
0.005442
0.001411
0.010884
0.006584
0.002553
0.001545
0.000873
0.001881
0.002284
0.005106
0.001612
0.003762
0.006248
0.002553
0.001209
0.001277
0.003091
0.002889
0.004300
0.001008
0.001612
0.003964
0.001411
0.001612
0.002553
0.003158
0.001747
0.001814
0.007390
0.002956
0.001344
0.001948
0.007794
0.002419
0.002419
0.000806
0.003023
0.007458
0.005778
0.002352
0.002284
0.001747
0.002486
0.001814
0.007525
0.001478
0.002217
0.002150
0.009473
0.001680
0.006383
0.002150
0.002755
0.002553
0.002620
0.000806
0.004837
0.001142
0.002284
0.003091
0.008130
0.001814
0.001948
0.000873
0.005039
0.001612
0.007794
0.001075
0.002553
0.003628
0.001814
0.004098
0.001344
0.004837
0.002150
0.011354
0.003091
0.002956
0.002553
0.007928
0.002284
0.002284
0.003426
0.005778
0.001478
0.004905
0.001612
0.004367
0.001478
0.001814
0.001814
0.006181
0.006853
0.001948
0.001411
0.011892
0.001545
0.002755
0.004367
0.002822
0.001277
0.005106
0.006450
0.003091
0.001545
0.001142
0.001881
0.006181
0.004905
0.001948
0.005039
0.003292
0.001277
0.000873
0.008130
0.002217
0.001814
0.002620
0.007861
0.001680
0.002889
0.001411
0.003964
0.005778
0.004300
0.001075
0.002956
0.007055
0.003023
0.002687
0.009137
0.003494
0.001881
0.001277
