0.105482
0.001814
0.003225
0.004434
0.004434
0.002352
0.007592
0.004300
0.002755
0.001411
0.004367
0.002822
0.004569
0.002016
0.003762
0.007928
0.004031
0.001545
0.003359
0.006181
0.003091
0.001209
0.003897
0.003023
0.004166
0.003695
0.006517
0.002956
0.002284
0.001612
0.003426
0.006786
0.005442
0.001277
0.003023
0.005106
0.004905
0.002016
0.006987
0.003561
0.003091
0.003494
0.005980
0.002016
0.006248
0.002620
0.004300
0.002956
0.004972
0.001008
0.003158
0.004098
0.003964
0.001344
0.007861
0.003561
0.004434
0.001747
0.003897
0.002553
0.007794
0.001209
0.003158
0.003628
0.004300
0.001277
0.002755
0.005442
0.002822
0.003225
0.003561
0.002822
0.001881
0.003225
0.005241
0.002016
0.003091
0.002217
0.003561
0.003695
0.004166
0.001948
0.003359
0.004636
0.002620
0.005442
0.003695
0.002889
0.002889
0.001612
0.004166
0.002822
0.001881
0.001478
0.004300
0.008331
0.004166
0.001545
0.003628
0.004166
0.004905
0.007659
0.004367
0.002419
0.002620
0.001209
0.003023
0.001814
0.008869
0.002083
0.003897
0.003225
0.006181
0.001478
0.002889
0.005375
0.003023
0.003023
0.003225
0.002284
0.004501
0.003561
0.005509
0.001612
0.005039
0.001478
0.001948
0.002822
0.001612
0.001142
0.001948
0.004636
0.003426
0.004501
0.005576
0.002486
0.002284
0.001747
0.003225
0.003292
0.005173
0.001545
0.003494
0.006920
0.003897
0.002016
0.002822
0.008331
0.003158
0.001075
0.004905
0.002687
0.003628
0.001747
0.007055
0.002553
0.003964
0.001948
0.003292
0.005509
0.007256
0.000806
0.002553
0.002016
0.003762
0.001612
0.005308
0.002687
0.003830
0.001209
0.008869
0.002553
0.005980
0.001881
0.003897
0.004098
0.004300
0.001277
0.003897
0.001814
0.005039
0.003628
0.007055
0.003091
0.004300
0.002486
0.004569
0.002822
0.006450
0.001209
0.002150
0.005576
0.001948
0.000873
0.002352
0.007122
0.003225
0.003091
0.004569
0.002620
0.001747
0.006517
0.003158
0.001747
0.003628
0.001680
0.003494
0.004636
0.002620
0.001680
0.003091
0.001948
0.002553
0.003091
0.006987
0.002284
0.003426
0.001747
0.003158
0.003494
0.004166
0.001209
0.003158
0.005509
0.003292
0.000941
0.002016
0.001814
0.003628
0.002956
0.005308
0.002553
0.003897
0.001008
0.003158
0.001747
0.005644
0.002150
0.004367
0.005576
0.007794
0.001008
0.003426
0.001814
0.002755
0.002217
0.004300
0.002083
0.004434
0.005308
0.003359
0.003426
0.005039
0.001478
0.002687
0.003359
