0.099100
0.000470
0.001612
0.004300
0.004367
0.003292
0.012094
0.004300
0.001142
0.001814
0.002755
0.003561
0.001680
0.002419
0.005845
0.007794
0.004569
0.000941
0.002687
0.004300
0.001948
0.001209
0.002620
0.006517
0.001881
0.003426
0.005375
0.003359
0.002016
0.002217
0.003561
0.015722
0.005845
0.001277
0.001747
0.005308
0.007323
0.001948
0.010951
0.001075
0.001680
0.003561
0.002755
0.001008
0.009742
0.001881
0.008398
0.000806
0.005644
0.001075
0.004166
0.002217
0.005308
0.002620
0.006181
0.001277
0.003830
0.001209
0.006248
0.002150
0.010683
0.002620
0.003091
0.002822
0.004233
0.002016
0.001612
0.005308
0.001814
0.010481
0.001411
0.003561
0.001747
0.006114
0.001612
0.001612
0.001209
0.005711
0.001344
0.004703
0.002889
0.002486
0.001277
0.002486
0.002352
0.010683
0.001612
0.003897
0.001545
0.004703
0.001209
0.002217
0.002755
0.004098
0.002284
0.011019
0.004569
0.003426
0.001612
0.001008
0.003292
0.012094
0.001814
0.002352
0.003426
0.004166
0.000739
0.000873
0.013504
0.004300
0.003023
0.000873
0.008130
0.003359
0.002083
0.002822
0.006383
0.008398
0.001680
0.001545
0.002284
0.004703
0.004569
0.001478
0.008734
0.005173
0.002016
0.001478
0.001142
0.001075
0.001277
0.008734
0.003225
0.004031
0.006114
0.002956
0.001612
0.000806
0.001948
0.003359
0.005375
0.002016
0.002755
0.005980
0.001344
0.001545
0.002217
0.005845
0.001411
0.001948
0.002016
0.003561
0.003023
0.001277
0.007659
0.002486
0.002016
0.001277
0.001881
0.010817
0.007861
0.001881
0.001545
0.006248
0.003091
0.002687
0.006114
0.001478
0.002352
0.000941
0.004636
0.002016
0.009205
0.001814
0.006651
0.001814
0.003023
0.000605
0.004233
0.000806
0.002620
0.004367
0.005039
0.000873
0.003964
0.001277
0.005173
0.000739
0.006450
0.002217
0.002956
0.005442
0.002822
0.003091
0.001008
0.010078
0.002553
0.005980
0.001277
0.002284
0.003091
0.007928
0.000806
0.001814
0.003292
0.002419
0.001075
0.003695
0.000941
0.002687
0.000806
0.001747
0.002352
0.005980
0.002150
0.002620
0.001680
0.003762
0.000672
0.002150
0.004300
0.002150
0.001411
0.006181
0.005912
0.004905
0.001142
0.001209
0.003964
0.008197
0.004233
0.001881
0.004233
0.003359
0.000873
0.000873
0.008801
0.002016
0.001747
0.002419
0.006786
0.003359
0.002553
0.001142
0.003762
0.006114
0.001680
0.000672
0.002150
0.006047
0.002217
0.002352
0.007390
0.003830
0.001545
0.001747
