0.144114
0.001008
0.002620
0.002687
0.003695
0.003494
0.025665
0.008062
0.000806
0.001075
0.002419
0.002083
0.005912
0.002486
0.012698
0.016595
0.004434
0.003158
0.006047
0.007122
0.001209
0.001344
0.007055
0.002352
0.002889
0.002553
0.010347
0.003830
0.001344
0.001075
0.004031
0.003359
0.000806
0.000672
0.002553
0.002150
0.002620
0.001344
0.022575
0.003695
0.000605
0.000202
0.003695
0.001478
0.005241
0.000470
0.012429
0.003897
0.002419
0.000739
0.006383
0.002419
0.000605
0.000403
0.007726
0.001209
0.003762
0.000336
0.011690
0.001344
0.000873
0.000605
0.002822
0.001142
0.000269
0.001277
0.000941
0.003091
0.001411
0.007189
0.002889
0.008331
0.000403
0.000537
0.001680
0.000941
0.001209
0.002956
0.003292
0.009540
0.001344
0.002889
0.002889
0.006248
0.000537
0.002486
0.001747
0.002486
0.000739
0.001411
0.003830
0.002150
0.000336
0.000941
0.001478
0.005778
0.000537
0.001142
0.002016
0.002419
0.003091
0.007122
0.009070
0.005711
0.000873
0.000403
0.001948
0.001948
0.004501
0.001008
0.009876
0.006047
0.001814
0.001411
0.005039
0.008197
0.000470
0.000873
0.002889
0.001814
0.001747
0.001411
0.010615
0.003023
0.000873
0.000470
0.002150
0.001747
0.000806
0.000873
0.002889
0.003897
0.002352
0.002956
0.012362
0.004166
0.001344
0.001142
0.003225
0.002150
0.003426
0.001747
0.006450
0.009406
0.003964
0.004434
0.010279
0.015789
0.001008
0.001142
0.004300
0.001680
0.005509
0.004098
0.018745
0.005375
0.000470
0.001075
0.002687
0.003091
0.000403
0.000537
0.002620
0.000806
0.001411
0.001209
0.011690
0.002150
0.000605
0.000873
0.006114
0.002352
0.002284
0.001075
0.005375
0.003561
0.004031
0.001814
0.010414
0.002486
0.000672
0.000537
0.006786
0.000873
0.004770
0.001478
0.012631
0.003561
0.001747
0.000537
0.001948
0.002016
0.000067
0.000537
0.001478
0.004703
0.000739
0.003292
0.003359
0.002755
0.000269
0.001142
0.001411
0.001680
0.000672
0.001680
0.002687
0.006786
0.001411
0.003158
0.003762
0.004031
0.000202
0.000605
0.001680
0.001209
0.000806
0.002217
0.002755
0.004300
0.000403
0.000941
0.001008
0.003225
0.000067
0.001209
0.001277
0.001881
0.001344
0.003897
0.011758
0.003158
0.000470
0.000605
0.001948
0.002352
0.002553
0.001008
0.005576
0.008465
0.002083
0.003494
0.007458
0.009406
0.000403
0.001075
0.003158
0.003292
0.002620
0.002083
0.007458
0.004837
0.000672
0.000672
0.001814
0.002755
