0.082505
0.001277
0.005173
0.005509
0.003225
0.001881
0.006853
0.003897
0.002150
0.001612
0.005442
0.005375
0.002889
0.002217
0.003426
0.007458
0.004972
0.001680
0.003158
0.004098
0.003292
0.001814
0.007323
0.004770
0.001881
0.003830
0.004569
0.003695
0.002755
0.001277
0.005375
0.006248
0.004770
0.001881
0.006181
0.005980
0.004636
0.001680
0.006719
0.002419
0.002755
0.004098
0.006114
0.002822
0.006450
0.002419
0.003628
0.002822
0.004300
0.001142
0.003695
0.002889
0.003762
0.001814
0.009742
0.004569
0.001814
0.002016
0.004837
0.003225
0.006719
0.001478
0.005912
0.003695
0.004636
0.002620
0.003426
0.005912
0.003158
0.004166
0.002486
0.003830
0.002419
0.003158
0.007592
0.003359
0.002419
0.001814
0.003426
0.005980
0.003091
0.002016
0.001814
0.003091
0.002956
0.006987
0.005576
0.005845
0.002150
0.001881
0.003023
0.003091
0.003561
0.001814
0.005778
0.007928
0.004300
0.002016
0.001814
0.003359
0.003426
0.006584
0.003964
0.003426
0.001680
0.001814
0.003964
0.001881
0.008801
0.001277
0.003426
0.002687
0.006316
0.000941
0.002284
0.003225
0.003561
0.004031
0.003359
0.002956
0.001948
0.002687
0.004837
0.002284
0.003628
0.002553
0.003628
0.002150
0.002284
0.001545
0.004837
0.004636
0.002284
0.005173
0.005039
0.002217
0.002419
0.001545
0.003830
0.002620
0.006920
0.001948
0.002822
0.005375
0.001948
0.002016
0.002755
0.006584
0.001545
0.002016
0.007726
0.003695
0.002217
0.001344
0.005375
0.002822
0.003762
0.001545
0.004434
0.006920
0.004837
0.001881
0.003494
0.003292
0.003023
0.001881
0.005308
0.003830
0.004098
0.001814
0.008936
0.004031
0.006114
0.001411
0.003426
0.004166
0.003023
0.001747
0.003494
0.002150
0.003695
0.005039
0.007928
0.003830
0.002352
0.000873
0.003628
0.003225
0.005644
0.001814
0.003762
0.006786
0.002083
0.001612
0.004166
0.007928
0.001881
0.002419
0.003762
0.002620
0.004031
0.006114
0.004300
0.002956
0.003964
0.002016
0.003359
0.004367
0.001881
0.001747
0.002419
0.002352
0.002755
0.004031
0.009406
0.004098
0.002419
0.001478
0.003426
0.002889
0.004434
0.002889
0.003695
0.005509
0.003695
0.001478
0.002956
0.002150
0.001545
0.002956
0.005711
0.003091
0.002956
0.001545
0.002687
0.002284
0.006316
0.002016
0.002620
0.004837
0.005980
0.001478
0.002352
0.001948
0.002687
0.003359
0.004233
0.002217
0.002486
0.005442
0.002419
0.002553
0.005106
0.002284
0.003426
0.003023
