0.093792
0.002083
0.002150
0.003964
0.004905
0.003023
0.011019
0.003897
0.001344
0.002352
0.005106
0.003091
0.003897
0.004434
0.004166
0.010548
0.006114
0.002284
0.002553
0.005241
0.002150
0.002822
0.004569
0.005644
0.001747
0.002956
0.004703
0.001680
0.001948
0.002553
0.003830
0.005711
0.004166
0.001075
0.001881
0.003695
0.007390
0.001075
0.011019
0.002352
0.002486
0.002553
0.006786
0.001747
0.007189
0.001612
0.003426
0.001277
0.007055
0.002016
0.002352
0.002956
0.002822
0.001881
0.011422
0.003359
0.003023
0.001948
0.004770
0.002016
0.009272
0.002284
0.003964
0.004098
0.003023
0.001881
0.002083
0.004770
0.002687
0.006316
0.002889
0.005106
0.001747
0.003426
0.004233
0.002553
0.002956
0.004434
0.002419
0.007928
0.002956
0.001948
0.001411
0.003359
0.002284
0.010414
0.003158
0.005375
0.001344
0.002486
0.003158
0.002755
0.003359
0.005039
0.003494
0.007256
0.003897
0.001814
0.001612
0.002553
0.004031
0.008801
0.003695
0.003359
0.001747
0.002150
0.003225
0.001344
0.009540
0.003158
0.002755
0.002486
0.006450
0.001142
0.001612
0.004837
0.004098
0.008197
0.001612
0.003023
0.001814
0.003695
0.004098
0.001277
0.007256
0.006383
0.001881
0.002284
0.002419
0.001277
0.003023
0.005173
0.002553
0.004837
0.005375
0.003695
0.001411
0.002284
0.004098
0.003023
0.006517
0.002284
0.001881
0.006450
0.003225
0.002620
0.002217
0.009608
0.001478
0.001747
0.005308
0.004166
0.002822
0.002889
0.008734
0.002687
0.002553
0.001612
0.001612
0.004166
0.006651
0.000941
0.002889
0.002150
0.003292
0.002016
0.005375
0.002419
0.002217
0.001948
0.010212
0.001747
0.006248
0.001747
0.003695
0.002889
0.007458
0.001277
0.002755
0.001948
0.001612
0.003359
0.006047
0.002755
0.004569
0.001881
0.003964
0.002083
0.005308
0.001411
0.003494
0.003964
0.001814
0.001948
0.003023
0.007122
0.000873
0.005039
0.002419
0.002755
0.001612
0.007525
0.003023
0.002620
0.002822
0.002486
0.002083
0.006450
0.001478
0.001747
0.002083
0.003091
0.001612
0.003964
0.004972
0.002956
0.001545
0.002553
0.002553
0.003494
0.004770
0.002083
0.002217
0.004905
0.004233
0.000941
0.002755
0.001411
0.001344
0.004770
0.005308
0.002889
0.001612
0.001680
0.002620
0.002217
0.007390
0.002016
0.003023
0.005980
0.012026
0.000806
0.002419
0.002352
0.001142
0.003561
0.001344
0.001478
0.002822
0.006383
0.003158
0.002217
0.004300
0.002687
0.001612
0.002486
