0.044679
0.001277
0.003225
0.003426
0.003897
0.001680
0.009137
0.004166
0.000806
0.001344
0.005039
0.002486
0.002620
0.002687
0.004098
0.009406
0.005845
0.001948
0.001747
0.004770
0.002352
0.002150
0.006719
0.002755
0.002083
0.002687
0.005576
0.002419
0.002486
0.002217
0.003762
0.006114
0.008130
0.001948
0.001612
0.005442
0.005778
0.002822
0.008197
0.001277
0.002687
0.003628
0.004300
0.001814
0.009339
0.001411
0.005241
0.001814
0.004837
0.001209
0.002150
0.001545
0.005576
0.001612
0.009809
0.001881
0.002620
0.002217
0.004905
0.001411
0.011758
0.002620
0.002553
0.004031
0.006181
0.002687
0.001478
0.005106
0.002352
0.004434
0.001948
0.002620
0.001814
0.004770
0.003762
0.001948
0.002486
0.002016
0.001881
0.005711
0.004031
0.001680
0.001209
0.002822
0.004905
0.008667
0.003695
0.002419
0.001075
0.002352
0.002755
0.003158
0.005375
0.004233
0.002889
0.009070
0.009540
0.004300
0.001814
0.001680
0.005308
0.009675
0.004434
0.001948
0.004972
0.004233
0.002016
0.001142
0.014109
0.003897
0.002755
0.001881
0.010615
0.002620
0.001142
0.003494
0.010884
0.009473
0.002150
0.001478
0.003695
0.004770
0.004098
0.001209
0.018073
0.006047
0.001478
0.002083
0.001344
0.001948
0.002486
0.005173
0.001948
0.003897
0.007122
0.003225
0.001881
0.001344
0.005106
0.003964
0.005375
0.001411
0.001948
0.004972
0.002150
0.001545
0.002486
0.007592
0.001344
0.001411
0.004233
0.002016
0.002083
0.001277
0.008197
0.004098
0.002352
0.001277
0.002486
0.003426
0.007458
0.002016
0.002687
0.002486
0.003628
0.001545
0.007122
0.002217
0.003359
0.002553
0.008801
0.002687
0.006383
0.001008
0.001814
0.001948
0.005375
0.001277
0.003091
0.002083
0.003897
0.004166
0.005241
0.002016
0.004166
0.001142
0.004031
0.000873
0.007055
0.001411
0.001948
0.004837
0.002889
0.003494
0.002083
0.008264
0.001881
0.004367
0.002016
0.001948
0.002755
0.007256
0.001881
0.002822
0.003225
0.001948
0.001209
0.003225
0.001008
0.001142
0.001075
0.004434
0.002217
0.004636
0.004837
0.002150
0.002217
0.002687
0.001344
0.003830
0.005711
0.002150
0.001680
0.005711
0.008533
0.004233
0.001344
0.001881
0.004031
0.006920
0.005442
0.002217
0.006383
0.003695
0.000941
0.001142
0.009003
0.003091
0.001209
0.003628
0.010548
0.003359
0.002553
0.003359
0.008130
0.006181
0.002956
0.001209
0.005576
0.006114
0.003091
0.002083
0.015251
0.003359
0.001277
0.001411
