0.071621
0.000336
0.002889
0.005375
0.001747
0.000672
0.012295
0.003897
0.001814
0.000470
0.005173
0.004905
0.003628
0.000336
0.008264
0.013437
0.004703
0.000403
0.002486
0.009272
0.002620
0.000605
0.007995
0.004569
0.001680
0.002150
0.005442
0.002620
0.002755
0.001008
0.005576
0.008734
0.005845
0.001142
0.003426
0.005375
0.006383
0.000672
0.008197
0.002016
0.003695
0.004300
0.006719
0.002889
0.010951
0.000941
0.006987
0.002755
0.006047
0.000605
0.003762
0.003426
0.006383
0.002083
0.011287
0.003494
0.003561
0.000873
0.003897
0.002083
0.014042
0.001747
0.004636
0.003561
0.003695
0.001411
0.001814
0.008936
0.001747
0.001612
0.002284
0.003897
0.001008
0.003494
0.005308
0.003494
0.001478
0.001277
0.004501
0.007794
0.001545
0.000873
0.002419
0.005173
0.003561
0.008331
0.004837
0.003964
0.001277
0.000873
0.002419
0.003292
0.002822
0.001881
0.004703
0.010750
0.003830
0.001411
0.001075
0.003762
0.003897
0.005912
0.002150
0.003091
0.002150
0.002217
0.003426
0.001747
0.010817
0.000806
0.003359
0.002284
0.005039
0.000873
0.002889
0.005241
0.006316
0.003964
0.002419
0.002553
0.002217
0.002284
0.003494
0.001209
0.010347
0.001814
0.002755
0.002352
0.001008
0.000672
0.004367
0.006047
0.001344
0.002083
0.006651
0.003628
0.001612
0.000269
0.005241
0.004098
0.005308
0.000403
0.004031
0.007390
0.002150
0.000470
0.003695
0.011690
0.001948
0.001411
0.007659
0.005241
0.001545
0.000403
0.007189
0.002083
0.002687
0.000873
0.003225
0.006450
0.009003
0.001209
0.005308
0.003494
0.003561
0.000605
0.006248
0.002352
0.006047
0.002284
0.008801
0.003225
0.009272
0.000672
0.004703
0.003494
0.004098
0.000605
0.005241
0.001747
0.004770
0.005308
0.006719
0.003091
0.002822
0.000336
0.003964
0.001478
0.007659
0.001814
0.003561
0.005106
0.001680
0.001277
0.004434
0.009339
0.000941
0.001411
0.002687
0.004031
0.001881
0.008062
0.003964
0.003426
0.001747
0.001008
0.002284
0.006383
0.001142
0.000806
0.001948
0.003359
0.001881
0.004300
0.006450
0.003292
0.001411
0.000537
0.002217
0.003628
0.003695
0.001277
0.002956
0.008465
0.004703
0.000941
0.001545
0.001209
0.002217
0.001948
0.003426
0.001948
0.002956
0.001814
0.002284
0.001814
0.005980
0.000537
0.002687
0.004636
0.008264
0.000403
0.002822
0.002150
0.004367
0.005375
0.003830
0.002620
0.002284
0.003897
0.002016
0.002083
0.005576
0.001209
0.001948
0.003695
