0.112604
0.001411
0.003225
0.002687
0.002620
0.001344
0.009675
0.003494
0.001680
0.001545
0.004233
0.002284
0.002755
0.002553
0.004300
0.014714
0.004098
0.000873
0.002486
0.006786
0.001680
0.001142
0.012295
0.005106
0.001277
0.001881
0.004837
0.002284
0.001881
0.001814
0.005845
0.007323
0.005106
0.001948
0.001814
0.001008
0.004972
0.001277
0.006987
0.001344
0.001747
0.004837
0.004636
0.001747
0.007458
0.001881
0.003494
0.001344
0.004837
0.001008
0.002083
0.001948
0.003830
0.003762
0.011690
0.001948
0.002620
0.001948
0.003359
0.000873
0.011892
0.001747
0.004233
0.001612
0.003897
0.002486
0.001142
0.004031
0.001814
0.002956
0.001411
0.007256
0.001747
0.005241
0.002956
0.004434
0.002352
0.003897
0.001612
0.025128
0.002284
0.002016
0.001209
0.004837
0.003091
0.010750
0.001814
0.003695
0.001209
0.003225
0.002284
0.003359
0.002755
0.003695
0.002016
0.009205
0.004300
0.003561
0.001545
0.001948
0.004031
0.005106
0.002822
0.002486
0.002217
0.005173
0.002486
0.001008
0.010414
0.003494
0.003023
0.002687
0.006181
0.002016
0.001612
0.004569
0.004905
0.008801
0.001747
0.001344
0.002284
0.003292
0.004569
0.001545
0.010548
0.006584
0.002150
0.001411
0.001680
0.001142
0.002352
0.003359
0.001948
0.002016
0.006316
0.002755
0.001478
0.001209
0.002755
0.003023
0.004636
0.001545
0.002755
0.008130
0.002352
0.002217
0.003628
0.013303
0.002083
0.001478
0.006853
0.003225
0.001747
0.001008
0.006114
0.001411
0.002486
0.001747
0.002352
0.004501
0.007323
0.002083
0.001612
0.001209
0.002284
0.002016
0.006047
0.001747
0.001814
0.002352
0.008130
0.001478
0.006114
0.001747
0.002956
0.002755
0.002889
0.001209
0.001814
0.000873
0.002217
0.005375
0.006114
0.001142
0.001209
0.001075
0.002755
0.000605
0.007928
0.002419
0.001814
0.001612
0.002352
0.001881
0.001612
0.004770
0.001814
0.002419
0.001948
0.003091
0.001680
0.008062
0.001075
0.003225
0.001814
0.002352
0.001545
0.014647
0.000873
0.001814
0.000739
0.006047
0.002486
0.007592
0.004770
0.002889
0.001209
0.003091
0.001411
0.003091
0.005442
0.002956
0.001747
0.005106
0.004636
0.003359
0.001344
0.000941
0.002016
0.004636
0.005241
0.002083
0.001881
0.004837
0.001612
0.001478
0.005711
0.001881
0.002486
0.005106
0.005173
0.001545
0.002217
0.005711
0.003225
0.007726
0.003225
0.001209
0.003561
0.003023
0.002016
0.001948
0.007189
0.004098
0.002284
0.001344
