0.057511
0.001545
0.004300
0.004367
0.003628
0.003091
0.012765
0.004434
0.001411
0.002755
0.003897
0.002352
0.003158
0.002620
0.005173
0.008936
0.004770
0.002419
0.004905
0.004031
0.002687
0.002553
0.010212
0.005375
0.001747
0.003830
0.005241
0.003023
0.002620
0.001612
0.004972
0.006114
0.005106
0.002352
0.003897
0.004367
0.004031
0.001411
0.008465
0.003426
0.002016
0.004166
0.004837
0.002620
0.005912
0.001881
0.004569
0.003023
0.003561
0.001948
0.003762
0.003023
0.003225
0.002083
0.011422
0.003830
0.001680
0.001209
0.003762
0.001478
0.006786
0.002620
0.004972
0.003225
0.003292
0.002419
0.002419
0.004233
0.001814
0.005980
0.003091
0.003964
0.002419
0.003628
0.005308
0.002553
0.001478
0.003695
0.002150
0.006248
0.002284
0.003561
0.003091
0.004569
0.003695
0.010212
0.003091
0.004569
0.001142
0.002687
0.002419
0.003695
0.002755
0.002486
0.004501
0.009137
0.004233
0.002553
0.002150
0.004569
0.002956
0.009675
0.003292
0.002755
0.003695
0.002553
0.002419
0.001948
0.009339
0.003292
0.004031
0.004098
0.005106
0.002486
0.002822
0.004905
0.003426
0.007659
0.002755
0.002956
0.002016
0.002755
0.004569
0.002889
0.005308
0.004166
0.003561
0.002083
0.001545
0.001277
0.003494
0.003695
0.001881
0.004166
0.008465
0.003023
0.001612
0.001411
0.003897
0.003695
0.005980
0.003494
0.005845
0.006987
0.001881
0.002486
0.004837
0.005576
0.001411
0.002755
0.006853
0.002956
0.002016
0.001948
0.008130
0.002150
0.003292
0.002553
0.004367
0.005509
0.003494
0.003292
0.002956
0.002486
0.002150
0.003023
0.005241
0.002687
0.002755
0.003762
0.008600
0.003158
0.006383
0.002016
0.004905
0.005308
0.004031
0.001881
0.003830
0.002016
0.001747
0.003359
0.007794
0.002419
0.001545
0.001209
0.003292
0.002755
0.004837
0.002755
0.003225
0.004770
0.002553
0.001881
0.003359
0.004837
0.001411
0.003695
0.004434
0.002352
0.002822
0.006248
0.003830
0.002755
0.002687
0.002755
0.003158
0.006450
0.001209
0.003023
0.002620
0.003830
0.001814
0.004972
0.005442
0.002217
0.001277
0.001814
0.002016
0.003091
0.003158
0.002419
0.004434
0.004233
0.004905
0.003225
0.001680
0.002217
0.002419
0.005778
0.005912
0.003359
0.003023
0.002956
0.002217
0.002620
0.006920
0.003695
0.003225
0.006114
0.007189
0.002956
0.002889
0.003897
0.002083
0.003964
0.004166
0.002419
0.001814
0.005576
0.002352
0.003023
0.003426
0.002217
0.003292
0.002486
