0.089695
0.002583
0.003905
0.005291
0.004535
0.001701
0.004094
0.003338
0.002897
0.001386
0.004283
0.002520
0.003023
0.001701
0.003527
0.004535
0.003086
0.000945
0.002394
0.004850
0.002708
0.001449
0.003716
0.001575
0.004283
0.002142
0.006551
0.006425
0.004724
0.002016
0.006677
0.010771
0.006992
0.003401
0.006173
0.003527
0.003149
0.003023
0.008377
0.002394
0.003149
0.001449
0.005039
0.001890
0.005228
0.002142
0.006236
0.001827
0.003023
0.001575
0.003527
0.002016
0.001638
0.001512
0.003086
0.001953
0.004850
0.004283
0.010519
0.004031
0.007622
0.005039
0.007685
0.003149
0.003527
0.002960
0.005921
0.005795
0.002897
0.005228
0.003968
0.001953
0.002457
0.003275
0.002708
0.002520
0.002016
0.003842
0.003023
0.004031
0.001575
0.002142
0.003023
0.002646
0.001197
0.001575
0.002708
0.001638
0.003464
0.005858
0.005669
0.003401
0.003149
0.003464
0.006614
0.007811
0.004850
0.001764
0.004220
0.003842
0.003401
0.002142
0.003905
0.003653
0.002520
0.003275
0.001386
0.002646
0.005102
0.002394
0.004220
0.002205
0.004787
0.001701
0.003023
0.002079
0.001008
0.003212
0.001575
0.001575
0.005165
0.004094
0.003023
0.003842
0.008251
0.003149
0.003779
0.003653
0.003212
0.001890
0.005039
0.012220
0.004094
0.002394
0.007874
0.004850
0.001764
0.001449
0.003653
0.001953
0.002583
0.000945
0.002583
0.003590
0.002897
0.001890
0.004409
0.005858
0.003275
0.001323
0.004850
0.002520
0.004724
0.002016
0.004157
0.004346
0.005039
0.003149
0.004535
0.004409
0.008125
0.003401
0.008566
0.003527
0.003338
0.002583
0.011653
0.003275
0.002205
0.001449
0.002708
0.001134
0.002834
0.002016
0.003905
0.001890
0.004220
0.001260
0.005606
0.001197
0.002394
0.001701
0.005480
0.001827
0.002331
0.002897
0.006425
0.003086
0.005165
0.004409
0.006299
0.004913
0.003464
0.003212
0.004535
0.006551
0.004157
0.007685
0.005606
0.002960
0.001764
0.001764
0.002457
0.001323
0.002079
0.002583
0.003023
0.001953
0.001890
0.003968
0.002520
0.002268
0.001512
0.002960
0.002268
0.001260
0.002457
0.003086
0.004346
0.001890
0.003527
0.002394
0.007055
0.004850
0.009826
0.002897
0.003968
0.003464
0.004472
0.003905
0.004220
0.003338
0.001764
0.003086
0.001449
0.001701
0.004976
0.001701
0.002394
0.002016
0.005480
0.001386
0.002583
0.001701
0.002142
0.003716
0.002331
0.002457
0.003590
0.002016
0.003968
0.003590
0.004283
0.002142
0.003842
0.004598
