0.124717
0.003464
0.003590
0.004535
0.001701
0.002897
0.002771
0.003968
0.003149
0.004031
0.006299
0.003464
0.002331
0.003401
0.002079
0.006803
0.002960
0.002268
0.001953
0.004283
0.001890
0.002960
0.004031
0.001638
0.002520
0.002457
0.007181
0.003968
0.002457
0.002331
0.004409
0.010645
0.003086
0.003338
0.003527
0.004094
0.002142
0.004157
0.004346
0.002457
0.002016
0.002520
0.005543
0.001575
0.004661
0.001134
0.005732
0.001512
0.001449
0.002016
0.002960
0.002520
0.001512
0.002394
0.002331
0.000693
0.002834
0.003653
0.009322
0.003023
0.008251
0.002646
0.004346
0.002708
0.003149
0.004472
0.003527
0.005165
0.001890
0.006362
0.004283
0.002205
0.001260
0.008440
0.001701
0.003149
0.001134
0.008440
0.001890
0.006236
0.001890
0.004283
0.001890
0.002771
0.001071
0.003023
0.002016
0.002583
0.002079
0.012346
0.003779
0.002457
0.002457
0.006047
0.002583
0.010519
0.002394
0.003590
0.002897
0.004724
0.002457
0.002771
0.002771
0.002457
0.002205
0.007055
0.003086
0.002897
0.006866
0.003086
0.003968
0.003401
0.003338
0.002142
0.002268
0.002960
0.001449
0.003779
0.002834
0.000945
0.004724
0.006614
0.002960
0.002520
0.008944
0.004535
0.002268
0.002708
0.001323
0.002394
0.003023
0.007748
0.002331
0.003086
0.004409
0.003023
0.001575
0.002771
0.004157
0.001701
0.002897
0.002457
0.001827
0.006740
0.002331
0.002834
0.002520
0.004220
0.002079
0.004661
0.003590
0.002457
0.002016
0.003464
0.002960
0.003275
0.003716
0.004409
0.003527
0.005732
0.004472
0.002583
0.003779
0.003842
0.001953
0.003905
0.007559
0.002834
0.002016
0.003023
0.003086
0.001449
0.002520
0.002268
0.003653
0.002205
0.002771
0.002142
0.003968
0.001701
0.001764
0.002394
0.004094
0.001197
0.001764
0.003653
0.006299
0.002834
0.005039
0.004472
0.003905
0.004661
0.001575
0.003653
0.003212
0.004220
0.002331
0.008755
0.003590
0.002646
0.001827
0.004157
0.002142
0.002016
0.001827
0.004787
0.002205
0.003905
0.001449
0.007622
0.001764
0.003779
0.000882
0.005543
0.001764
0.002583
0.002205
0.007559
0.004472
0.002016
0.003149
0.003905
0.003716
0.006110
0.005291
0.003401
0.001701
0.002583
0.003212
0.003905
0.002268
0.002960
0.001701
0.005102
0.002960
0.001953
0.005543
0.002331
0.002079
0.003086
0.003590
0.002583
0.003023
0.003842
0.001386
0.003401
0.002457
0.003275
0.002205
0.005102
0.003527
0.002394
0.003212
0.003086
0.003212
0.004850
