0.039573
0.002016
0.005241
0.005711
0.003762
0.001008
0.014042
0.004569
0.000873
0.000941
0.005845
0.001814
0.003225
0.001545
0.006450
0.009540
0.004837
0.001545
0.003494
0.006517
0.002553
0.001277
0.013975
0.008600
0.002486
0.005039
0.009473
0.002083
0.002620
0.001478
0.009540
0.013504
0.005173
0.001680
0.002687
0.004703
0.007055
0.001411
0.011019
0.003494
0.002150
0.002486
0.006450
0.001612
0.012564
0.000672
0.006853
0.002620
0.004905
0.001142
0.003897
0.003292
0.003426
0.001142
0.011892
0.003695
0.004703
0.001277
0.008264
0.002016
0.010884
0.001814
0.006248
0.003964
0.002889
0.002553
0.002284
0.006316
0.002284
0.004636
0.002486
0.003292
0.001142
0.003292
0.003359
0.001881
0.002016
0.001277
0.002822
0.004300
0.001277
0.002284
0.001747
0.004300
0.002284
0.009205
0.002956
0.002755
0.001747
0.001881
0.003494
0.001075
0.002419
0.001881
0.003091
0.009608
0.002956
0.002419
0.001881
0.002687
0.004501
0.010615
0.002956
0.003023
0.001814
0.002822
0.003292
0.001814
0.008398
0.002217
0.003091
0.002620
0.006584
0.002284
0.002352
0.004636
0.003494
0.004098
0.002755
0.002486
0.004367
0.003762
0.005308
0.001948
0.007525
0.002553
0.003494
0.002822
0.000806
0.002486
0.004434
0.007256
0.002687
0.004233
0.011153
0.002822
0.001008
0.001545
0.004569
0.002016
0.004770
0.001545
0.005980
0.007458
0.002284
0.001545
0.004501
0.008197
0.001142
0.002284
0.010078
0.003695
0.003225
0.002217
0.009675
0.002150
0.002687
0.001545
0.005980
0.007861
0.006450
0.001612
0.002889
0.002889
0.005509
0.001142
0.012026
0.001948
0.002150
0.000806
0.005711
0.002755
0.008264
0.001277
0.005509
0.004166
0.004837
0.000873
0.003023
0.001075
0.002889
0.003426
0.007055
0.001478
0.004636
0.001008
0.005576
0.001747
0.006181
0.001612
0.003426
0.006181
0.001478
0.001142
0.003091
0.008331
0.001411
0.003023
0.003359
0.002217
0.001209
0.006181
0.002150
0.001747
0.002217
0.001142
0.002352
0.004837
0.000806
0.001814
0.001747
0.003023
0.000941
0.003897
0.003695
0.001411
0.000806
0.002150
0.001881
0.001814
0.003023
0.001545
0.002553
0.007189
0.003897
0.001545
0.002755
0.002553
0.003091
0.005308
0.006719
0.002553
0.001411
0.002217
0.002150
0.001344
0.006047
0.002620
0.003695
0.005442
0.008667
0.001612
0.003091
0.001747
0.002150
0.003158
0.002687
0.001478
0.002956
0.006248
0.003023
0.002419
0.003830
0.001881
0.002889
0.003897
