0.043671
0.001612
0.004770
0.005106
0.003561
0.001008
0.013101
0.003762
0.001142
0.000873
0.005711
0.002083
0.003359
0.001411
0.007189
0.009137
0.005173
0.001209
0.004367
0.007390
0.002284
0.001411
0.012026
0.008398
0.001814
0.004905
0.009540
0.002016
0.003023
0.001814
0.009406
0.013840
0.005308
0.001209
0.002352
0.004972
0.007659
0.001411
0.010548
0.003023
0.002016
0.002822
0.007189
0.001948
0.012295
0.000470
0.008533
0.003023
0.005576
0.001008
0.003494
0.003628
0.003494
0.001277
0.011556
0.003292
0.004233
0.001075
0.007928
0.002016
0.011354
0.002016
0.006853
0.003292
0.002889
0.001478
0.001948
0.006920
0.002755
0.003494
0.002284
0.003359
0.001612
0.003091
0.003225
0.001478
0.001209
0.001881
0.001680
0.004166
0.002016
0.002486
0.001747
0.004367
0.002889
0.008936
0.003628
0.002755
0.001344
0.002150
0.002889
0.001344
0.002217
0.002150
0.003628
0.008667
0.003426
0.002687
0.001478
0.002419
0.004367
0.009070
0.003695
0.003023
0.001545
0.002486
0.002889
0.001344
0.008734
0.001814
0.003359
0.002956
0.006517
0.001881
0.002687
0.003964
0.004031
0.004770
0.002889
0.003023
0.003762
0.003897
0.006248
0.001747
0.007726
0.002217
0.002956
0.003158
0.000806
0.002150
0.005241
0.006383
0.002486
0.003561
0.010481
0.002822
0.001545
0.001881
0.005980
0.001747
0.005241
0.001680
0.006248
0.006517
0.002016
0.001881
0.004233
0.008600
0.001344
0.001948
0.011220
0.004031
0.003426
0.002016
0.010347
0.002150
0.002620
0.001747
0.005509
0.007726
0.006248
0.001411
0.002822
0.003830
0.004972
0.001680
0.011287
0.002486
0.001881
0.001277
0.006248
0.002755
0.008936
0.001075
0.004434
0.003426
0.004837
0.000941
0.002284
0.001008
0.002822
0.003023
0.007525
0.001075
0.003628
0.001142
0.005375
0.001612
0.004837
0.001747
0.003158
0.005509
0.001142
0.001881
0.002486
0.008734
0.001478
0.003695
0.002822
0.002755
0.001008
0.007055
0.002956
0.001680
0.002352
0.001612
0.002687
0.004770
0.001209
0.001881
0.001545
0.002956
0.001411
0.003897
0.003762
0.001881
0.001277
0.001814
0.001881
0.001814
0.003158
0.002016
0.003091
0.006517
0.004031
0.001881
0.002553
0.001881
0.002687
0.005241
0.007659
0.001881
0.001545
0.002016
0.001948
0.001478
0.005778
0.003225
0.003023
0.005509
0.009339
0.002016
0.002016
0.001948
0.002687
0.003359
0.002150
0.001680
0.003023
0.006517
0.003426
0.001881
0.003561
0.001545
0.002553
0.003426
