0.018611
0.002431
0.003750
0.005556
0.002569
0.004583
0.009931
0.005694
0.000833
0.003819
0.003611
0.002778
0.002222
0.005972
0.003333
0.012569
0.002431
0.002778
0.002639
0.009236
0.001111
0.003403
0.004375
0.006250
0.001806
0.005556
0.006111
0.003056
0.001111
0.004097
0.004375
0.007083
0.002986
0.003194
0.002569
0.004097
0.001250
0.004306
0.005764
0.002917
0.000764
0.004792
0.005833
0.001944
0.003819
0.004514
0.004375
0.002431
0.003333
0.002500
0.003194
0.004375
0.001389
0.002292
0.006597
0.004653
0.001181
0.005347
0.003819
0.002708
0.005486
0.003472
0.002917
0.003403
0.003333
0.003333
0.002569
0.007778
0.002222
0.007847
0.002292
0.006319
0.001528
0.009792
0.003403
0.002153
0.001319
0.005556
0.002222
0.011319
0.001736
0.004583
0.003542
0.005972
0.001458
0.009931
0.002500
0.004028
0.001806
0.006250
0.002708
0.003819
0.001181
0.005903
0.002500
0.010694
0.001597
0.002292
0.002778
0.005278
0.001806
0.010278
0.002153
0.005694
0.002083
0.005347
0.001944
0.002847
0.008125
0.005069
0.003264
0.004722
0.004028
0.002708
0.002222
0.003333
0.001528
0.006875
0.001389
0.002708
0.002500
0.008750
0.003264
0.002847
0.002292
0.006319
0.002153
0.002639
0.001528
0.001944
0.004097
0.004167
0.001736
0.007500
0.005139
0.003542
0.000764
0.001875
0.005278
0.003472
0.003194
0.003333
0.003542
0.009514
0.001458
0.002500
0.001736
0.013264
0.001181
0.004097
0.004444
0.004306
0.001250
0.002847
0.009097
0.004167
0.001667
0.002847
0.005069
0.005972
0.004653
0.001458
0.002222
0.002708
0.002569
0.005347
0.003611
0.002292
0.000347
0.002292
0.007847
0.002847
0.002153
0.003264
0.003681
0.004375
0.002083
0.002639
0.003403
0.003264
0.001597
0.004722
0.005208
0.004236
0.000833
0.002847
0.005486
0.002292
0.002569
0.002917
0.002361
0.005069
0.001875
0.002986
0.002500
0.009097
0.001944
0.006875
0.002361
0.005278
0.001667
0.012847
0.001944
0.002361
0.001944
0.003125
0.001875
0.006458
0.001667
0.005764
0.001806
0.006875
0.001111
0.008125
0.004306
0.004583
0.000903
0.007708
0.001597
0.004097
0.002917
0.002708
0.002292
0.008194
0.002708
0.002639
0.000903
0.003333
0.001597
0.007917
0.003681
0.003958
0.001597
0.005903
0.001458
0.002639
0.003889
0.002986
0.002639
0.005139
0.005694
0.005694
0.001875
0.002361
0.002708
0.005833
0.002014
0.002639
0.001597
0.012639
0.002431
0.003056
0.001736
0.003472
0.001458
0.003958
