0.047708
0.001319
0.001250
0.006111
0.002708
0.001458
0.009097
0.004444
0.002083
0.001111
0.006597
0.004306
0.003125
0.001319
0.003472
0.008264
0.004167
0.000556
0.002153
0.005903
0.002917
0.001111
0.006250
0.007639
0.001667
0.002569
0.007569
0.002847
0.003403
0.000764
0.004653
0.004514
0.009722
0.002153
0.002778
0.005625
0.006319
0.001042
0.005694
0.003472
0.004028
0.003194
0.009931
0.004028
0.008264
0.001389
0.007222
0.002500
0.004931
0.001250
0.003472
0.003889
0.004514
0.002222
0.010625
0.004375
0.002500
0.001181
0.005764
0.002222
0.011528
0.002014
0.004097
0.004514
0.004444
0.001875
0.001875
0.008958
0.003472
0.003125
0.002292
0.005347
0.001319
0.003819
0.006736
0.004167
0.002222
0.001250
0.001806
0.004375
0.003125
0.000625
0.001875
0.005625
0.004444
0.004861
0.004444
0.005833
0.002361
0.001458
0.002639
0.002986
0.004236
0.001319
0.004722
0.009861
0.006458
0.001042
0.001875
0.003472
0.003333
0.005903
0.002361
0.003611
0.003472
0.002222
0.003403
0.002569
0.011875
0.001319
0.003125
0.001875
0.006528
0.000556
0.002083
0.004097
0.005486
0.002500
0.002917
0.002917
0.002083
0.003472
0.004236
0.001458
0.006111
0.001181
0.003194
0.002639
0.002222
0.000972
0.002500
0.003958
0.002639
0.002639
0.005833
0.003264
0.002292
0.001042
0.003958
0.003889
0.004583
0.001458
0.003264
0.006597
0.001250
0.000556
0.002986
0.007986
0.002639
0.001458
0.004375
0.004931
0.003056
0.001042
0.009444
0.003889
0.003819
0.000625
0.002847
0.008750
0.010417
0.000764
0.005625
0.003125
0.004514
0.001319
0.007500
0.002847
0.004722
0.000903
0.012014
0.002431
0.008264
0.001389
0.003542
0.003681
0.004306
0.000278
0.002917
0.002222
0.004861
0.004236
0.009097
0.003750
0.006736
0.000764
0.006806
0.002500
0.009583
0.001319
0.004097
0.007431
0.002222
0.001250
0.001875
0.010764
0.002292
0.001806
0.003333
0.003194
0.002222
0.008194
0.002083
0.006458
0.002500
0.001528
0.001528
0.004861
0.001181
0.000833
0.001597
0.003056
0.003056
0.002847
0.005000
0.003681
0.001736
0.002569
0.001597
0.004583
0.005556
0.002222
0.002014
0.007847
0.005972
0.000556
0.002292
0.002431
0.003542
0.002153
0.004375
0.002361
0.003889
0.001806
0.002153
0.003403
0.007014
0.001181
0.001528
0.004028
0.010208
0.000069
0.001736
0.001042
0.004583
0.002639
0.003889
0.001806
0.003333
0.007361
0.001458
0.002014
0.006875
0.001944
0.002778
0.002986
