0.155518
0.003023
0.004220
0.004787
0.003212
0.001890
0.004283
0.003401
0.001827
0.001890
0.004409
0.001827
0.001008
0.001512
0.002268
0.004661
0.001890
0.001260
0.002394
0.005921
0.000756
0.001638
0.005102
0.001197
0.002142
0.001764
0.007181
0.005858
0.002268
0.001764
0.007748
0.018141
0.004787
0.004346
0.004913
0.003149
0.001008
0.004535
0.008818
0.001134
0.002331
0.001512
0.006047
0.001323
0.003086
0.001449
0.008125
0.001071
0.002079
0.001197
0.003212
0.001134
0.001386
0.001575
0.002016
0.001386
0.003275
0.002960
0.012976
0.001953
0.004535
0.002771
0.009889
0.001449
0.003149
0.003590
0.005669
0.006236
0.001260
0.007433
0.004724
0.001890
0.000819
0.005417
0.001953
0.002457
0.000567
0.006425
0.001827
0.004976
0.001134
0.003149
0.001827
0.002394
0.000882
0.001638
0.001638
0.001764
0.002331
0.011716
0.003842
0.002142
0.001197
0.008314
0.003149
0.007496
0.003968
0.003338
0.004850
0.004220
0.003527
0.003590
0.002142
0.003275
0.001764
0.003464
0.001449
0.001701
0.004472
0.001575
0.002205
0.001071
0.003905
0.001071
0.001575
0.001827
0.001071
0.003023
0.001827
0.001071
0.007559
0.004724
0.003212
0.002016
0.017826
0.003023
0.002457
0.002897
0.001575
0.001575
0.004220
0.011338
0.001953
0.002331
0.006110
0.003842
0.001197
0.000819
0.004850
0.001134
0.002331
0.001953
0.001638
0.004913
0.001260
0.001260
0.002268
0.003590
0.001638
0.000945
0.004283
0.002331
0.002960
0.002016
0.005543
0.003779
0.004346
0.003905
0.005417
0.003779
0.004220
0.001827
0.005921
0.002016
0.002834
0.004094
0.012283
0.001764
0.001953
0.001197
0.002520
0.001323
0.001890
0.001449
0.003338
0.001575
0.002960
0.000819
0.006803
0.001071
0.001260
0.001071
0.005165
0.001071
0.001512
0.004220
0.009700
0.001764
0.005417
0.004724
0.006173
0.003401
0.002079
0.004094
0.003149
0.004220
0.001512
0.011275
0.004346
0.002331
0.001071
0.002205
0.001134
0.002016
0.000819
0.003023
0.001575
0.001890
0.000819
0.005732
0.001008
0.002897
0.000945
0.003149
0.002331
0.001575
0.001386
0.007874
0.004598
0.001575
0.003401
0.004094
0.005921
0.006173
0.010897
0.002646
0.002583
0.002394
0.003779
0.003716
0.002520
0.001953
0.000819
0.004472
0.002079
0.000378
0.004472
0.000945
0.002079
0.001386
0.003590
0.002079
0.001260
0.000819
0.000882
0.002394
0.001890
0.002394
0.003716
0.003716
0.002960
0.003527
0.004787
0.003464
0.004346
0.005543
