0.164588
0.003275
0.004094
0.003149
0.004535
0.004535
0.003149
0.002331
0.004472
0.001512
0.004850
0.002646
0.002394
0.003842
0.002708
0.004787
0.001575
0.002457
0.001890
0.004661
0.002142
0.001701
0.004661
0.001197
0.003590
0.002708
0.004283
0.003968
0.002394
0.002520
0.004031
0.004976
0.004031
0.004535
0.003275
0.004220
0.001575
0.004157
0.007244
0.002268
0.002268
0.001701
0.003464
0.001764
0.002268
0.002646
0.004283
0.001890
0.001827
0.002520
0.003023
0.003653
0.001008
0.002708
0.002583
0.002268
0.003023
0.003653
0.008818
0.003968
0.006110
0.004535
0.003716
0.003275
0.003905
0.003401
0.005165
0.004913
0.002394
0.006173
0.005039
0.002142
0.001827
0.002520
0.002960
0.001890
0.001827
0.002708
0.002331
0.004598
0.003275
0.001890
0.003212
0.001764
0.001827
0.001890
0.003779
0.001449
0.003716
0.008251
0.004598
0.001701
0.002960
0.003149
0.005039
0.006551
0.002897
0.002268
0.004409
0.004472
0.002205
0.002520
0.003968
0.002331
0.002205
0.003590
0.002142
0.003653
0.005354
0.001890
0.004535
0.002646
0.003968
0.001638
0.002394
0.002771
0.001071
0.002771
0.003338
0.002079
0.003086
0.003842
0.003842
0.002960
0.006677
0.002834
0.002834
0.002520
0.003275
0.002646
0.003590
0.007118
0.002583
0.002520
0.004913
0.002771
0.001953
0.002079
0.003779
0.002205
0.003149
0.002897
0.002520
0.003716
0.002268
0.002771
0.002646
0.005228
0.002079
0.001701
0.005543
0.002142
0.003023
0.002834
0.003590
0.002708
0.004409
0.002394
0.003212
0.003023
0.006110
0.004787
0.005669
0.003086
0.003779
0.003401
0.010582
0.004031
0.001008
0.002646
0.001701
0.001449
0.001638
0.002016
0.003023
0.002583
0.002646
0.002331
0.002646
0.001890
0.002016
0.001953
0.004409
0.001953
0.002079
0.004787
0.005165
0.003590
0.004283
0.004976
0.003464
0.004220
0.003464
0.004031
0.004724
0.005921
0.004220
0.009763
0.003905
0.002142
0.001764
0.001449
0.002583
0.001008
0.002205
0.002142
0.002142
0.001890
0.001827
0.002583
0.002268
0.002708
0.001701
0.003275
0.003401
0.001386
0.002897
0.004724
0.005543
0.002268
0.003716
0.003905
0.006236
0.004031
0.007370
0.002457
0.003968
0.002771
0.002834
0.004220
0.003023
0.003968
0.001449
0.003338
0.003212
0.002079
0.003842
0.000945
0.003086
0.002142
0.004913
0.001638
0.003401
0.002394
0.002457
0.004598
0.002520
0.003338
0.002897
0.002205
0.003653
0.003149
0.002520
0.003086
0.003338
0.003716
