0.171328
0.003464
0.002079
0.004031
0.002708
0.006110
0.002394
0.002708
0.005102
0.005291
0.003275
0.001449
0.004598
0.005795
0.001575
0.004220
0.001890
0.003149
0.002205
0.005669
0.003275
0.002834
0.003716
0.002834
0.002016
0.002646
0.002708
0.003401
0.002771
0.003275
0.002834
0.003590
0.003842
0.003149
0.001575
0.003842
0.000882
0.003653
0.004346
0.003842
0.002646
0.002520
0.002079
0.002331
0.002646
0.001764
0.002142
0.002268
0.001323
0.003086
0.001071
0.004661
0.001260
0.004913
0.001449
0.003086
0.001512
0.003968
0.003149
0.005543
0.004157
0.004913
0.002079
0.004787
0.002960
0.002394
0.003653
0.005417
0.002079
0.006425
0.003653
0.002457
0.001953
0.003338
0.001638
0.003023
0.002457
0.003527
0.002142
0.003779
0.004031
0.002331
0.002960
0.002771
0.003527
0.002331
0.003842
0.001260
0.003779
0.004535
0.003968
0.002708
0.003968
0.003086
0.006488
0.006236
0.002771
0.002205
0.002708
0.006425
0.001953
0.002520
0.004094
0.004346
0.002331
0.003464
0.002268
0.005102
0.003905
0.002771
0.004724
0.005480
0.004535
0.001638
0.002079
0.003905
0.001890
0.004157
0.002646
0.002394
0.003338
0.003464
0.001890
0.003212
0.002834
0.002834
0.002583
0.003212
0.002834
0.004472
0.002142
0.007181
0.002142
0.003275
0.005102
0.003779
0.003212
0.004283
0.001953
0.002708
0.003023
0.003338
0.001575
0.002708
0.002960
0.002771
0.003023
0.007433
0.003023
0.003212
0.005102
0.003086
0.001449
0.004157
0.001323
0.003212
0.003527
0.003590
0.002016
0.002771
0.006992
0.002960
0.002583
0.002960
0.002016
0.003023
0.008944
0.004724
0.002142
0.002960
0.001071
0.002268
0.000819
0.002268
0.001890
0.003275
0.003275
0.003149
0.001953
0.003527
0.001638
0.003149
0.002646
0.003338
0.001701
0.003527
0.002708
0.004598
0.002520
0.004220
0.002079
0.003590
0.002583
0.003212
0.002897
0.009070
0.003023
0.008944
0.002331
0.003653
0.001827
0.002646
0.002457
0.003275
0.002205
0.002646
0.002016
0.002457
0.002771
0.003527
0.002331
0.005165
0.002205
0.005228
0.002205
0.002331
0.002960
0.003842
0.003338
0.002268
0.003023
0.002016
0.003842
0.003779
0.006992
0.002583
0.002708
0.003968
0.001512
0.004598
0.002268
0.004346
0.001764
0.003023
0.003023
0.003653
0.002142
0.002079
0.002897
0.003842
0.007748
0.002834
0.002708
0.004031
0.002583
0.007244
0.002708
0.003716
0.002331
0.002142
0.002960
0.003527
0.002142
0.003086
0.001764
0.004283
