0.158919
0.003086
0.003527
0.005354
0.003590
0.001953
0.002079
0.003590
0.002268
0.001197
0.002960
0.001764
0.001638
0.001449
0.001701
0.004724
0.003023
0.001701
0.001260
0.005039
0.001260
0.001575
0.003338
0.001008
0.004094
0.001575
0.003338
0.005291
0.002268
0.001575
0.005795
0.022298
0.006929
0.003464
0.002394
0.003968
0.002394
0.003338
0.006866
0.001512
0.003842
0.001386
0.003779
0.001071
0.004283
0.001197
0.006929
0.000756
0.002394
0.001638
0.001953
0.001134
0.002268
0.001323
0.001008
0.000882
0.004850
0.002646
0.011968
0.002897
0.008125
0.002457
0.008062
0.001890
0.005291
0.003149
0.003842
0.005858
0.001890
0.005606
0.003968
0.001953
0.001764
0.004409
0.001386
0.002583
0.001701
0.006992
0.000882
0.006236
0.002205
0.002394
0.001071
0.001575
0.001386
0.001260
0.001197
0.001449
0.002960
0.010834
0.003086
0.003275
0.001764
0.007559
0.002583
0.006740
0.006299
0.003212
0.003338
0.005228
0.004472
0.002520
0.003023
0.002331
0.002457
0.003149
0.001449
0.002205
0.006488
0.001890
0.001260
0.001827
0.006299
0.001197
0.001701
0.003023
0.001638
0.003905
0.001134
0.000756
0.007244
0.004913
0.001575
0.003212
0.021542
0.002583
0.001512
0.002771
0.002960
0.001575
0.001827
0.012283
0.003968
0.001512
0.002771
0.004094
0.001575
0.001071
0.003842
0.001008
0.003023
0.001197
0.001449
0.005354
0.001953
0.002331
0.001197
0.003023
0.002583
0.001008
0.002394
0.001449
0.003968
0.002016
0.002142
0.003968
0.006866
0.003842
0.003086
0.006362
0.006110
0.003086
0.003149
0.002142
0.003716
0.003086
0.010708
0.002142
0.002331
0.001386
0.001260
0.001197
0.002457
0.001323
0.002834
0.000819
0.004346
0.001008
0.006299
0.001071
0.002268
0.001386
0.003590
0.001134
0.002583
0.004409
0.006110
0.001260
0.007811
0.005165
0.003086
0.004472
0.002583
0.003023
0.001449
0.005732
0.002708
0.010519
0.003401
0.001701
0.000945
0.001260
0.000882
0.001890
0.001764
0.001953
0.001197
0.002331
0.001008
0.005669
0.001008
0.003149
0.001134
0.004094
0.001386
0.001134
0.002016
0.007055
0.003779
0.001890
0.005921
0.002520
0.004409
0.006488
0.014361
0.002646
0.000882
0.002708
0.005921
0.003149
0.001827
0.002708
0.001197
0.003905
0.001575
0.001134
0.007118
0.001449
0.001512
0.002331
0.005228
0.001701
0.001512
0.001764
0.002457
0.003149
0.001134
0.001701
0.006173
0.001953
0.001638
0.003275
0.006173
0.002834
0.003275
0.005354
