0.193941
0.003338
0.002897
0.003275
0.002583
0.005291
0.002520
0.002268
0.005480
0.004535
0.004157
0.003653
0.003905
0.005732
0.002708
0.003023
0.002646
0.002834
0.001890
0.005102
0.001638
0.002583
0.005732
0.001890
0.002834
0.002142
0.003086
0.003590
0.001827
0.002834
0.003842
0.002960
0.003086
0.002520
0.002708
0.002708
0.001323
0.004094
0.004598
0.003527
0.001575
0.002142
0.003464
0.002205
0.001701
0.001386
0.004283
0.001890
0.001827
0.002079
0.003023
0.005165
0.001512
0.004031
0.002079
0.002457
0.001512
0.004157
0.004850
0.005102
0.002960
0.003149
0.003779
0.004220
0.002897
0.002457
0.003401
0.006173
0.001764
0.004850
0.003149
0.003716
0.001323
0.002142
0.001575
0.003149
0.001638
0.004283
0.002708
0.003779
0.003149
0.000567
0.003590
0.002457
0.002142
0.002142
0.003653
0.002205
0.003590
0.005228
0.004535
0.002771
0.003464
0.002268
0.005102
0.005480
0.001890
0.001638
0.003653
0.005606
0.001071
0.001890
0.004094
0.004535
0.001764
0.003464
0.003842
0.006110
0.003086
0.002142
0.005858
0.004157
0.003779
0.001701
0.002897
0.002897
0.001260
0.005291
0.002771
0.002897
0.002771
0.001953
0.002646
0.003653
0.002520
0.002142
0.001638
0.002205
0.001890
0.002268
0.003023
0.006929
0.002205
0.002142
0.004031
0.003968
0.003464
0.002771
0.003401
0.003086
0.002897
0.003968
0.003086
0.004031
0.002646
0.003779
0.003842
0.007937
0.002142
0.003275
0.006110
0.003779
0.001449
0.002960
0.002520
0.001890
0.001890
0.002771
0.003464
0.002834
0.005858
0.002960
0.003905
0.002897
0.001764
0.003086
0.008629
0.002646
0.001827
0.002520
0.002268
0.002583
0.001008
0.002960
0.002457
0.002708
0.003401
0.002960
0.004094
0.002331
0.001827
0.003086
0.004913
0.003149
0.001071
0.004220
0.003905
0.003653
0.002205
0.003590
0.003590
0.003968
0.002394
0.002394
0.003527
0.008818
0.002142
0.008503
0.003023
0.002960
0.001260
0.001638
0.002583
0.002834
0.002079
0.002205
0.002205
0.001512
0.002205
0.003716
0.002268
0.004724
0.002331
0.004850
0.003149
0.002268
0.002394
0.003527
0.002708
0.002708
0.003212
0.001953
0.004976
0.004535
0.004724
0.002268
0.003464
0.003338
0.001197
0.004031
0.002457
0.003149
0.001449
0.002960
0.003149
0.003401
0.002646
0.001512
0.003779
0.004031
0.006614
0.001638
0.003338
0.003779
0.002457
0.004724
0.002771
0.003716
0.002079
0.002205
0.002079
0.003338
0.002079
0.002646
0.003149
0.004724
