0.048472
0.001181
0.004722
0.004306
0.003819
0.001458
0.011944
0.003681
0.002222
0.001111
0.009097
0.002014
0.004028
0.001250
0.004861
0.009722
0.004583
0.000556
0.002847
0.004583
0.003472
0.000694
0.010833
0.005903
0.002292
0.002847
0.007500
0.002500
0.003542
0.000556
0.010000
0.009375
0.008403
0.001389
0.004375
0.005000
0.008611
0.001319
0.008194
0.002222
0.001736
0.002986
0.008542
0.002083
0.011111
0.000903
0.006458
0.002014
0.005833
0.000972
0.003194
0.001667
0.006528
0.001806
0.012639
0.003611
0.003472
0.001389
0.004097
0.000625
0.014167
0.002014
0.007292
0.002292
0.005903
0.000556
0.002639
0.005833
0.003611
0.003264
0.002917
0.003889
0.002153
0.003194
0.006736
0.001181
0.003056
0.001528
0.003403
0.004028
0.003472
0.000972
0.002639
0.003403
0.002917
0.007153
0.005278
0.003125
0.001597
0.001944
0.002847
0.001181
0.003750
0.001528
0.006042
0.008194
0.006250
0.002153
0.002500
0.002292
0.006875
0.009097
0.002361
0.002917
0.001389
0.000694
0.002778
0.001458
0.009167
0.001875
0.003125
0.001806
0.005764
0.001389
0.001875
0.004236
0.006667
0.003264
0.002431
0.002569
0.002361
0.003681
0.003611
0.000694
0.010000
0.002153
0.002986
0.002361
0.002014
0.000625
0.005972
0.003889
0.002222
0.003750
0.008819
0.002778
0.002014
0.000764
0.006111
0.003542
0.006181
0.000972
0.004028
0.007847
0.002153
0.000694
0.003958
0.007292
0.001806
0.000903
0.013472
0.003333
0.002917
0.000903
0.007569
0.001806
0.004514
0.000972
0.006736
0.007292
0.008819
0.001944
0.006667
0.001667
0.005486
0.001042
0.006111
0.001319
0.002500
0.001319
0.010556
0.002708
0.008611
0.001250
0.003889
0.003750
0.003403
0.000833
0.003333
0.000833
0.003542
0.004236
0.008889
0.001667
0.004444
0.001111
0.004028
0.000625
0.007153
0.001667
0.005347
0.005556
0.004444
0.000556
0.003125
0.007500
0.001944
0.002847
0.003681
0.000972
0.002222
0.006250
0.002431
0.003750
0.003819
0.002222
0.002153
0.005486
0.001597
0.000278
0.001458
0.000764
0.002500
0.003194
0.007431
0.001250
0.000972
0.001181
0.001667
0.001667
0.007292
0.001319
0.004444
0.004583
0.004236
0.001042
0.002222
0.001250
0.002778
0.002917
0.004653
0.000972
0.003958
0.001736
0.002292
0.001736
0.007014
0.001944
0.001736
0.006319
0.007292
0.000764
0.001319
0.001319
0.003681
0.003333
0.003958
0.000764
0.003542
0.006181
0.001181
0.001458
0.008611
0.001667
0.003056
0.002292
