0.060069
0.000694
0.002917
0.006667
0.002847
0.001736
0.015278
0.005972
0.000833
0.000694
0.008681
0.003333
0.002778
0.000903
0.006528
0.013125
0.002778
0.000903
0.001875
0.005486
0.002708
0.001806
0.015486
0.006597
0.001667
0.005347
0.007917
0.002014
0.001389
0.001875
0.009722
0.017292
0.004444
0.000694
0.004028
0.005764
0.006250
0.001319
0.012292
0.002222
0.001528
0.002083
0.010625
0.002222
0.010833
0.000625
0.013750
0.002361
0.003264
0.000556
0.002361
0.002014
0.004722
0.001181
0.019375
0.003125
0.003194
0.000625
0.006597
0.001181
0.014167
0.001181
0.007569
0.003681
0.004236
0.000903
0.002153
0.007778
0.001806
0.005486
0.002431
0.005347
0.000556
0.001458
0.007708
0.002014
0.001389
0.001181
0.002569
0.005764
0.001389
0.000694
0.001111
0.003958
0.002569
0.005764
0.003958
0.004514
0.001181
0.002222
0.002708
0.001597
0.002014
0.002292
0.003750
0.009514
0.002014
0.000625
0.001250
0.003125
0.004306
0.011944
0.003542
0.002431
0.000625
0.001319
0.001389
0.001319
0.009653
0.001389
0.003681
0.001806
0.004722
0.000347
0.001319
0.003542
0.005278
0.005694
0.002917
0.001875
0.002083
0.003056
0.004722
0.000833
0.005833
0.002708
0.002847
0.001597
0.001250
0.000556
0.004653
0.006528
0.002292
0.007639
0.009167
0.003333
0.001042
0.000764
0.004514
0.003750
0.004444
0.001389
0.004375
0.007014
0.001667
0.000208
0.001875
0.006458
0.001597
0.001875
0.014306
0.003611
0.001944
0.000625
0.009514
0.003403
0.002153
0.000556
0.003611
0.013333
0.006528
0.000486
0.005764
0.002153
0.003264
0.001111
0.012292
0.001736
0.002847
0.000556
0.013750
0.001944
0.009236
0.000903
0.007847
0.002639
0.002778
0.000972
0.003333
0.000903
0.002986
0.002500
0.012083
0.002500
0.003056
0.000556
0.004097
0.001389
0.005486
0.000417
0.003403
0.006319
0.000764
0.000278
0.002917
0.007014
0.000903
0.005139
0.003542
0.002431
0.001667
0.005486
0.002986
0.002222
0.002153
0.001111
0.001736
0.005694
0.000764
0.000208
0.001875
0.001458
0.000694
0.003194
0.007639
0.002361
0.001250
0.001667
0.001875
0.002569
0.004653
0.000556
0.002708
0.008472
0.002083
0.000069
0.001319
0.001181
0.002500
0.007153
0.005625
0.001042
0.002222
0.000694
0.001111
0.001111
0.005625
0.000694
0.002361
0.005625
0.005139
0.000208
0.001250
0.000833
0.002500
0.002083
0.003125
0.000694
0.002986
0.008472
0.001528
0.001111
0.005972
0.000556
0.001944
0.002361
