0.046181
0.001042
0.002500
0.009722
0.005208
0.001181
0.014028
0.005069
0.000972
0.000625
0.007986
0.003125
0.003056
0.001181
0.006597
0.012847
0.002778
0.000625
0.002014
0.005833
0.002292
0.000903
0.013819
0.008750
0.001458
0.004861
0.007500
0.001458
0.001944
0.001042
0.009861
0.017847
0.006111
0.000764
0.004028
0.006458
0.008403
0.001250
0.012222
0.001806
0.001875
0.002014
0.010694
0.001319
0.009653
0.000417
0.010625
0.002292
0.005417
0.000347
0.003681
0.001806
0.005278
0.000625
0.017569
0.002500
0.002361
0.000694
0.007292
0.000903
0.017014
0.000903
0.006806
0.003333
0.004236
0.000694
0.002083
0.009792
0.001736
0.005625
0.002639
0.004028
0.000694
0.001736
0.007014
0.002778
0.001597
0.001597
0.002778
0.006389
0.002153
0.000069
0.000833
0.005069
0.003056
0.005972
0.005625
0.005625
0.001250
0.001875
0.003056
0.001042
0.001111
0.002222
0.004722
0.011458
0.002847
0.000417
0.001181
0.002292
0.004444
0.011528
0.002500
0.001806
0.000972
0.000833
0.002569
0.001250
0.009514
0.000625
0.002083
0.001944
0.005000
0.000069
0.000625
0.005000
0.004792
0.004375
0.002431
0.002153
0.001528
0.003681
0.003681
0.000556
0.007292
0.002153
0.002778
0.001389
0.000903
0.000417
0.004097
0.004722
0.001667
0.006597
0.007569
0.002361
0.001181
0.000556
0.004653
0.004583
0.004931
0.000972
0.004236
0.007778
0.001250
0.000486
0.001944
0.009375
0.001597
0.002361
0.011042
0.004236
0.001806
0.000903
0.008750
0.002361
0.002708
0.000486
0.003750
0.013681
0.009514
0.000347
0.005278
0.002708
0.003750
0.001111
0.012292
0.001528
0.002639
0.000556
0.013333
0.002847
0.009306
0.000833
0.007569
0.003125
0.002222
0.000694
0.003125
0.000833
0.001944
0.002500
0.013819
0.001528
0.003125
0.000417
0.005556
0.001319
0.007569
0.000486
0.004375
0.007361
0.000833
0.000139
0.003056
0.009097
0.001458
0.005694
0.002569
0.002431
0.001528
0.005625
0.003333
0.004375
0.002431
0.000694
0.001181
0.006042
0.001458
0.000069
0.001736
0.002292
0.001389
0.002847
0.008542
0.003056
0.001111
0.001667
0.002292
0.001944
0.005556
0.000486
0.002569
0.008333
0.003125
0.000000
0.001667
0.001458
0.002361
0.006042
0.004722
0.000764
0.002014
0.000833
0.001181
0.001667
0.006319
0.000208
0.001111
0.005625
0.005903
0.000069
0.001181
0.001458
0.001806
0.001389
0.003403
0.000556
0.003264
0.008333
0.001944
0.001528
0.005625
0.000694
0.002153
0.002569
