0.166982
0.002708
0.002771
0.004724
0.003527
0.002834
0.004031
0.003086
0.004283
0.002394
0.005480
0.002834
0.003905
0.003338
0.003275
0.005858
0.002834
0.001512
0.003086
0.005291
0.001638
0.001953
0.003590
0.001953
0.002897
0.002079
0.005417
0.003968
0.002960
0.002897
0.004346
0.007685
0.004535
0.002771
0.003527
0.003212
0.001512
0.002331
0.006236
0.002268
0.002834
0.002142
0.005606
0.002331
0.004283
0.002016
0.004094
0.001386
0.002457
0.001764
0.002960
0.002708
0.002331
0.002016
0.002331
0.002583
0.002457
0.003338
0.007748
0.004724
0.006551
0.003086
0.004283
0.002960
0.002771
0.002394
0.003464
0.005795
0.002205
0.004283
0.003842
0.001512
0.001953
0.003023
0.003275
0.002834
0.001827
0.003716
0.002646
0.004283
0.002268
0.002205
0.002646
0.002268
0.001386
0.001827
0.002708
0.001953
0.003716
0.005291
0.004850
0.003338
0.003779
0.003149
0.005102
0.006488
0.003149
0.002079
0.002583
0.004157
0.002142
0.002583
0.002834
0.002897
0.002394
0.004031
0.003653
0.003401
0.004976
0.002457
0.004598
0.002960
0.005228
0.001764
0.002079
0.002646
0.002016
0.003653
0.002960
0.002205
0.003905
0.002834
0.002520
0.002394
0.005102
0.001953
0.003590
0.002834
0.003401
0.002016
0.004283
0.010078
0.002583
0.002520
0.005858
0.003968
0.002771
0.002960
0.003842
0.001764
0.002960
0.002646
0.002331
0.004850
0.003464
0.002583
0.003149
0.006236
0.003275
0.001890
0.006047
0.003653
0.003086
0.001953
0.002708
0.003905
0.003716
0.002583
0.003149
0.005102
0.005669
0.002583
0.004535
0.003212
0.002457
0.003212
0.009259
0.004220
0.002457
0.002016
0.003338
0.001701
0.001701
0.001386
0.003086
0.001953
0.003149
0.002394
0.004661
0.002708
0.002520
0.001890
0.004346
0.001575
0.002142
0.002646
0.004598
0.003338
0.003905
0.002331
0.003716
0.004220
0.003086
0.003023
0.003275
0.006614
0.002834
0.007559
0.004598
0.003401
0.001134
0.001575
0.002331
0.001386
0.002394
0.002394
0.002016
0.002583
0.002331
0.002268
0.002646
0.004157
0.001512
0.003023
0.003023
0.002142
0.002016
0.003779
0.004535
0.002268
0.003149
0.002142
0.004535
0.004157
0.007559
0.002708
0.003212
0.003464
0.003779
0.002268
0.003086
0.003275
0.001953
0.003212
0.002142
0.003212
0.003338
0.001512
0.002457
0.003086
0.005228
0.001701
0.003401
0.002646
0.002583
0.004283
0.003842
0.003716
0.002960
0.002708
0.002457
0.002331
0.004535
0.002016
0.003653
0.002646
