0.191547
0.003275
0.002268
0.003212
0.001764
0.004031
0.002331
0.002142
0.006299
0.004157
0.003464
0.001638
0.003716
0.006047
0.002394
0.002520
0.003149
0.002457
0.001260
0.004850
0.002960
0.003338
0.005165
0.001512
0.002520
0.001953
0.002646
0.003212
0.002708
0.002079
0.003527
0.003149
0.005354
0.003212
0.002771
0.003716
0.002016
0.002646
0.006110
0.003023
0.003086
0.002771
0.001953
0.001386
0.002771
0.002016
0.003275
0.001638
0.002394
0.003338
0.001890
0.003905
0.001575
0.004472
0.001890
0.002268
0.001197
0.003338
0.004472
0.005921
0.004031
0.005795
0.002834
0.004031
0.003212
0.002394
0.003842
0.005858
0.002331
0.005291
0.003212
0.001197
0.001890
0.002457
0.001827
0.001953
0.002205
0.003149
0.002834
0.002079
0.004724
0.001512
0.002646
0.001953
0.003401
0.002205
0.003968
0.001701
0.004535
0.003464
0.005039
0.002268
0.003212
0.002142
0.005606
0.003716
0.002331
0.001890
0.003905
0.004913
0.001827
0.001701
0.004472
0.003338
0.002394
0.003149
0.003716
0.005543
0.003338
0.002079
0.004913
0.004094
0.005921
0.001764
0.001890
0.002897
0.001953
0.004661
0.003086
0.001827
0.002142
0.002520
0.002834
0.002960
0.002771
0.002583
0.003212
0.002897
0.002960
0.002960
0.003653
0.007370
0.003716
0.002834
0.005228
0.002520
0.003275
0.002771
0.002457
0.002079
0.002897
0.003968
0.002457
0.002331
0.003023
0.003275
0.002646
0.006110
0.003653
0.002457
0.007433
0.003653
0.002142
0.003275
0.002583
0.003212
0.003212
0.002142
0.002960
0.002960
0.006677
0.003338
0.003779
0.003023
0.002331
0.001953
0.009385
0.003842
0.003023
0.001953
0.001134
0.002771
0.001449
0.002205
0.002646
0.003779
0.003968
0.003086
0.002331
0.002646
0.002079
0.002016
0.003653
0.002834
0.002457
0.003905
0.003653
0.003401
0.002834
0.003590
0.002834
0.004472
0.002897
0.003086
0.003023
0.008440
0.002834
0.008692
0.003149
0.002834
0.001575
0.002205
0.003212
0.001890
0.002646
0.003212
0.002457
0.001764
0.002771
0.002331
0.002583
0.003527
0.002771
0.003716
0.002331
0.001890
0.002457
0.003023
0.003779
0.001890
0.003716
0.002268
0.005165
0.003275
0.006362
0.001764
0.003212
0.002708
0.002394
0.004346
0.002708
0.003023
0.003275
0.003149
0.002897
0.002708
0.002897
0.002708
0.004031
0.003149
0.007181
0.002834
0.003401
0.002079
0.002771
0.006929
0.002016
0.003590
0.002016
0.001071
0.003464
0.002960
0.002079
0.002708
0.002142
0.003023
