0.143676
0.003086
0.003212
0.003590
0.002331
0.002520
0.003716
0.002708
0.004850
0.002457
0.003338
0.002268
0.003653
0.003968
0.003590
0.005543
0.002079
0.002016
0.001701
0.004787
0.001890
0.001512
0.004787
0.001764
0.003086
0.002394
0.004913
0.003842
0.003401
0.002268
0.005354
0.007811
0.005102
0.003401
0.003590
0.002646
0.001386
0.002394
0.008818
0.002708
0.003842
0.003149
0.004220
0.001827
0.003653
0.002079
0.009070
0.001764
0.002583
0.001953
0.002771
0.002268
0.001701
0.002268
0.002520
0.001764
0.003905
0.003653
0.005921
0.004220
0.005606
0.003779
0.009322
0.002834
0.001890
0.002457
0.005354
0.005417
0.002016
0.006173
0.002079
0.002268
0.001701
0.003527
0.002520
0.003527
0.002394
0.005669
0.003338
0.003590
0.002520
0.002268
0.003401
0.002079
0.001134
0.001890
0.002394
0.001449
0.002960
0.007181
0.004220
0.002457
0.002646
0.005417
0.004850
0.005984
0.003653
0.001512
0.002268
0.003338
0.002960
0.003716
0.002960
0.003149
0.002331
0.004661
0.003212
0.003527
0.005291
0.002960
0.003968
0.003401
0.006173
0.001449
0.002520
0.001890
0.001575
0.004409
0.001512
0.001827
0.005921
0.003653
0.003149
0.003149
0.006929
0.003653
0.002583
0.003023
0.003212
0.002520
0.003842
0.009196
0.003401
0.003023
0.005354
0.003779
0.002268
0.001323
0.002897
0.001512
0.001512
0.002079
0.001701
0.004724
0.002457
0.002960
0.003086
0.005984
0.003716
0.002016
0.006173
0.002771
0.003401
0.002268
0.002960
0.003338
0.003212
0.003653
0.003401
0.002897
0.006740
0.003086
0.006362
0.003275
0.003779
0.002834
0.011779
0.002708
0.002079
0.001827
0.001638
0.000945
0.001701
0.001638
0.003527
0.002142
0.004976
0.001953
0.006551
0.001827
0.002520
0.002960
0.005480
0.001701
0.002268
0.002394
0.005291
0.003086
0.003779
0.003023
0.003401
0.002457
0.002016
0.005228
0.004220
0.006992
0.002834
0.010897
0.004976
0.002897
0.001449
0.001827
0.001827
0.002142
0.001575
0.002771
0.001764
0.001638
0.001953
0.003653
0.002771
0.003968
0.001575
0.005858
0.002079
0.001701
0.002646
0.004346
0.002205
0.002079
0.001827
0.002646
0.004031
0.004346
0.009700
0.002771
0.002897
0.002583
0.003968
0.004346
0.003149
0.003905
0.001512
0.003275
0.001449
0.002520
0.003653
0.001386
0.002205
0.002079
0.006047
0.002646
0.003779
0.002268
0.002771
0.006047
0.003086
0.003275
0.002708
0.002583
0.002079
0.002520
0.003023
0.002520
0.003842
0.002394
