0.166919
0.002834
0.002834
0.004094
0.003212
0.003527
0.002897
0.003527
0.003968
0.002646
0.003149
0.002771
0.003590
0.002708
0.002142
0.005606
0.002457
0.001575
0.001386
0.004724
0.001764
0.002331
0.004220
0.001386
0.003590
0.003023
0.003149
0.003716
0.003464
0.002331
0.006173
0.008125
0.006677
0.003149
0.002331
0.003842
0.002520
0.004157
0.004661
0.002142
0.002583
0.002268
0.004976
0.001386
0.003653
0.001953
0.004976
0.001197
0.002457
0.002708
0.002016
0.001449
0.002708
0.002583
0.002331
0.002205
0.003275
0.005858
0.007874
0.004850
0.005795
0.004976
0.005480
0.003401
0.003338
0.002771
0.004724
0.004661
0.002771
0.004157
0.003086
0.001323
0.001764
0.004220
0.001764
0.002646
0.001764
0.004661
0.002142
0.002394
0.002142
0.001890
0.002457
0.001260
0.001827
0.001764
0.002897
0.001827
0.003527
0.006740
0.004157
0.002457
0.003716
0.004031
0.005039
0.005480
0.004850
0.001890
0.003023
0.003527
0.003212
0.002960
0.003275
0.003086
0.002268
0.003527
0.003023
0.003779
0.005039
0.001827
0.003779
0.002205
0.004409
0.001386
0.001890
0.002583
0.001953
0.003527
0.002708
0.001638
0.006236
0.004472
0.002142
0.002583
0.011653
0.002205
0.002771
0.003086
0.004031
0.002016
0.002520
0.010393
0.003023
0.002142
0.002960
0.004535
0.001890
0.002205
0.002771
0.001764
0.003023
0.001323
0.001449
0.004220
0.001638
0.002142
0.001890
0.006110
0.003401
0.002205
0.003716
0.002583
0.003212
0.002960
0.001890
0.003968
0.003716
0.003464
0.002142
0.003905
0.007433
0.004472
0.003653
0.002205
0.004157
0.004094
0.009700
0.003023
0.001575
0.002457
0.001575
0.001764
0.002205
0.001449
0.002457
0.001890
0.004157
0.002142
0.004598
0.002268
0.002771
0.002079
0.004283
0.001512
0.003086
0.004220
0.005102
0.001827
0.003842
0.004031
0.003212
0.003653
0.003149
0.003086
0.003527
0.005543
0.003464
0.010708
0.003842
0.002394
0.001575
0.002079
0.002205
0.002331
0.001386
0.001827
0.002205
0.001575
0.002457
0.004535
0.001512
0.002331
0.002268
0.003842
0.002771
0.001827
0.003338
0.004409
0.003779
0.001890
0.003905
0.002646
0.004472
0.004220
0.009826
0.003401
0.002960
0.002708
0.004031
0.004598
0.002520
0.004220
0.002079
0.003023
0.002960
0.001512
0.003779
0.001008
0.002205
0.002142
0.006929
0.002268
0.003401
0.001890
0.003023
0.005039
0.001827
0.002205
0.004031
0.001953
0.003212
0.002646
0.004472
0.002457
0.003086
0.003212
