0.170068
0.002583
0.003464
0.005921
0.002897
0.002394
0.004535
0.003212
0.001701
0.001197
0.005165
0.002520
0.000945
0.001575
0.002331
0.004976
0.001638
0.001071
0.002268
0.005858
0.000693
0.002205
0.004157
0.001512
0.002520
0.002960
0.007937
0.005480
0.002583
0.001764
0.004976
0.017637
0.004850
0.003968
0.004220
0.005606
0.001449
0.003716
0.006299
0.002457
0.001827
0.001638
0.004409
0.001260
0.002583
0.001890
0.004724
0.001197
0.002016
0.002079
0.002771
0.001197
0.001323
0.001575
0.002457
0.000756
0.002897
0.004031
0.012598
0.002708
0.005480
0.001764
0.008251
0.002520
0.004346
0.004094
0.005165
0.005606
0.001008
0.006803
0.004850
0.002079
0.000882
0.004472
0.001827
0.001764
0.000819
0.004346
0.001953
0.003338
0.001197
0.002457
0.002583
0.002205
0.000630
0.002016
0.001764
0.001827
0.001827
0.010330
0.005102
0.003653
0.002205
0.005732
0.002583
0.006362
0.004535
0.004220
0.004724
0.004157
0.003023
0.003149
0.002205
0.003401
0.001764
0.004409
0.001638
0.002268
0.004724
0.002142
0.001197
0.001449
0.004346
0.001260
0.001071
0.002708
0.000567
0.003149
0.002142
0.000819
0.005606
0.006740
0.003212
0.004409
0.016062
0.003212
0.000819
0.002394
0.003086
0.001890
0.003023
0.010960
0.002142
0.003086
0.005795
0.004850
0.000693
0.001449
0.004787
0.001449
0.002205
0.001134
0.002205
0.005291
0.001449
0.001134
0.002268
0.004157
0.001323
0.002142
0.002834
0.002394
0.002708
0.002394
0.004535
0.004157
0.005354
0.002771
0.004409
0.008062
0.004094
0.001575
0.003779
0.002583
0.001701
0.004409
0.011968
0.002079
0.001134
0.001890
0.002268
0.000945
0.001449
0.002205
0.002960
0.001890
0.001890
0.000945
0.004031
0.001386
0.001260
0.001953
0.003779
0.001386
0.001575
0.004157
0.008125
0.002205
0.004850
0.004346
0.004472
0.004598
0.001953
0.004724
0.001953
0.004724
0.001890
0.009763
0.004976
0.002771
0.000945
0.001953
0.002268
0.001197
0.001386
0.002960
0.002142
0.002834
0.001008
0.003401
0.001638
0.002520
0.000819
0.003401
0.002960
0.001764
0.001449
0.006803
0.004913
0.002079
0.003968
0.004724
0.005039
0.005732
0.010267
0.002457
0.001701
0.003401
0.003527
0.004094
0.002834
0.002457
0.000819
0.003401
0.001953
0.001197
0.004409
0.001386
0.001197
0.002771
0.003653
0.002520
0.000882
0.001575
0.001323
0.003401
0.001953
0.001764
0.002708
0.003338
0.002268
0.002646
0.004976
0.004094
0.004157
0.005606
