0.169438
0.004157
0.005039
0.004913
0.003527
0.001827
0.002708
0.003590
0.002897
0.001134
0.002771
0.002142
0.000945
0.001323
0.006803
0.005606
0.001890
0.001008
0.001071
0.006236
0.000378
0.001512
0.004031
0.000504
0.001953
0.001071
0.006488
0.004472
0.001323
0.001701
0.012157
0.017826
0.005732
0.004913
0.003275
0.004598
0.000945
0.003590
0.009385
0.001890
0.002205
0.001386
0.004787
0.000756
0.002394
0.001008
0.008944
0.000567
0.000882
0.001071
0.003086
0.001386
0.001260
0.001260
0.001764
0.001197
0.001827
0.003716
0.014487
0.002394
0.004283
0.002457
0.021605
0.002520
0.004472
0.003779
0.006299
0.006740
0.001008
0.007055
0.005543
0.001764
0.000819
0.005102
0.001827
0.002520
0.000378
0.008629
0.001323
0.003779
0.000819
0.003275
0.001701
0.001575
0.000945
0.001197
0.001260
0.001575
0.001449
0.011023
0.005354
0.002708
0.000819
0.004913
0.003212
0.006803
0.002897
0.002520
0.004157
0.005480
0.002771
0.001701
0.002079
0.003842
0.001260
0.003401
0.001575
0.002520
0.005858
0.001323
0.000945
0.001260
0.004661
0.000630
0.001323
0.003086
0.000630
0.003464
0.001260
0.000441
0.006173
0.003401
0.002142
0.003338
0.018393
0.002960
0.001512
0.002079
0.001827
0.001386
0.003338
0.015621
0.001827
0.001638
0.004598
0.004913
0.000504
0.001386
0.004976
0.001512
0.002016
0.001071
0.000882
0.005291
0.000567
0.000819
0.001638
0.003842
0.002457
0.001449
0.002205
0.001134
0.003212
0.001890
0.003464
0.003779
0.005669
0.004787
0.005228
0.005543
0.003149
0.002268
0.005165
0.002331
0.001449
0.003653
0.014298
0.002268
0.001512
0.001386
0.001512
0.001008
0.000882
0.001890
0.001953
0.001638
0.002016
0.001197
0.005228
0.001008
0.001071
0.001764
0.002897
0.000756
0.001638
0.004724
0.009574
0.001134
0.006614
0.005165
0.004913
0.006236
0.001134
0.003779
0.002771
0.004535
0.001071
0.010834
0.004913
0.002457
0.000945
0.001386
0.000819
0.001575
0.001134
0.003338
0.002394
0.002016
0.000504
0.005984
0.001449
0.002457
0.000252
0.002646
0.001701
0.001512
0.000945
0.007622
0.005795
0.001890
0.004850
0.003842
0.006047
0.006236
0.012283
0.002394
0.001134
0.002268
0.003212
0.002708
0.001953
0.002268
0.000378
0.004472
0.001323
0.000882
0.004724
0.000882
0.000819
0.003023
0.002834
0.001071
0.000693
0.001386
0.000945
0.002583
0.001701
0.002520
0.003401
0.001638
0.001764
0.004472
0.003464
0.002268
0.004787
0.005417
