0.165281
0.004094
0.003086
0.006992
0.003086
0.001890
0.002646
0.004661
0.002142
0.001071
0.004409
0.002708
0.001323
0.001764
0.002457
0.005921
0.001323
0.000756
0.001386
0.007496
0.000567
0.001449
0.004913
0.000945
0.002331
0.001890
0.005417
0.005984
0.001701
0.001827
0.009070
0.013102
0.002960
0.004661
0.005795
0.005228
0.000693
0.005165
0.007496
0.002457
0.001071
0.001260
0.003779
0.001323
0.002205
0.001449
0.005480
0.001764
0.001260
0.001827
0.003149
0.002520
0.001323
0.001323
0.001449
0.002016
0.001323
0.003653
0.010141
0.003779
0.013228
0.003401
0.010015
0.003842
0.001638
0.003590
0.005984
0.008440
0.001449
0.006803
0.004598
0.001953
0.000567
0.004850
0.001890
0.002646
0.000882
0.008818
0.001890
0.002897
0.001134
0.002646
0.002205
0.001386
0.000567
0.001134
0.002646
0.002268
0.002268
0.010645
0.004913
0.002834
0.001512
0.005039
0.004409
0.006677
0.001764
0.002016
0.003086
0.006362
0.001638
0.001890
0.002834
0.005921
0.001386
0.003275
0.001575
0.002646
0.002771
0.000945
0.001701
0.001386
0.004031
0.000819
0.001701
0.002771
0.000630
0.003464
0.001260
0.001260
0.002708
0.003023
0.002331
0.004661
0.021794
0.003086
0.003275
0.003023
0.002205
0.002142
0.003149
0.016188
0.001764
0.001449
0.005165
0.004661
0.001008
0.001512
0.003401
0.001260
0.001701
0.001575
0.001764
0.005984
0.001512
0.001386
0.002520
0.005102
0.002520
0.001638
0.004220
0.002394
0.002834
0.001638
0.003338
0.004850
0.003275
0.004598
0.004283
0.005228
0.004220
0.002583
0.005480
0.003275
0.001260
0.003716
0.011968
0.003527
0.001386
0.001008
0.002142
0.001575
0.001071
0.001512
0.002960
0.002520
0.001575
0.000756
0.004976
0.001386
0.001071
0.002016
0.004472
0.001071
0.001008
0.003653
0.007433
0.003086
0.003401
0.006551
0.004346
0.004661
0.001134
0.003212
0.004220
0.005732
0.001386
0.011905
0.005102
0.003275
0.001197
0.001008
0.002142
0.001953
0.001197
0.002708
0.001449
0.002205
0.000756
0.005795
0.002142
0.002771
0.000504
0.002520
0.002646
0.002520
0.001197
0.006866
0.004283
0.002079
0.002268
0.003149
0.005795
0.007496
0.007055
0.002142
0.002205
0.003905
0.002142
0.002205
0.002708
0.003590
0.001008
0.004157
0.001260
0.001827
0.003212
0.000693
0.002142
0.002708
0.003149
0.000945
0.002457
0.001449
0.000882
0.001953
0.001260
0.002708
0.002142
0.002142
0.003023
0.005795
0.002394
0.003086
0.003527
0.006677
