0.168808
0.002457
0.002834
0.004157
0.002646
0.003212
0.003464
0.002331
0.004598
0.002457
0.003653
0.003590
0.001764
0.003212
0.002834
0.004346
0.002394
0.001449
0.001890
0.005669
0.001764
0.001638
0.006551
0.002016
0.002708
0.002331
0.004850
0.005291
0.002834
0.002142
0.005417
0.007937
0.004346
0.003590
0.003338
0.003086
0.001638
0.004094
0.007433
0.002394
0.003023
0.002079
0.004220
0.001449
0.003905
0.001701
0.015117
0.001386
0.002142
0.001575
0.003905
0.002394
0.001575
0.002016
0.002079
0.001575
0.002016
0.003653
0.008062
0.002771
0.004850
0.002646
0.005039
0.003464
0.002331
0.002268
0.004724
0.005291
0.001575
0.005921
0.004346
0.002331
0.001575
0.003779
0.002897
0.003842
0.001449
0.005165
0.002583
0.003464
0.001638
0.001701
0.002771
0.001764
0.001386
0.001764
0.002331
0.002457
0.002960
0.007622
0.004346
0.002583
0.002205
0.003590
0.004976
0.006110
0.002834
0.002079
0.003716
0.003968
0.002394
0.002016
0.004031
0.003212
0.002708
0.002897
0.002708
0.003527
0.006299
0.001701
0.004220
0.001953
0.004724
0.000945
0.002457
0.001764
0.001008
0.003212
0.001575
0.001449
0.004472
0.002583
0.002960
0.003023
0.012346
0.003086
0.002457
0.002205
0.002834
0.001827
0.003023
0.010897
0.002708
0.002079
0.005291
0.004598
0.001764
0.001134
0.004535
0.001638
0.001890
0.001449
0.001575
0.004157
0.002142
0.002331
0.003401
0.005291
0.003338
0.002016
0.006173
0.002646
0.002708
0.002016
0.002520
0.003338
0.003401
0.003212
0.002960
0.004031
0.005102
0.002960
0.004913
0.002834
0.002520
0.004157
0.013542
0.003464
0.002268
0.001953
0.002079
0.001764
0.001197
0.002457
0.002708
0.002016
0.005291
0.001764
0.004661
0.002016
0.001701
0.002016
0.006488
0.001764
0.001386
0.003464
0.006803
0.002897
0.004220
0.004283
0.003212
0.003527
0.002016
0.003464
0.004220
0.006740
0.001953
0.010204
0.004787
0.003212
0.001323
0.001071
0.002394
0.002394
0.001575
0.002142
0.002331
0.001260
0.001260
0.004598
0.002457
0.004535
0.001323
0.003590
0.003401
0.002708
0.001953
0.004661
0.003464
0.002079
0.002331
0.002331
0.006551
0.004409
0.009070
0.002268
0.003149
0.002583
0.002771
0.004661
0.003086
0.003023
0.001386
0.002268
0.001575
0.001890
0.003779
0.000882
0.002520
0.001827
0.005102
0.001827
0.003023
0.001890
0.001827
0.002897
0.002583
0.002897
0.003275
0.001890
0.003149
0.002331
0.002834
0.002520
0.003716
0.004346
