0.164777
0.004220
0.002394
0.003464
0.003464
0.002583
0.001575
0.003212
0.002960
0.001638
0.002834
0.001071
0.002520
0.002079
0.001575
0.004409
0.002834
0.001449
0.000756
0.005228
0.001134
0.001008
0.003212
0.001071
0.004346
0.002331
0.003275
0.003401
0.003464
0.002205
0.008692
0.010834
0.006803
0.004913
0.002331
0.003464
0.002834
0.004787
0.006236
0.001008
0.002205
0.001890
0.003338
0.001260
0.003779
0.001449
0.006488
0.001512
0.002268
0.001890
0.002205
0.001260
0.002394
0.001575
0.001197
0.001386
0.003527
0.004850
0.010141
0.002646
0.006047
0.003968
0.005669
0.001575
0.004346
0.003464
0.003590
0.005354
0.002583
0.007433
0.003905
0.001764
0.001827
0.004913
0.001134
0.002583
0.001323
0.006803
0.001512
0.004094
0.001134
0.002960
0.000945
0.001890
0.001323
0.001890
0.001449
0.001701
0.002771
0.012094
0.002960
0.003086
0.003527
0.007055
0.002457
0.005732
0.005291
0.003464
0.003149
0.004598
0.004346
0.002834
0.002457
0.003023
0.002708
0.003464
0.001449
0.002016
0.005795
0.001953
0.001890
0.001827
0.006425
0.001575
0.001575
0.001701
0.001323
0.004472
0.000756
0.001071
0.008881
0.005354
0.001260
0.002583
0.023306
0.004031
0.001701
0.002897
0.002897
0.001449
0.002016
0.009952
0.003338
0.002268
0.003464
0.003590
0.001260
0.001512
0.003338
0.000945
0.003023
0.001638
0.000630
0.005795
0.002583
0.001764
0.001764
0.003149
0.003149
0.001827
0.002331
0.001701
0.003149
0.002331
0.001638
0.002457
0.006173
0.004409
0.001638
0.003716
0.006551
0.003779
0.003275
0.001512
0.003842
0.003968
0.009133
0.002771
0.002834
0.001197
0.000882
0.001071
0.002897
0.001890
0.002834
0.001386
0.003086
0.001575
0.005039
0.000819
0.002142
0.002520
0.003527
0.001638
0.002520
0.004787
0.005291
0.001638
0.006551
0.005228
0.003086
0.003338
0.003464
0.005354
0.002331
0.003842
0.003527
0.011149
0.002646
0.002708
0.001071
0.001386
0.001449
0.001890
0.001701
0.003590
0.001008
0.001953
0.001890
0.006929
0.001071
0.003401
0.001764
0.003338
0.001386
0.001701
0.002331
0.008629
0.004157
0.001764
0.004472
0.003842
0.003968
0.005543
0.014361
0.003716
0.001575
0.002457
0.004661
0.005858
0.001323
0.002331
0.001386
0.004409
0.001323
0.001260
0.005165
0.000756
0.001953
0.001890
0.004346
0.002457
0.001953
0.001512
0.002834
0.002331
0.001701
0.002394
0.004346
0.003464
0.001638
0.004031
0.006614
0.003590
0.003464
0.004472
