0.171139
0.002771
0.004724
0.006551
0.002331
0.002142
0.003275
0.004535
0.002079
0.001890
0.004283
0.002142
0.001764
0.001701
0.002520
0.007055
0.001827
0.001134
0.002708
0.006236
0.000945
0.001323
0.006866
0.001323
0.002142
0.001575
0.007999
0.006992
0.001701
0.001386
0.007496
0.017952
0.004787
0.002708
0.004283
0.005858
0.001008
0.003149
0.008188
0.002394
0.002016
0.001134
0.005354
0.001449
0.002520
0.001764
0.009196
0.000945
0.001386
0.001008
0.002960
0.001638
0.001323
0.001323
0.002520
0.000945
0.002708
0.002394
0.011527
0.002960
0.005354
0.001953
0.008503
0.003212
0.002834
0.002268
0.004976
0.007874
0.001575
0.004094
0.005102
0.002016
0.001008
0.004661
0.002205
0.003590
0.001008
0.006866
0.002394
0.006110
0.001575
0.002079
0.002520
0.002016
0.001071
0.001386
0.002646
0.001953
0.001638
0.007874
0.004094
0.002834
0.001197
0.004598
0.004661
0.007307
0.002834
0.001638
0.003716
0.005606
0.001953
0.001575
0.003023
0.002771
0.002771
0.003212
0.002142
0.002708
0.006299
0.001764
0.002394
0.002771
0.003338
0.001197
0.001638
0.002771
0.000756
0.003527
0.002268
0.001323
0.003086
0.003149
0.002708
0.003086
0.008881
0.001638
0.002646
0.003149
0.002394
0.001260
0.006047
0.017259
0.001701
0.001197
0.007055
0.005102
0.001008
0.001197
0.003779
0.001134
0.002079
0.001512
0.001512
0.005480
0.000882
0.001134
0.002520
0.006173
0.001953
0.002205
0.005039
0.002394
0.002016
0.001386
0.005102
0.004787
0.004031
0.002897
0.005417
0.006425
0.004976
0.002016
0.006677
0.003275
0.002268
0.002646
0.014361
0.003653
0.001449
0.001071
0.002016
0.001323
0.001260
0.000693
0.002457
0.001764
0.002331
0.000819
0.004472
0.001953
0.001890
0.001323
0.004913
0.001890
0.001008
0.002834
0.008314
0.002394
0.003842
0.003212
0.004787
0.006551
0.001953
0.002583
0.004913
0.007307
0.001323
0.009007
0.004409
0.003023
0.000819
0.001008
0.002205
0.001953
0.001134
0.002016
0.002142
0.001890
0.000756
0.003275
0.002079
0.003275
0.001134
0.002520
0.002268
0.001449
0.001701
0.005291
0.005480
0.001953
0.003968
0.003338
0.005669
0.007748
0.007496
0.001827
0.002771
0.002583
0.002520
0.002583
0.002394
0.002960
0.000693
0.003779
0.001827
0.001890
0.002897
0.000693
0.001701
0.001953
0.003590
0.001575
0.002205
0.002331
0.001260
0.002331
0.002205
0.002205
0.002897
0.001638
0.002394
0.003653
0.003212
0.001953
0.003779
0.004787
