0.194507
0.003149
0.001512
0.003275
0.004850
0.003086
0.001134
0.002457
0.003905
0.001764
0.001512
0.001575
0.003716
0.002520
0.002079
0.003653
0.003464
0.002268
0.001323
0.004157
0.002583
0.001386
0.003968
0.001134
0.003653
0.001701
0.002079
0.002960
0.003968
0.001890
0.004472
0.006425
0.006803
0.005039
0.002771
0.004346
0.002583
0.002142
0.005039
0.003464
0.002520
0.001638
0.001953
0.001701
0.003023
0.001575
0.006299
0.002394
0.002960
0.002520
0.001638
0.004031
0.001953
0.003590
0.001323
0.001323
0.002394
0.003968
0.005228
0.006740
0.005417
0.007118
0.003464
0.004850
0.005291
0.002331
0.003842
0.005480
0.003338
0.005543
0.003023
0.001197
0.002457
0.002079
0.001890
0.002834
0.002079
0.003779
0.001512
0.002771
0.004157
0.001764
0.002268
0.001638
0.002583
0.001701
0.002142
0.001071
0.006992
0.005732
0.003842
0.002331
0.005102
0.002708
0.006299
0.005543
0.002960
0.002079
0.003212
0.006425
0.002079
0.001827
0.004472
0.003527
0.001638
0.002394
0.002142
0.003590
0.004913
0.001197
0.004850
0.002205
0.006047
0.001134
0.003590
0.002708
0.001134
0.003527
0.000882
0.001953
0.005039
0.002646
0.001575
0.002583
0.005858
0.002834
0.001638
0.003023
0.004157
0.002960
0.002394
0.008566
0.004535
0.001953
0.003905
0.002646
0.002583
0.001890
0.001638
0.001197
0.002897
0.002834
0.001701
0.003212
0.002646
0.002520
0.001701
0.005795
0.003779
0.001260
0.004220
0.001071
0.002646
0.002520
0.001512
0.002646
0.004787
0.003149
0.002268
0.002646
0.008503
0.004535
0.003779
0.003590
0.003968
0.003464
0.010015
0.004220
0.001638
0.002016
0.001575
0.001197
0.001764
0.001701
0.002834
0.002268
0.004220
0.001638
0.002960
0.001953
0.001638
0.002142
0.003590
0.001701
0.002079
0.002708
0.002960
0.003338
0.005417
0.005669
0.002834
0.004976
0.003401
0.005165
0.003527
0.007559
0.005480
0.010267
0.002897
0.003590
0.001197
0.001134
0.002205
0.001449
0.002834
0.002520
0.001890
0.000945
0.002520
0.004220
0.001890
0.003464
0.002834
0.003212
0.001953
0.001575
0.004535
0.003023
0.002834
0.001386
0.005354
0.004220
0.003653
0.004031
0.009007
0.002583
0.002457
0.003716
0.004598
0.003212
0.003149
0.002834
0.001386
0.002960
0.001827
0.002016
0.003464
0.001638
0.002646
0.003464
0.005606
0.001575
0.001575
0.002079
0.002394
0.005165
0.001575
0.002834
0.003149
0.001449
0.003212
0.002897
0.002897
0.002331
0.002394
0.005102
