0.178382
0.003023
0.002708
0.004031
0.003401
0.002960
0.003338
0.003590
0.003464
0.002960
0.003842
0.002583
0.002834
0.004031
0.002520
0.004913
0.001701
0.002457
0.002457
0.006047
0.001071
0.001701
0.004724
0.001953
0.003023
0.002834
0.003716
0.004850
0.002646
0.002897
0.005165
0.005732
0.004913
0.003275
0.003968
0.004157
0.001575
0.003401
0.006047
0.002897
0.002394
0.002205
0.002583
0.001701
0.002583
0.001575
0.003149
0.001953
0.001701
0.002331
0.002142
0.003464
0.001260
0.002520
0.002394
0.002646
0.002142
0.003149
0.007055
0.004787
0.004094
0.004157
0.004346
0.004535
0.003338
0.002520
0.005354
0.006110
0.002331
0.004535
0.004031
0.002079
0.001134
0.004157
0.002457
0.002646
0.001449
0.003779
0.002708
0.003464
0.002205
0.002205
0.003401
0.002708
0.001575
0.001764
0.003275
0.001701
0.004598
0.004913
0.004409
0.003275
0.003338
0.002771
0.005228
0.005039
0.003779
0.001449
0.003464
0.005354
0.002457
0.002268
0.003842
0.004094
0.001638
0.002897
0.002834
0.004472
0.004220
0.002079
0.003212
0.002897
0.003653
0.001449
0.002646
0.002897
0.001323
0.004157
0.001827
0.001953
0.003905
0.003086
0.001890
0.003590
0.006110
0.003401
0.002268
0.003086
0.003716
0.002268
0.003275
0.009574
0.002771
0.002960
0.004787
0.004913
0.002268
0.001764
0.003275
0.002079
0.002897
0.002834
0.001575
0.003905
0.002897
0.002520
0.002268
0.006110
0.002708
0.002646
0.004976
0.003212
0.002142
0.002331
0.002520
0.004031
0.004409
0.003212
0.003149
0.003905
0.006425
0.003275
0.004283
0.003779
0.002079
0.002646
0.011905
0.004598
0.001575
0.002079
0.001512
0.001323
0.001449
0.001638
0.002834
0.002834
0.003275
0.002520
0.003527
0.002771
0.001575
0.002142
0.003716
0.002205
0.001764
0.002834
0.004913
0.004472
0.003527
0.003905
0.003779
0.003779
0.002394
0.003023
0.003842
0.008692
0.002457
0.010141
0.005102
0.003590
0.001386
0.001827
0.001764
0.002016
0.002205
0.002331
0.002646
0.001449
0.001638
0.002079
0.003023
0.004535
0.001197
0.004409
0.003716
0.002960
0.002834
0.003275
0.003968
0.002457
0.003023
0.002457
0.005354
0.003905
0.007307
0.002079
0.002142
0.003905
0.002834
0.004472
0.002142
0.003527
0.001134
0.002771
0.002331
0.002142
0.002331
0.001071
0.002583
0.003779
0.005354
0.001764
0.003338
0.002771
0.001890
0.004913
0.002079
0.003842
0.002457
0.001827
0.003023
0.003401
0.003149
0.002142
0.002708
0.004913
