0.222978
0.002708
0.002708
0.002394
0.003779
0.004283
0.002708
0.001449
0.005039
0.002394
0.003842
0.001953
0.003212
0.003275
0.003023
0.002834
0.002331
0.002331
0.002268
0.004913
0.002583
0.002457
0.004346
0.001323
0.003275
0.002079
0.003464
0.001890
0.002708
0.002708
0.003212
0.002457
0.004850
0.002331
0.002960
0.003464
0.002457
0.004094
0.005165
0.003149
0.002583
0.001764
0.003716
0.001953
0.002205
0.002016
0.004283
0.002016
0.002457
0.003023
0.002897
0.004472
0.001953
0.002960
0.002583
0.002520
0.002079
0.004094
0.006551
0.005417
0.004787
0.004913
0.003527
0.004661
0.003590
0.001764
0.004031
0.004094
0.002834
0.004157
0.002960
0.001323
0.001386
0.002016
0.001701
0.002583
0.001953
0.002520
0.003023
0.002457
0.004598
0.001449
0.003716
0.001638
0.002079
0.001575
0.004850
0.001386
0.004913
0.003779
0.005669
0.001512
0.003842
0.001953
0.005732
0.003590
0.002142
0.001071
0.004850
0.004850
0.003149
0.001764
0.004157
0.002897
0.001386
0.003401
0.003275
0.004598
0.004031
0.001008
0.004976
0.002016
0.003968
0.001008
0.002960
0.002205
0.001071
0.002771
0.001827
0.002520
0.003590
0.002079
0.002331
0.001638
0.002708
0.002205
0.002960
0.001764
0.003023
0.002394
0.002960
0.006047
0.003149
0.002079
0.005102
0.001764
0.003338
0.003023
0.003338
0.001953
0.003464
0.003023
0.002205
0.002394
0.002520
0.001638
0.003590
0.004535
0.002394
0.002079
0.007748
0.001953
0.002646
0.002771
0.002834
0.002457
0.003338
0.001764
0.003275
0.001386
0.007937
0.002834
0.003527
0.001953
0.002834
0.003527
0.011464
0.003527
0.001764
0.001890
0.002331
0.001953
0.001827
0.002016
0.003023
0.002205
0.003716
0.002268
0.005039
0.002520
0.002457
0.002457
0.004283
0.001953
0.002394
0.004220
0.005039
0.002960
0.003842
0.004031
0.003338
0.004220
0.003212
0.002583
0.004976
0.007307
0.003590
0.008314
0.004031
0.002205
0.001134
0.001197
0.003275
0.001386
0.002708
0.002079
0.002142
0.001638
0.002583
0.002646
0.001953
0.003401
0.002016
0.002771
0.003149
0.001638
0.003968
0.002520
0.004346
0.001701
0.004850
0.002079
0.004409
0.003338
0.005984
0.002646
0.003149
0.002646
0.002205
0.002331
0.002897
0.002646
0.001071
0.002205
0.002457
0.003338
0.002771
0.001323
0.003779
0.002960
0.004850
0.001827
0.003653
0.001890
0.003149
0.005732
0.002205
0.002583
0.003338
0.001827
0.004913
0.002016
0.001449
0.001827
0.003527
0.003464
