0.174162
0.003401
0.003905
0.004976
0.002331
0.002897
0.003716
0.004157
0.003401
0.002771
0.004283
0.002708
0.002834
0.003401
0.003023
0.004724
0.001953
0.002079
0.001764
0.005669
0.001134
0.002142
0.004724
0.001638
0.001827
0.001260
0.006488
0.005606
0.001449
0.001449
0.009070
0.013794
0.003590
0.002331
0.003653
0.004157
0.001449
0.002457
0.008377
0.001260
0.002457
0.001323
0.004535
0.002205
0.002079
0.001890
0.005669
0.002331
0.001197
0.001260
0.002646
0.001953
0.001386
0.001701
0.001953
0.001701
0.002646
0.001827
0.009889
0.003527
0.004031
0.002394
0.008062
0.003149
0.001953
0.002331
0.005102
0.005795
0.001134
0.004409
0.004724
0.001953
0.000819
0.004850
0.001827
0.003212
0.001008
0.006173
0.001827
0.004976
0.001512
0.002708
0.001638
0.002708
0.000693
0.002457
0.001953
0.001890
0.002331
0.007874
0.003842
0.003023
0.001071
0.005102
0.004283
0.007118
0.002583
0.001827
0.003338
0.005921
0.001638
0.001638
0.002646
0.003149
0.002016
0.004661
0.003212
0.003779
0.004472
0.002394
0.002960
0.003149
0.003842
0.000819
0.002331
0.003086
0.001071
0.004535
0.001890
0.002079
0.003905
0.002708
0.002771
0.003401
0.009322
0.002960
0.002520
0.003401
0.002142
0.002205
0.003653
0.011653
0.002708
0.001701
0.006362
0.004724
0.001260
0.002205
0.003464
0.001323
0.002205
0.002205
0.001260
0.005543
0.002142
0.003023
0.003338
0.007118
0.001953
0.002268
0.005165
0.002646
0.002960
0.001890
0.003905
0.004472
0.003023
0.003653
0.003968
0.005417
0.004913
0.002834
0.003716
0.003086
0.001638
0.001701
0.013228
0.002583
0.001134
0.001449
0.002142
0.001575
0.001701
0.001764
0.003086
0.001827
0.003401
0.002394
0.003905
0.001890
0.002142
0.001953
0.004472
0.002016
0.000945
0.002331
0.007559
0.001638
0.003905
0.002834
0.003086
0.004850
0.001134
0.003905
0.003275
0.007433
0.001638
0.010267
0.004472
0.003212
0.000567
0.001827
0.001701
0.002205
0.001197
0.003149
0.002079
0.001890
0.001323
0.005732
0.002079
0.004724
0.001071
0.005606
0.001764
0.002771
0.001197
0.005039
0.005165
0.001575
0.002771
0.002771
0.005795
0.005858
0.008503
0.002016
0.002016
0.002897
0.003023
0.002834
0.003338
0.003023
0.001197
0.003653
0.001953
0.002205
0.003086
0.001134
0.001890
0.002897
0.004535
0.002520
0.002771
0.003023
0.002708
0.005291
0.002394
0.004220
0.002331
0.001071
0.002268
0.003842
0.002079
0.001701
0.003212
0.005795
