0.154447
0.003527
0.003716
0.006362
0.002897
0.001701
0.002960
0.005291
0.003023
0.000882
0.003149
0.002394
0.000882
0.001323
0.002268
0.006362
0.001764
0.001386
0.001260
0.007496
0.000693
0.001197
0.004913
0.000945
0.002079
0.001575
0.005291
0.006866
0.001827
0.001386
0.018959
0.020912
0.004535
0.004409
0.004535
0.005228
0.001071
0.004787
0.007496
0.002394
0.001008
0.001323
0.003779
0.001071
0.002079
0.001197
0.008188
0.001134
0.001008
0.001512
0.002960
0.001071
0.001323
0.000567
0.001575
0.001827
0.002771
0.004031
0.011653
0.003275
0.003653
0.002016
0.019841
0.002583
0.003401
0.003149
0.006551
0.006551
0.001134
0.005984
0.004472
0.001890
0.000756
0.005228
0.002142
0.002520
0.000441
0.007118
0.001008
0.004157
0.001197
0.002771
0.001764
0.002016
0.001323
0.001701
0.001449
0.002142
0.001260
0.010204
0.004031
0.004283
0.001197
0.003653
0.003968
0.006929
0.002960
0.001890
0.003842
0.007622
0.002708
0.002142
0.002520
0.003842
0.002205
0.002079
0.001953
0.003653
0.004472
0.001134
0.001260
0.001323
0.004661
0.000504
0.001008
0.002834
0.000756
0.003275
0.001197
0.001071
0.005165
0.003275
0.002520
0.003338
0.018141
0.002457
0.001575
0.003590
0.001134
0.001323
0.002960
0.019652
0.002016
0.002142
0.004283
0.006614
0.000378
0.001260
0.004598
0.001197
0.002016
0.001323
0.001008
0.007370
0.000756
0.001008
0.002142
0.003338
0.001953
0.001197
0.002079
0.002142
0.003401
0.001890
0.003212
0.004724
0.004283
0.004220
0.003716
0.006992
0.004094
0.001449
0.005165
0.003212
0.001575
0.003275
0.013291
0.002646
0.001323
0.001134
0.001512
0.001386
0.000945
0.001386
0.002583
0.001323
0.001512
0.000945
0.003842
0.001197
0.000567
0.001071
0.002771
0.001197
0.000882
0.005039
0.007937
0.002394
0.004787
0.005480
0.005606
0.005354
0.001197
0.003275
0.002960
0.005984
0.001764
0.011905
0.004724
0.004094
0.001449
0.001512
0.001260
0.002331
0.000882
0.002708
0.001449
0.002142
0.000630
0.005480
0.001260
0.002646
0.000756
0.002834
0.002016
0.001890
0.000882
0.006299
0.004535
0.001449
0.004031
0.003212
0.006299
0.008440
0.013039
0.001575
0.001386
0.003401
0.003464
0.002268
0.002268
0.003149
0.000819
0.004346
0.001638
0.001134
0.004661
0.000567
0.001071
0.003149
0.002457
0.001449
0.001008
0.001449
0.001134
0.002268
0.001575
0.003275
0.003464
0.001953
0.002268
0.003779
0.003653
0.002771
0.004031
0.007055
