0.195704
0.003275
0.001890
0.002583
0.003779
0.002771
0.002520
0.002268
0.003149
0.001449
0.003149
0.001953
0.002394
0.002646
0.002394
0.003905
0.001890
0.001764
0.001260
0.004535
0.001386
0.001386
0.004031
0.000819
0.003086
0.001512
0.003464
0.003842
0.002771
0.001386
0.009448
0.009196
0.005858
0.004850
0.003149
0.002394
0.002016
0.003527
0.006740
0.001764
0.002079
0.001953
0.003212
0.001260
0.002331
0.002268
0.009070
0.001386
0.001827
0.002268
0.002394
0.002771
0.001764
0.002142
0.001827
0.001449
0.002583
0.003842
0.010519
0.004220
0.004472
0.003086
0.015558
0.001701
0.003968
0.001953
0.005669
0.004472
0.002016
0.005858
0.004220
0.001323
0.001449
0.002960
0.001575
0.002205
0.000882
0.005669
0.002646
0.002457
0.001449
0.001323
0.002834
0.001764
0.001638
0.000819
0.002142
0.001512
0.003149
0.009826
0.004472
0.001449
0.001764
0.003905
0.004913
0.004409
0.002897
0.002646
0.003905
0.004535
0.002897
0.001890
0.003338
0.003023
0.001953
0.002646
0.001638
0.003275
0.003023
0.001638
0.003086
0.002394
0.003779
0.000567
0.002897
0.002079
0.001197
0.003590
0.001638
0.001323
0.004598
0.002520
0.002394
0.002331
0.026392
0.002834
0.002394
0.002708
0.002771
0.001575
0.002708
0.010834
0.003023
0.001953
0.004409
0.003086
0.001575
0.001512
0.005417
0.001071
0.002394
0.001386
0.001197
0.004220
0.002079
0.002016
0.001890
0.005228
0.002646
0.002016
0.003464
0.002016
0.003527
0.002331
0.002583
0.002834
0.005228
0.003275
0.003275
0.002771
0.005606
0.003401
0.004409
0.002583
0.002708
0.004031
0.012094
0.003590
0.001764
0.002079
0.001260
0.000945
0.001071
0.002079
0.002834
0.001764
0.002834
0.001449
0.007181
0.001953
0.002205
0.001827
0.003905
0.001575
0.001764
0.004031
0.005921
0.002142
0.004409
0.004535
0.003716
0.003464
0.002016
0.003905
0.003716
0.007118
0.001890
0.010267
0.004724
0.001953
0.000756
0.001008
0.001827
0.001764
0.001134
0.001890
0.002771
0.001512
0.001197
0.004157
0.002457
0.003527
0.001197
0.003212
0.001638
0.002016
0.002331
0.005417
0.003338
0.000756
0.003401
0.002457
0.005543
0.004283
0.011590
0.002079
0.002331
0.002771
0.004094
0.003149
0.002079
0.002646
0.001197
0.003149
0.001890
0.001071
0.004913
0.000819
0.001701
0.002708
0.004220
0.001638
0.003023
0.002079
0.002331
0.003905
0.001638
0.003149
0.003212
0.001134
0.003149
0.003464
0.002457
0.002583
0.004472
0.004157
