0.171139
0.002142
0.004976
0.005732
0.002457
0.001701
0.004220
0.005291
0.002646
0.001134
0.004724
0.003086
0.001449
0.001953
0.003212
0.005921
0.001386
0.001134
0.002583
0.006110
0.000819
0.001638
0.005165
0.000882
0.002268
0.001197
0.007999
0.006614
0.001764
0.001071
0.010834
0.015936
0.004661
0.002016
0.005039
0.006362
0.001386
0.003464
0.008314
0.002016
0.002583
0.001638
0.004283
0.001449
0.002771
0.001449
0.005102
0.001197
0.001701
0.001323
0.003779
0.001449
0.000882
0.001449
0.002205
0.001827
0.002079
0.003023
0.011023
0.003590
0.005228
0.002205
0.011779
0.003086
0.003275
0.002520
0.005165
0.007055
0.001134
0.004157
0.004724
0.001764
0.001260
0.004724
0.002142
0.004157
0.000945
0.005039
0.001701
0.004535
0.001701
0.001701
0.002520
0.002520
0.000819
0.001953
0.002583
0.001449
0.002016
0.007999
0.004535
0.003401
0.001071
0.004094
0.004787
0.006992
0.003275
0.002142
0.003968
0.004094
0.001701
0.001638
0.003401
0.003716
0.001764
0.003086
0.001890
0.002205
0.002960
0.001323
0.003338
0.001827
0.003149
0.001197
0.001764
0.002834
0.000756
0.002897
0.001512
0.000504
0.003590
0.002646
0.002394
0.003086
0.009952
0.001890
0.002205
0.002646
0.002520
0.001890
0.004850
0.016629
0.001449
0.002016
0.007181
0.004346
0.001260
0.001386
0.004157
0.001638
0.002457
0.001827
0.002142
0.004976
0.001449
0.001575
0.002331
0.005669
0.002079
0.001827
0.006110
0.002771
0.002268
0.001890
0.004724
0.004409
0.003653
0.002897
0.004535
0.006992
0.004661
0.001827
0.006236
0.003464
0.001701
0.003401
0.013794
0.003401
0.001323
0.000882
0.002268
0.001386
0.001575
0.001575
0.003086
0.002205
0.003149
0.001134
0.004031
0.001890
0.002079
0.001638
0.004409
0.001323
0.001323
0.002708
0.009070
0.002834
0.003842
0.002771
0.003905
0.005858
0.001827
0.002394
0.004598
0.007307
0.001827
0.008440
0.005732
0.003275
0.000567
0.001638
0.001890
0.001890
0.001197
0.002646
0.002520
0.002079
0.001638
0.003905
0.001701
0.003716
0.000630
0.002834
0.002079
0.002205
0.001701
0.004346
0.005228
0.002079
0.004724
0.002520
0.006614
0.006992
0.007937
0.001575
0.002520
0.002834
0.003779
0.003275
0.002520
0.003653
0.001197
0.002646
0.001890
0.001386
0.003401
0.000882
0.001134
0.001953
0.003338
0.001575
0.002394
0.002268
0.001953
0.003212
0.002771
0.002646
0.002394
0.002205
0.002646
0.003653
0.003023
0.002520
0.003464
0.004661
