0.163580
0.003023
0.003086
0.002834
0.003464
0.002583
0.002583
0.002520
0.004283
0.001638
0.003842
0.001575
0.003275
0.002960
0.002205
0.004031
0.002457
0.001449
0.002142
0.005606
0.001890
0.001512
0.003527
0.001134
0.003338
0.001827
0.004787
0.004724
0.003527
0.002205
0.005921
0.008188
0.006173
0.004220
0.003716
0.003149
0.002268
0.003905
0.006488
0.001764
0.003023
0.001638
0.003905
0.001008
0.002897
0.001512
0.008755
0.001701
0.001764
0.002331
0.003527
0.002520
0.001386
0.001260
0.002708
0.001449
0.003716
0.004283
0.008188
0.002834
0.009133
0.003338
0.015306
0.002708
0.003401
0.002771
0.004472
0.004535
0.001764
0.006425
0.003527
0.001827
0.001953
0.003464
0.002205
0.002708
0.001386
0.007496
0.002646
0.003275
0.002016
0.001638
0.002834
0.001449
0.001134
0.002331
0.001953
0.001260
0.002708
0.009259
0.003590
0.001512
0.002331
0.002771
0.003653
0.004787
0.005165
0.002771
0.003842
0.004409
0.003338
0.002268
0.002331
0.002834
0.001386
0.002897
0.001827
0.003905
0.004283
0.001764
0.003149
0.002142
0.006614
0.001071
0.002394
0.001890
0.001386
0.004094
0.001449
0.001512
0.004346
0.004346
0.002268
0.002708
0.017889
0.003779
0.002646
0.002457
0.003086
0.002142
0.003842
0.009385
0.002897
0.002205
0.005039
0.003905
0.001575
0.001386
0.004346
0.000945
0.003212
0.002079
0.001890
0.004724
0.002142
0.001953
0.003149
0.005417
0.002646
0.002016
0.004850
0.002205
0.003275
0.002394
0.002520
0.002771
0.005102
0.002268
0.002646
0.002457
0.006740
0.003275
0.004220
0.003086
0.002897
0.004157
0.010771
0.002897
0.001764
0.001638
0.001638
0.001197
0.002079
0.002016
0.003212
0.002079
0.004535
0.001890
0.004661
0.002205
0.002394
0.002142
0.003464
0.001071
0.001701
0.003464
0.005669
0.002016
0.005669
0.004535
0.004094
0.002834
0.002583
0.002834
0.003338
0.005291
0.002394
0.009448
0.003842
0.003086
0.001197
0.001134
0.001890
0.001071
0.001260
0.002520
0.001890
0.001134
0.001764
0.006362
0.002205
0.003527
0.001827
0.004031
0.003086
0.001449
0.002520
0.005606
0.003527
0.001512
0.003464
0.002897
0.005165
0.004472
0.011968
0.002457
0.002771
0.003086
0.004094
0.005102
0.002205
0.003149
0.001764
0.003086
0.001449
0.001953
0.005669
0.001134
0.001890
0.001701
0.005732
0.001449
0.002205
0.002331
0.001827
0.004661
0.002268
0.003023
0.003527
0.002205
0.002016
0.003149
0.003716
0.003149
0.003842
0.004094
