0.177942
0.003212
0.003527
0.005732
0.003212
0.002771
0.002708
0.003401
0.003149
0.001260
0.004283
0.003149
0.002583
0.002960
0.002960
0.005921
0.002583
0.001764
0.001512
0.005417
0.001575
0.000882
0.003149
0.001260
0.003149
0.001953
0.004913
0.005921
0.002520
0.002520
0.005984
0.010897
0.005228
0.003401
0.003905
0.004283
0.001134
0.001953
0.006677
0.003023
0.003212
0.001260
0.003905
0.002016
0.002646
0.001890
0.004598
0.002771
0.002142
0.001386
0.001764
0.003023
0.000945
0.001260
0.001890
0.001701
0.002708
0.003149
0.006803
0.004850
0.005669
0.003653
0.006803
0.004220
0.003212
0.001827
0.004850
0.007370
0.002142
0.004787
0.003653
0.002205
0.001197
0.002960
0.001764
0.003275
0.001701
0.005039
0.002646
0.003968
0.001953
0.002205
0.003086
0.002016
0.000756
0.001764
0.002457
0.001638
0.003086
0.006425
0.003401
0.004157
0.003653
0.003338
0.005732
0.007118
0.003779
0.002520
0.003023
0.005354
0.001827
0.002142
0.002520
0.003401
0.002079
0.002205
0.001701
0.003590
0.003716
0.002079
0.002079
0.002394
0.004283
0.000945
0.001953
0.002646
0.001071
0.003779
0.001008
0.001449
0.003023
0.002268
0.001953
0.004346
0.009133
0.002960
0.002394
0.003023
0.003653
0.002016
0.004535
0.013920
0.002834
0.002142
0.005417
0.005354
0.001890
0.001260
0.003212
0.001638
0.002646
0.001890
0.002016
0.004409
0.002016
0.001701
0.002708
0.006110
0.003023
0.001512
0.005102
0.002646
0.003086
0.002331
0.002646
0.004346
0.003527
0.002583
0.003149
0.005228
0.006614
0.002897
0.005669
0.003779
0.001701
0.003653
0.010708
0.003905
0.001701
0.001323
0.002016
0.001638
0.001701
0.001827
0.002834
0.001827
0.003968
0.001197
0.005165
0.002834
0.001701
0.001512
0.005165
0.001890
0.001512
0.001953
0.005795
0.002771
0.005165
0.004346
0.004094
0.004850
0.001953
0.003464
0.004913
0.008314
0.002960
0.009196
0.004283
0.003716
0.000882
0.000819
0.002205
0.001890
0.001701
0.002457
0.002708
0.001890
0.001764
0.004913
0.001827
0.004787
0.001323
0.003275
0.002331
0.002457
0.002016
0.004031
0.004157
0.002079
0.003527
0.002708
0.005165
0.006047
0.008188
0.002142
0.003023
0.003653
0.003023
0.002834
0.002268
0.003716
0.001953
0.002079
0.001197
0.001953
0.003653
0.001197
0.001890
0.002079
0.005165
0.002142
0.002520
0.002834
0.002646
0.004031
0.002205
0.003338
0.002583
0.001071
0.002079
0.003338
0.002457
0.002583
0.002708
0.004787
