0.167171
0.002834
0.004031
0.004724
0.003275
0.001953
0.003212
0.003275
0.002520
0.001260
0.003338
0.003275
0.002142
0.001638
0.002646
0.005921
0.001953
0.000819
0.001575
0.006488
0.001323
0.000693
0.004850
0.001197
0.003905
0.001449
0.006614
0.005984
0.002960
0.001701
0.005291
0.010771
0.005039
0.003086
0.004976
0.003401
0.001638
0.003086
0.008377
0.002897
0.001701
0.000945
0.003527
0.001575
0.002331
0.001260
0.008314
0.001449
0.001764
0.001260
0.003149
0.002520
0.001701
0.001449
0.002205
0.002457
0.002457
0.001512
0.013228
0.005039
0.006425
0.003653
0.018267
0.003464
0.003779
0.001890
0.006110
0.006425
0.001512
0.003716
0.005417
0.002583
0.000945
0.002457
0.002520
0.003464
0.001071
0.004220
0.002016
0.005039
0.001323
0.001575
0.003464
0.002394
0.001071
0.001260
0.001890
0.001764
0.002771
0.006425
0.005354
0.003842
0.002016
0.002771
0.004409
0.006488
0.002457
0.000882
0.004472
0.005165
0.002142
0.001197
0.002897
0.004850
0.001197
0.002394
0.001890
0.002520
0.004157
0.001701
0.001827
0.002205
0.004661
0.000819
0.001764
0.002268
0.000756
0.002457
0.002331
0.001386
0.005417
0.002457
0.002457
0.003275
0.014172
0.001953
0.003590
0.002708
0.003527
0.001386
0.004535
0.012787
0.002394
0.001449
0.006866
0.005858
0.001890
0.001134
0.003968
0.001953
0.002897
0.001323
0.002079
0.004913
0.002079
0.001323
0.002205
0.005543
0.001953
0.001512
0.004535
0.002583
0.003716
0.001575
0.002834
0.003968
0.004787
0.002583
0.004409
0.005039
0.006551
0.002520
0.005984
0.004724
0.003086
0.002520
0.014298
0.003842
0.001764
0.001071
0.001386
0.001449
0.001134
0.001260
0.003149
0.001764
0.002646
0.000882
0.007433
0.001701
0.001134
0.001134
0.005228
0.001260
0.001953
0.002268
0.007748
0.003464
0.005606
0.003212
0.004850
0.005165
0.001764
0.002079
0.003716
0.007685
0.002331
0.007999
0.005102
0.003968
0.001197
0.001008
0.001764
0.002205
0.001449
0.001701
0.002142
0.002583
0.001638
0.003401
0.002205
0.004094
0.001071
0.002331
0.002457
0.003086
0.002205
0.004157
0.006425
0.002457
0.003464
0.001827
0.006866
0.006110
0.008062
0.001134
0.002771
0.003464
0.003527
0.001764
0.003275
0.003716
0.000567
0.002771
0.001638
0.002079
0.003905
0.000567
0.001764
0.002205
0.003464
0.000819
0.002079
0.002331
0.001071
0.002646
0.001764
0.002834
0.003023
0.001260
0.002457
0.003149
0.003464
0.001071
0.004472
0.005291
