0.153943
0.002331
0.003968
0.006047
0.003590
0.001953
0.003149
0.005102
0.003464
0.001134
0.004283
0.002960
0.001575
0.001260
0.003023
0.006803
0.003149
0.001134
0.001323
0.006551
0.001071
0.001827
0.004220
0.001134
0.001890
0.002016
0.005606
0.006551
0.002016
0.001449
0.005921
0.013416
0.005102
0.005480
0.004787
0.004787
0.002520
0.003779
0.008188
0.001953
0.002331
0.001197
0.005102
0.001764
0.001890
0.000882
0.006488
0.000945
0.002457
0.001386
0.004346
0.001386
0.001827
0.001512
0.002142
0.001197
0.002708
0.003338
0.012157
0.003401
0.006614
0.001827
0.013039
0.001827
0.002646
0.002834
0.004913
0.006299
0.001260
0.005669
0.004787
0.002394
0.001197
0.006551
0.002016
0.002583
0.000693
0.006488
0.002331
0.005102
0.001134
0.002520
0.002331
0.002331
0.001197
0.000630
0.001764
0.001890
0.001827
0.008566
0.004346
0.003401
0.001386
0.004220
0.003023
0.005102
0.004031
0.002394
0.004535
0.005228
0.002834
0.003275
0.002646
0.003212
0.002142
0.001890
0.002205
0.002331
0.004220
0.001323
0.002016
0.001134
0.006236
0.001386
0.002079
0.002708
0.001008
0.003653
0.002016
0.001323
0.007118
0.003086
0.002079
0.003086
0.014235
0.002583
0.001890
0.003275
0.002331
0.000945
0.003338
0.013291
0.003086
0.003023
0.005228
0.005228
0.001386
0.001386
0.004976
0.001260
0.002142
0.001512
0.001764
0.006299
0.002016
0.001323
0.002897
0.004913
0.002960
0.001449
0.003338
0.002394
0.004913
0.001638
0.004157
0.004787
0.005228
0.003779
0.004031
0.006803
0.003779
0.001701
0.005039
0.002016
0.002708
0.003716
0.011779
0.002520
0.001827
0.000756
0.002457
0.001638
0.002142
0.001575
0.004472
0.001701
0.002646
0.001008
0.005858
0.001701
0.002016
0.001512
0.004913
0.001008
0.001386
0.003968
0.008125
0.002834
0.004724
0.004850
0.004409
0.004787
0.001197
0.004220
0.002646
0.004976
0.001575
0.008692
0.004850
0.003401
0.001134
0.001323
0.002079
0.002142
0.001575
0.002771
0.002079
0.001764
0.000630
0.004535
0.001575
0.002520
0.000945
0.002834
0.002457
0.002079
0.001260
0.005732
0.005606
0.002016
0.003338
0.003212
0.005228
0.007433
0.010015
0.001827
0.002205
0.002960
0.004598
0.002897
0.001827
0.003023
0.001197
0.003527
0.001701
0.000504
0.005102
0.001134
0.002205
0.003023
0.003779
0.001449
0.002268
0.001386
0.002268
0.001638
0.001827
0.002520
0.002960
0.002142
0.002834
0.004031
0.004283
0.003464
0.004094
0.005291
