0.168745
0.003275
0.002708
0.004409
0.003527
0.003086
0.002079
0.003905
0.003401
0.002331
0.003653
0.002834
0.001827
0.002771
0.001638
0.006614
0.003212
0.001890
0.001197
0.004850
0.001827
0.002268
0.002771
0.001764
0.002646
0.002520
0.003338
0.003968
0.003275
0.002520
0.007244
0.009070
0.005228
0.004913
0.002646
0.004031
0.002142
0.004031
0.005921
0.002960
0.002771
0.002016
0.003779
0.001953
0.003653
0.001323
0.005417
0.001512
0.001827
0.001764
0.001449
0.002520
0.001953
0.002331
0.001638
0.001575
0.002960
0.004157
0.008440
0.005165
0.005795
0.004157
0.006488
0.003968
0.002960
0.003527
0.004724
0.006047
0.002079
0.004787
0.002834
0.001827
0.001575
0.004346
0.002583
0.002016
0.001638
0.005984
0.001890
0.003716
0.001512
0.002520
0.002205
0.001701
0.001512
0.001323
0.002205
0.001827
0.003842
0.009574
0.004535
0.002771
0.002960
0.004850
0.005417
0.006866
0.004409
0.002520
0.002142
0.004157
0.004409
0.002646
0.003023
0.003464
0.002646
0.003716
0.001953
0.003338
0.004724
0.002142
0.002708
0.002331
0.004724
0.001701
0.002016
0.002646
0.000819
0.003527
0.002079
0.002016
0.004472
0.003275
0.001701
0.002834
0.011968
0.003842
0.002142
0.003968
0.003464
0.002708
0.002960
0.011149
0.002708
0.002583
0.003905
0.004598
0.001827
0.001764
0.003464
0.001890
0.002583
0.001764
0.001008
0.004346
0.002331
0.002205
0.001827
0.005732
0.002897
0.001827
0.003527
0.002520
0.003275
0.002457
0.002142
0.004472
0.003779
0.003590
0.002583
0.004724
0.004913
0.003527
0.003842
0.002960
0.004094
0.003401
0.008377
0.003527
0.001764
0.001953
0.001512
0.002079
0.001449
0.001764
0.002016
0.002016
0.003149
0.002079
0.003464
0.001197
0.001953
0.002016
0.002331
0.001827
0.001953
0.003779
0.005795
0.003212
0.003905
0.004913
0.002457
0.004409
0.002331
0.004724
0.005921
0.006866
0.003086
0.010582
0.003338
0.003338
0.001071
0.001638
0.002205
0.002520
0.001638
0.002583
0.002016
0.001386
0.002142
0.005228
0.002016
0.002394
0.001512
0.003086
0.001260
0.001890
0.001827
0.005669
0.004283
0.001575
0.003905
0.003464
0.005102
0.005984
0.011842
0.002834
0.002520
0.003212
0.004283
0.003653
0.002520
0.003464
0.001386
0.002708
0.001764
0.001890
0.004094
0.001071
0.001827
0.003086
0.004283
0.002708
0.002583
0.002016
0.002079
0.003968
0.002268
0.002583
0.003212
0.002142
0.002834
0.003212
0.003779
0.002646
0.002520
0.004346
