0.154762
0.002646
0.004535
0.007181
0.002771
0.002016
0.003149
0.004913
0.002394
0.001638
0.003212
0.002771
0.001197
0.002457
0.002394
0.006425
0.001701
0.001071
0.001386
0.007433
0.000567
0.001827
0.003464
0.001512
0.002394
0.001953
0.006425
0.007181
0.002205
0.001449
0.010771
0.018204
0.004283
0.003590
0.003716
0.005858
0.000945
0.004157
0.007685
0.002457
0.001323
0.001953
0.004535
0.001575
0.002142
0.001071
0.005669
0.001701
0.000819
0.001512
0.002520
0.001512
0.001323
0.001134
0.002457
0.001386
0.002331
0.003527
0.010645
0.003779
0.005228
0.003338
0.011086
0.003212
0.002834
0.002960
0.005165
0.007244
0.000945
0.006173
0.005039
0.002079
0.001071
0.004220
0.002079
0.003653
0.000756
0.006488
0.001512
0.005291
0.001323
0.002708
0.002394
0.002960
0.001197
0.002142
0.001701
0.001827
0.002268
0.010897
0.003401
0.004283
0.001575
0.005165
0.004598
0.008062
0.003716
0.001953
0.003905
0.006551
0.002646
0.002079
0.003149
0.003653
0.002079
0.002520
0.001953
0.002708
0.003464
0.001638
0.002142
0.001701
0.003464
0.000693
0.001323
0.003086
0.000441
0.002771
0.001449
0.001071
0.003212
0.004346
0.002583
0.003401
0.012346
0.002646
0.002016
0.002834
0.001575
0.001386
0.003590
0.016251
0.003086
0.001827
0.004913
0.006488
0.000945
0.001449
0.004157
0.001134
0.002268
0.001071
0.001386
0.006362
0.000819
0.001260
0.002268
0.004850
0.002520
0.001512
0.003527
0.002960
0.002646
0.002457
0.002834
0.005858
0.002960
0.004031
0.003779
0.006488
0.004220
0.003023
0.005228
0.003590
0.001449
0.004220
0.012661
0.003968
0.001764
0.001386
0.002646
0.001575
0.001071
0.001260
0.002079
0.001701
0.002142
0.001512
0.004220
0.001827
0.001197
0.001197
0.003275
0.001764
0.001323
0.004283
0.006929
0.002268
0.004220
0.004031
0.004976
0.006488
0.002016
0.002708
0.004157
0.006803
0.001890
0.010078
0.004220
0.004094
0.000945
0.002016
0.001512
0.002205
0.001008
0.003023
0.001638
0.003086
0.000819
0.004787
0.001512
0.003968
0.001323
0.003275
0.002079
0.002394
0.001953
0.005480
0.005102
0.001953
0.003527
0.003023
0.005795
0.008440
0.009448
0.002205
0.002079
0.003086
0.003401
0.003338
0.002268
0.003086
0.000693
0.003149
0.002016
0.001323
0.004220
0.000882
0.001701
0.002708
0.003275
0.001701
0.002394
0.002771
0.001701
0.003275
0.001323
0.002331
0.002708
0.001701
0.002205
0.004283
0.003401
0.001575
0.003716
0.007055
