0.183925
0.003527
0.002142
0.003527
0.002394
0.003527
0.002897
0.002646
0.005291
0.003842
0.003590
0.004346
0.004472
0.004535
0.002771
0.006614
0.003653
0.002205
0.001197
0.005543
0.001512
0.003149
0.005858
0.001764
0.002394
0.002205
0.004976
0.004598
0.003149
0.002079
0.004409
0.006488
0.003779
0.003653
0.001953
0.002142
0.001260
0.002583
0.006488
0.001386
0.002457
0.001764
0.003527
0.001953
0.002771
0.002142
0.003716
0.002268
0.001197
0.002520
0.001953
0.002457
0.001323
0.002520
0.002394
0.001764
0.001575
0.003590
0.006551
0.003842
0.012031
0.003338
0.003086
0.001953
0.002583
0.002834
0.003086
0.004976
0.001134
0.005228
0.004157
0.001512
0.001512
0.004157
0.002708
0.002960
0.001071
0.004598
0.002142
0.003716
0.002646
0.002331
0.002331
0.002834
0.001890
0.002960
0.003023
0.002016
0.001701
0.006866
0.004283
0.002583
0.002079
0.002771
0.004346
0.004787
0.003023
0.001890
0.002646
0.004409
0.002708
0.001701
0.004031
0.003653
0.001701
0.004031
0.003653
0.005291
0.004409
0.002708
0.005165
0.005165
0.004724
0.001512
0.002016
0.003527
0.001008
0.004787
0.003464
0.002583
0.003338
0.003086
0.001575
0.003275
0.007559
0.003464
0.001827
0.003527
0.002897
0.002771
0.002016
0.010456
0.003464
0.003149
0.004850
0.003905
0.002205
0.002771
0.003842
0.002268
0.003086
0.002646
0.001512
0.003842
0.002897
0.002834
0.003023
0.008944
0.003149
0.002520
0.006236
0.004598
0.002583
0.002394
0.002583
0.003338
0.002520
0.003338
0.002960
0.002646
0.004913
0.003464
0.003212
0.002583
0.001827
0.003338
0.009322
0.002331
0.001386
0.001953
0.001071
0.001386
0.000945
0.001701
0.003086
0.001701
0.002960
0.002457
0.003338
0.002771
0.001512
0.002331
0.004598
0.001827
0.001071
0.002646
0.004850
0.002394
0.002834
0.003527
0.001890
0.002457
0.001701
0.003968
0.002960
0.006047
0.001638
0.009007
0.003905
0.002771
0.001134
0.001701
0.002016
0.003086
0.001512
0.002960
0.002016
0.001512
0.000945
0.005102
0.002331
0.005669
0.001386
0.005102
0.002834
0.002960
0.001701
0.004031
0.004157
0.002142
0.002583
0.002646
0.004220
0.005102
0.008629
0.003212
0.001638
0.003086
0.002268
0.003338
0.001701
0.003905
0.002016
0.003653
0.003086
0.001953
0.002520
0.002268
0.002520
0.003968
0.007622
0.002771
0.003716
0.004346
0.002708
0.005165
0.003086
0.003968
0.002457
0.001260
0.002457
0.002708
0.001827
0.003212
0.001638
0.004094
