0.156274
0.003779
0.002583
0.005291
0.002897
0.001701
0.002897
0.004976
0.001953
0.002016
0.004283
0.003338
0.002079
0.003149
0.002520
0.008629
0.001575
0.002394
0.001449
0.007496
0.001134
0.001701
0.004472
0.001386
0.002520
0.002331
0.004598
0.007244
0.002646
0.001512
0.005417
0.012724
0.004346
0.004472
0.003338
0.002897
0.001071
0.003212
0.004913
0.002646
0.002079
0.001638
0.002708
0.001638
0.002520
0.001890
0.004409
0.001827
0.001827
0.001260
0.001638
0.002142
0.001386
0.001764
0.001764
0.001575
0.002205
0.004598
0.006992
0.003590
0.006362
0.004283
0.007181
0.003212
0.002457
0.002960
0.004283
0.007055
0.001512
0.006677
0.003464
0.002205
0.001071
0.005606
0.001701
0.002583
0.001575
0.008944
0.001197
0.004409
0.001890
0.002771
0.002142
0.002457
0.001701
0.002331
0.001197
0.002079
0.002708
0.008188
0.003905
0.004220
0.002268
0.005984
0.003779
0.007496
0.003149
0.003401
0.002708
0.004283
0.002268
0.002457
0.002205
0.005984
0.002331
0.003968
0.001890
0.002960
0.004094
0.002708
0.002268
0.002960
0.004031
0.002016
0.000819
0.002708
0.001071
0.003842
0.001008
0.002583
0.004913
0.004913
0.002205
0.004031
0.011086
0.004535
0.001890
0.003968
0.001890
0.002771
0.004220
0.014991
0.002646
0.002079
0.006173
0.007559
0.001575
0.001197
0.003023
0.001890
0.002016
0.002394
0.001134
0.005858
0.001449
0.002583
0.002205
0.006803
0.002142
0.001890
0.004283
0.003779
0.002960
0.002771
0.002646
0.005039
0.003275
0.003275
0.002520
0.005291
0.006047
0.004094
0.005039
0.004031
0.002583
0.003779
0.009259
0.003716
0.000882
0.000756
0.001512
0.002016
0.001071
0.001638
0.002771
0.001638
0.002646
0.002079
0.004535
0.001701
0.000945
0.001827
0.003149
0.001071
0.001386
0.003590
0.004976
0.002520
0.003086
0.004913
0.003023
0.003086
0.003149
0.005795
0.004157
0.006299
0.002331
0.010519
0.003590
0.003968
0.001260
0.001764
0.001827
0.002331
0.001449
0.003275
0.001701
0.002583
0.000882
0.007370
0.001575
0.004409
0.001197
0.003527
0.001701
0.001953
0.001701
0.006614
0.002834
0.002457
0.002394
0.003527
0.004661
0.005669
0.009763
0.003338
0.002016
0.003905
0.002960
0.004850
0.001953
0.003527
0.001260
0.004031
0.001260
0.002457
0.003212
0.001449
0.001512
0.002331
0.006425
0.002897
0.002142
0.002520
0.002016
0.003590
0.001260
0.002646
0.002960
0.002897
0.001827
0.003968
0.002960
0.002708
0.002268
0.004535
