0.168367
0.003275
0.002079
0.003842
0.002834
0.002897
0.002331
0.002331
0.004094
0.001638
0.003653
0.001701
0.003023
0.002771
0.002583
0.004409
0.003023
0.001890
0.001323
0.004220
0.002079
0.001134
0.004094
0.001197
0.002520
0.002016
0.003653
0.004409
0.003275
0.003149
0.004598
0.007874
0.006551
0.004661
0.002960
0.002583
0.001386
0.003590
0.005858
0.001701
0.002960
0.002708
0.004031
0.001638
0.003842
0.002016
0.007307
0.001260
0.002394
0.002079
0.001575
0.002016
0.001512
0.002708
0.002016
0.000945
0.002646
0.004031
0.007685
0.003212
0.005921
0.004031
0.005795
0.002708
0.003968
0.004157
0.002646
0.005291
0.002142
0.007874
0.003023
0.001134
0.001260
0.004157
0.001323
0.001764
0.001575
0.005606
0.002079
0.003653
0.002834
0.002771
0.002079
0.002016
0.001260
0.002079
0.002016
0.001764
0.003275
0.010708
0.003527
0.002771
0.002897
0.004913
0.003401
0.004472
0.004346
0.003653
0.002834
0.004094
0.003149
0.003590
0.002520
0.003086
0.003527
0.003779
0.002016
0.003212
0.006236
0.003338
0.003779
0.003086
0.006677
0.002079
0.002205
0.002142
0.001638
0.004661
0.001260
0.001512
0.005165
0.005732
0.002646
0.002268
0.011086
0.006236
0.002520
0.002205
0.003401
0.002834
0.002457
0.008692
0.003338
0.003779
0.003464
0.003275
0.001827
0.001386
0.003149
0.001197
0.003401
0.001575
0.001260
0.004472
0.002583
0.003149
0.001890
0.005102
0.003527
0.002205
0.004031
0.001701
0.003527
0.002457
0.002520
0.002583
0.003842
0.003401
0.002646
0.002897
0.006236
0.003905
0.003275
0.002394
0.002016
0.004409
0.009637
0.002394
0.002079
0.001449
0.001386
0.001512
0.001953
0.002394
0.002771
0.002016
0.004409
0.002708
0.004535
0.002142
0.003401
0.002394
0.004094
0.001008
0.001764
0.003716
0.004913
0.001575
0.004472
0.006110
0.003338
0.002771
0.002834
0.004724
0.002771
0.005921
0.002771
0.010897
0.002897
0.002079
0.001638
0.002205
0.001323
0.001071
0.002331
0.003464
0.001827
0.002079
0.002016
0.005291
0.001890
0.002520
0.002016
0.004850
0.001449
0.001386
0.002897
0.007370
0.002834
0.001449
0.004283
0.004031
0.002646
0.004094
0.012220
0.004535
0.002520
0.003653
0.005165
0.005669
0.001953
0.002205
0.001008
0.003653
0.001512
0.002079
0.003527
0.002079
0.002205
0.002646
0.006362
0.002583
0.001890
0.002583
0.003275
0.004472
0.001638
0.002268
0.003275
0.003023
0.001701
0.003338
0.003716
0.004787
0.002897
0.003653
