0.154510
0.003149
0.004094
0.005921
0.002520
0.002331
0.002708
0.005291
0.002079
0.001449
0.003842
0.003212
0.000630
0.002205
0.002268
0.007370
0.001512
0.001008
0.001323
0.007999
0.000693
0.001638
0.004283
0.001386
0.002016
0.001575
0.005732
0.006299
0.002457
0.001638
0.012913
0.018770
0.004031
0.003464
0.003149
0.006236
0.001260
0.004598
0.007937
0.002268
0.001827
0.001449
0.004220
0.001575
0.002268
0.001701
0.008566
0.000945
0.000882
0.000756
0.002394
0.001260
0.001323
0.001197
0.001827
0.001449
0.002079
0.003527
0.011716
0.004031
0.004976
0.002457
0.019400
0.002771
0.003653
0.002646
0.006110
0.007307
0.001386
0.006299
0.005606
0.002331
0.001197
0.004031
0.001764
0.003905
0.000630
0.008566
0.001701
0.005291
0.001134
0.002520
0.001764
0.002834
0.000756
0.001134
0.001449
0.001827
0.002331
0.011149
0.003212
0.003464
0.001260
0.003590
0.004031
0.007999
0.002708
0.002142
0.003464
0.006866
0.002834
0.001512
0.002520
0.003968
0.000945
0.002583
0.001512
0.002834
0.004598
0.001260
0.001764
0.001701
0.003842
0.000756
0.001197
0.002897
0.000693
0.004031
0.001449
0.001638
0.003590
0.004031
0.001701
0.002771
0.012976
0.002394
0.001890
0.002457
0.001827
0.001512
0.003464
0.017700
0.002205
0.002331
0.004220
0.006236
0.001260
0.001134
0.004283
0.000945
0.001890
0.001323
0.000882
0.005921
0.000882
0.001323
0.002079
0.004598
0.002142
0.001575
0.003779
0.002520
0.002646
0.002520
0.003338
0.005291
0.004031
0.005039
0.004094
0.007559
0.004976
0.001890
0.004472
0.003716
0.001008
0.002646
0.012220
0.003716
0.001323
0.001827
0.002205
0.001260
0.000945
0.001134
0.002771
0.002016
0.002205
0.001008
0.004346
0.001701
0.001071
0.001071
0.003842
0.001575
0.000882
0.004031
0.007370
0.002268
0.005102
0.004220
0.003527
0.005858
0.001953
0.002646
0.003401
0.006929
0.002142
0.011086
0.004850
0.003779
0.000882
0.001197
0.001701
0.002268
0.000882
0.003086
0.001512
0.002708
0.000567
0.005984
0.001764
0.003338
0.001008
0.003275
0.002016
0.002016
0.001071
0.005984
0.005354
0.002079
0.003653
0.003212
0.006362
0.007559
0.010582
0.001764
0.001764
0.003653
0.002457
0.003401
0.002268
0.003590
0.000693
0.003275
0.001764
0.001323
0.003968
0.000693
0.001764
0.003149
0.003149
0.001701
0.001701
0.002331
0.000945
0.002646
0.001197
0.002268
0.003149
0.001512
0.002268
0.003905
0.002520
0.002268
0.004220
0.006362
