0.156778
0.002331
0.004787
0.006677
0.004094
0.002142
0.003779
0.005291
0.002708
0.001449
0.003716
0.002960
0.001764
0.000630
0.002834
0.008188
0.002457
0.001260
0.001638
0.005984
0.000945
0.000945
0.004850
0.001071
0.002520
0.002142
0.005732
0.006425
0.001449
0.001134
0.006677
0.014739
0.005291
0.003779
0.005228
0.004535
0.001449
0.003401
0.008062
0.002142
0.001890
0.001386
0.003338
0.001071
0.003464
0.001071
0.006677
0.000882
0.001890
0.001260
0.003842
0.001701
0.001512
0.001827
0.002079
0.001134
0.002708
0.003842
0.012976
0.003653
0.008818
0.002142
0.010708
0.001827
0.003275
0.003527
0.005606
0.007055
0.001323
0.007307
0.004976
0.002331
0.000945
0.005795
0.002457
0.001764
0.000819
0.006803
0.001638
0.004472
0.001449
0.002142
0.001701
0.001890
0.000882
0.001071
0.001197
0.002079
0.002079
0.007999
0.004472
0.003086
0.001512
0.003653
0.003401
0.004724
0.004346
0.002394
0.004472
0.004472
0.003590
0.002394
0.002394
0.004409
0.001638
0.002142
0.002142
0.002897
0.003527
0.002331
0.002331
0.001449
0.004472
0.000882
0.001575
0.002520
0.000693
0.003779
0.001575
0.001323
0.006488
0.004094
0.002960
0.003086
0.016629
0.001953
0.001638
0.003023
0.002394
0.001134
0.003779
0.012787
0.001953
0.002394
0.005480
0.006299
0.000756
0.001197
0.004094
0.001260
0.003464
0.001197
0.001197
0.005543
0.001134
0.000756
0.002708
0.004094
0.002960
0.001197
0.003905
0.002205
0.002834
0.002520
0.003716
0.005039
0.004850
0.003716
0.003779
0.005543
0.004220
0.001701
0.005606
0.002205
0.003149
0.003023
0.012220
0.003086
0.002834
0.001386
0.002079
0.001134
0.002079
0.002079
0.003401
0.001575
0.002520
0.001008
0.005291
0.001197
0.001197
0.001449
0.003905
0.000945
0.001701
0.004094
0.009259
0.002520
0.005354
0.004850
0.004787
0.005228
0.001008
0.003275
0.003464
0.004976
0.002331
0.009700
0.005039
0.002897
0.001323
0.000945
0.001512
0.002016
0.000693
0.002016
0.002394
0.002834
0.001260
0.004850
0.001512
0.002834
0.000504
0.002960
0.001827
0.001575
0.001386
0.007559
0.005039
0.002016
0.003716
0.003149
0.006866
0.006740
0.010393
0.002268
0.001890
0.002457
0.004346
0.003023
0.002583
0.002708
0.001071
0.003086
0.001575
0.001449
0.004913
0.001008
0.002268
0.002834
0.003653
0.001764
0.001575
0.001701
0.001701
0.001764
0.002079
0.002897
0.002834
0.001701
0.002646
0.003653
0.004346
0.003023
0.004724
0.006173
