0.152935
0.003842
0.003086
0.008188
0.002646
0.002079
0.003527
0.003527
0.003023
0.001764
0.003779
0.003212
0.001197
0.002646
0.002708
0.006173
0.001953
0.001386
0.001953
0.006992
0.000693
0.001575
0.003842
0.001764
0.001953
0.001890
0.004976
0.007433
0.001827
0.002142
0.004157
0.012913
0.004472
0.003527
0.003023
0.004472
0.001386
0.003527
0.005480
0.002457
0.003023
0.001764
0.005543
0.001701
0.002708
0.001638
0.004598
0.001260
0.001575
0.001449
0.002960
0.001575
0.001134
0.001764
0.002834
0.001764
0.002708
0.004031
0.008503
0.003401
0.005543
0.002960
0.007559
0.002834
0.002834
0.003779
0.003590
0.007181
0.001701
0.006047
0.003590
0.002205
0.000819
0.005039
0.001890
0.002708
0.001197
0.007181
0.002016
0.006236
0.001638
0.002205
0.001638
0.002897
0.000945
0.001953
0.002960
0.003086
0.002834
0.011212
0.003716
0.003527
0.001575
0.005732
0.002646
0.009133
0.003779
0.002583
0.003590
0.005984
0.002834
0.002646
0.001953
0.003149
0.002331
0.003023
0.001953
0.003275
0.004283
0.001323
0.002394
0.001827
0.003401
0.000630
0.001953
0.003968
0.000882
0.003779
0.001575
0.001260
0.005039
0.004094
0.001764
0.003716
0.011401
0.002897
0.002079
0.003338
0.001197
0.001386
0.003401
0.012661
0.002583
0.002331
0.004724
0.006740
0.001890
0.001134
0.004346
0.002079
0.002205
0.001638
0.001953
0.006425
0.002016
0.001449
0.003149
0.007370
0.002016
0.002079
0.005417
0.003527
0.002771
0.001512
0.003023
0.006110
0.003527
0.004094
0.003275
0.006362
0.004472
0.002142
0.003527
0.003023
0.002394
0.003338
0.008692
0.003212
0.001890
0.001575
0.002897
0.001449
0.001512
0.001575
0.002205
0.002394
0.002583
0.001008
0.003968
0.002331
0.002142
0.001953
0.004409
0.002016
0.001764
0.003338
0.005921
0.001953
0.004850
0.004535
0.003464
0.004409
0.001386
0.003842
0.002960
0.007874
0.002331
0.009259
0.004031
0.003149
0.001008
0.001449
0.002268
0.002960
0.001323
0.003401
0.001512
0.003212
0.001449
0.005228
0.001827
0.004220
0.001071
0.003779
0.001890
0.002394
0.001323
0.007118
0.002960
0.002457
0.003212
0.004283
0.003968
0.007307
0.008440
0.003716
0.001764
0.003401
0.003275
0.003779
0.003275
0.003212
0.000945
0.004157
0.002394
0.002079
0.003968
0.001449
0.001953
0.002897
0.003464
0.002520
0.002331
0.003212
0.002016
0.003023
0.002897
0.003023
0.002897
0.003023
0.002834
0.004661
0.003842
0.003149
0.003149
0.006110
