0.205026
0.002520
0.002960
0.004976
0.002834
0.002016
0.002583
0.004472
0.003275
0.001197
0.004031
0.002520
0.002142
0.002142
0.004220
0.007622
0.002016
0.001323
0.001575
0.005165
0.001575
0.000567
0.005543
0.001323
0.002583
0.002142
0.005543
0.005228
0.002897
0.001638
0.006047
0.010330
0.003779
0.004031
0.004157
0.003212
0.002142
0.002708
0.006362
0.002583
0.002583
0.001512
0.004598
0.001386
0.002646
0.001953
0.008125
0.001386
0.002142
0.001512
0.003338
0.001890
0.001449
0.001890
0.001449
0.000945
0.003401
0.002394
0.009700
0.003023
0.007370
0.002771
0.008818
0.002897
0.002834
0.002646
0.004535
0.005480
0.001827
0.005606
0.002520
0.002457
0.001323
0.003023
0.002205
0.002268
0.001449
0.003527
0.001890
0.003401
0.001827
0.002708
0.002583
0.001764
0.001197
0.001701
0.001701
0.001701
0.002583
0.008503
0.002520
0.002394
0.002205
0.003149
0.003527
0.007685
0.003212
0.002142
0.003842
0.003275
0.003464
0.002142
0.002331
0.003527
0.002960
0.004220
0.001323
0.002771
0.007181
0.002016
0.002142
0.002079
0.004787
0.001008
0.001701
0.002457
0.000945
0.003086
0.001197
0.001386
0.004913
0.004409
0.001701
0.003149
0.012724
0.003968
0.001449
0.002646
0.003338
0.002079
0.004535
0.012031
0.002331
0.001701
0.004409
0.004787
0.001386
0.000945
0.004031
0.001701
0.002142
0.002331
0.001890
0.004598
0.001953
0.002016
0.003212
0.005165
0.002457
0.000945
0.003779
0.002268
0.003086
0.002331
0.003023
0.003653
0.004094
0.002268
0.003275
0.004850
0.004472
0.002897
0.005102
0.002646
0.002960
0.003653
0.009763
0.003464
0.001386
0.001386
0.001323
0.001512
0.002708
0.001323
0.003023
0.001701
0.002394
0.001260
0.006677
0.002016
0.001386
0.001638
0.004220
0.001260
0.001638
0.002394
0.005795
0.002708
0.005165
0.003401
0.004157
0.003149
0.001008
0.003968
0.003275
0.005669
0.002205
0.008251
0.004220
0.003023
0.001008
0.001512
0.001638
0.001764
0.001638
0.002268
0.002520
0.001071
0.001134
0.005354
0.001827
0.002708
0.001008
0.003779
0.001764
0.001701
0.002016
0.006110
0.002708
0.002268
0.002331
0.003527
0.004850
0.005480
0.010393
0.003023
0.001890
0.003464
0.004031
0.004157
0.002079
0.002646
0.001008
0.004283
0.000756
0.001701
0.004472
0.001386
0.001449
0.001449
0.004472
0.001638
0.001953
0.001323
0.001827
0.003464
0.001386
0.002897
0.002897
0.003338
0.002457
0.003086
0.003149
0.002205
0.003779
0.004094
