0.174414
0.002394
0.003968
0.004724
0.002960
0.002583
0.004535
0.003779
0.002646
0.001008
0.004346
0.002646
0.001764
0.002142
0.003590
0.005543
0.002142
0.001386
0.002331
0.006425
0.000945
0.001008
0.003338
0.001323
0.003275
0.001260
0.006992
0.007748
0.002394
0.001575
0.010582
0.011149
0.006425
0.003779
0.004220
0.002834
0.001827
0.002520
0.007811
0.001575
0.002268
0.001512
0.004031
0.001260
0.004031
0.002142
0.006740
0.001575
0.002331
0.001890
0.003842
0.001575
0.000882
0.001386
0.002268
0.001134
0.003653
0.003842
0.010393
0.003149
0.006614
0.002457
0.009448
0.001953
0.003401
0.002016
0.004157
0.005669
0.001764
0.006047
0.002960
0.002142
0.000819
0.003779
0.002268
0.002708
0.001134
0.005543
0.001827
0.005165
0.001197
0.002016
0.001701
0.003338
0.001071
0.001827
0.002457
0.002016
0.003338
0.007622
0.003779
0.003023
0.001512
0.004346
0.003401
0.006236
0.003653
0.002771
0.003464
0.004220
0.003527
0.002708
0.002331
0.002897
0.002331
0.002834
0.001827
0.002016
0.003716
0.001764
0.001890
0.001827
0.004409
0.000756
0.001512
0.001386
0.000945
0.003338
0.001071
0.001512
0.006866
0.003338
0.002708
0.002646
0.012535
0.002583
0.002331
0.002834
0.002960
0.001449
0.004598
0.010267
0.002583
0.002079
0.008188
0.004661
0.001008
0.000693
0.004157
0.001827
0.001890
0.001575
0.001827
0.005732
0.001764
0.001701
0.003527
0.006236
0.001575
0.001134
0.003842
0.002520
0.002834
0.001827
0.003968
0.004409
0.003527
0.002960
0.004976
0.004787
0.006110
0.002646
0.005291
0.002960
0.003842
0.003275
0.010519
0.004094
0.001764
0.001260
0.001827
0.001260
0.002016
0.001575
0.003464
0.001260
0.003401
0.000882
0.005228
0.001512
0.002142
0.001134
0.003905
0.001323
0.002079
0.003149
0.006047
0.001953
0.006047
0.004913
0.005417
0.002583
0.002331
0.003716
0.003716
0.006740
0.003149
0.008377
0.004283
0.003086
0.000945
0.001197
0.001449
0.001638
0.001008
0.002583
0.001827
0.002394
0.001386
0.003716
0.002331
0.004157
0.000945
0.002457
0.001953
0.002771
0.002331
0.005480
0.002897
0.002205
0.003590
0.003401
0.005039
0.004976
0.013857
0.003023
0.002771
0.002142
0.003779
0.004346
0.002457
0.002708
0.001449
0.002897
0.001953
0.001386
0.004535
0.000945
0.001575
0.002016
0.003401
0.001575
0.002205
0.002394
0.001890
0.002771
0.002079
0.002897
0.004787
0.001701
0.002834
0.003464
0.003338
0.002960
0.003212
0.003527
