0.159297
0.002457
0.005417
0.004976
0.002520
0.002268
0.005606
0.005039
0.001953
0.001764
0.004220
0.002960
0.002520
0.001071
0.002394
0.006803
0.002142
0.000756
0.001575
0.007055
0.000819
0.002142
0.004031
0.001953
0.002205
0.001071
0.007685
0.006551
0.002708
0.001197
0.008629
0.014550
0.004157
0.003401
0.005921
0.004913
0.001953
0.004535
0.009889
0.002079
0.001449
0.001575
0.004472
0.001890
0.003275
0.000819
0.004031
0.001134
0.001512
0.001008
0.002205
0.001701
0.001386
0.001575
0.001953
0.001638
0.002583
0.003779
0.011842
0.003086
0.005732
0.001953
0.013353
0.003023
0.002771
0.002708
0.006047
0.006677
0.000945
0.005732
0.006047
0.001890
0.001071
0.003212
0.001953
0.002646
0.001008
0.004472
0.002205
0.003842
0.001071
0.002520
0.002834
0.002897
0.000945
0.001449
0.001575
0.001701
0.001953
0.008503
0.006929
0.003779
0.001512
0.003464
0.003905
0.005984
0.003527
0.001449
0.003464
0.005291
0.003842
0.002205
0.003464
0.003527
0.002079
0.002960
0.002142
0.003149
0.004598
0.001386
0.001449
0.002331
0.004472
0.000756
0.000504
0.003905
0.001008
0.003023
0.002268
0.001134
0.004346
0.003653
0.002897
0.003527
0.011779
0.001638
0.001953
0.003275
0.003149
0.001701
0.003842
0.013983
0.002016
0.001071
0.006866
0.005291
0.001071
0.002394
0.003338
0.001134
0.002583
0.001323
0.001323
0.006110
0.001701
0.001323
0.002016
0.005858
0.002520
0.001449
0.003842
0.001890
0.003023
0.001638
0.005417
0.004724
0.003842
0.002646
0.003716
0.007181
0.004472
0.001386
0.005102
0.002205
0.002079
0.004409
0.013542
0.003023
0.001386
0.001008
0.002205
0.001701
0.003023
0.001701
0.003464
0.002520
0.001953
0.001008
0.003023
0.001890
0.001449
0.001386
0.003653
0.001512
0.001827
0.003653
0.009952
0.001764
0.004724
0.003968
0.005228
0.004724
0.001449
0.002897
0.003338
0.005543
0.001953
0.008314
0.006299
0.003338
0.001386
0.001701
0.002268
0.001512
0.001827
0.001638
0.002331
0.003338
0.001260
0.003464
0.001512
0.003338
0.001008
0.002331
0.002897
0.001764
0.001764
0.005543
0.006425
0.001701
0.002331
0.003086
0.006236
0.007370
0.008881
0.002016
0.002646
0.002960
0.003842
0.003779
0.003590
0.003653
0.000756
0.002268
0.002016
0.001575
0.003653
0.000756
0.001764
0.003212
0.003905
0.001449
0.001386
0.002708
0.001008
0.002771
0.002268
0.002583
0.003023
0.001890
0.002583
0.003905
0.004157
0.002205
0.003968
0.005354
