0.160053
0.003590
0.004472
0.005165
0.002268
0.002771
0.003527
0.003338
0.002205
0.001638
0.004787
0.002142
0.001134
0.001512
0.002331
0.004220
0.002016
0.000630
0.001512
0.004724
0.000567
0.002205
0.004409
0.001575
0.002457
0.002457
0.006740
0.004913
0.002142
0.001449
0.007685
0.014676
0.005543
0.005354
0.005102
0.004157
0.001197
0.003905
0.007496
0.001953
0.002394
0.001449
0.005480
0.001449
0.003842
0.001008
0.006173
0.001071
0.002079
0.001953
0.002897
0.001197
0.001260
0.002016
0.002394
0.001260
0.002646
0.004346
0.010267
0.002834
0.005102
0.002960
0.013039
0.002268
0.004094
0.004283
0.004598
0.005228
0.001260
0.007811
0.003653
0.001134
0.000945
0.004724
0.001890
0.002583
0.001134
0.004472
0.001701
0.004535
0.001449
0.002520
0.001890
0.001827
0.001134
0.001827
0.001449
0.001575
0.002708
0.011464
0.003338
0.003149
0.001827
0.006866
0.003401
0.005732
0.003716
0.003842
0.003464
0.004472
0.002960
0.004220
0.001701
0.002142
0.002142
0.003527
0.001197
0.002268
0.004094
0.001953
0.002205
0.000882
0.004661
0.001449
0.001512
0.001890
0.001008
0.004598
0.002394
0.000819
0.006173
0.007811
0.002646
0.001890
0.013353
0.004094
0.002142
0.002771
0.001701
0.001827
0.004409
0.012031
0.002079
0.003023
0.005795
0.003842
0.001260
0.001134
0.004472
0.001386
0.002268
0.001701
0.001197
0.004535
0.001575
0.001386
0.002142
0.003905
0.002268
0.002520
0.004409
0.002016
0.002079
0.002331
0.003023
0.003023
0.003338
0.004094
0.004472
0.004157
0.005543
0.003149
0.004724
0.002268
0.002457
0.004283
0.010834
0.002331
0.001512
0.001764
0.002331
0.001071
0.001512
0.001260
0.003716
0.001512
0.002708
0.001449
0.005984
0.001638
0.001890
0.001638
0.005543
0.000693
0.001449
0.004472
0.007433
0.001386
0.004787
0.005228
0.004913
0.006299
0.002708
0.006425
0.002897
0.006173
0.002457
0.010834
0.003464
0.001827
0.000945
0.002268
0.001323
0.001638
0.001575
0.003779
0.001575
0.002016
0.001197
0.004031
0.001512
0.003590
0.000504
0.004409
0.002331
0.001575
0.001512
0.007055
0.003086
0.001827
0.004157
0.004661
0.005039
0.005921
0.011275
0.002771
0.002016
0.002646
0.003716
0.004976
0.002016
0.002331
0.001134
0.004094
0.001638
0.000882
0.004157
0.000630
0.001386
0.002016
0.004598
0.001512
0.001890
0.002205
0.001260
0.003842
0.001890
0.002520
0.003338
0.003905
0.002268
0.002771
0.004598
0.005102
0.003527
0.004031
