0.172714
0.002708
0.005102
0.004724
0.003149
0.002268
0.003905
0.004472
0.002708
0.001575
0.004535
0.002331
0.001764
0.001827
0.002583
0.010393
0.002520
0.001323
0.002205
0.006677
0.001575
0.001701
0.004850
0.001890
0.002268
0.001638
0.006362
0.005732
0.002268
0.000819
0.007748
0.014991
0.003779
0.003968
0.004598
0.005480
0.001197
0.003842
0.008503
0.002897
0.001890
0.001701
0.004157
0.002268
0.002142
0.001386
0.010645
0.001764
0.000882
0.002016
0.002583
0.002457
0.001449
0.001071
0.002016
0.001449
0.002457
0.003023
0.011212
0.003779
0.005102
0.002834
0.006677
0.003716
0.003212
0.002708
0.007811
0.005795
0.002079
0.003779
0.006488
0.001890
0.000945
0.003086
0.002646
0.002394
0.000882
0.003905
0.002016
0.004346
0.001512
0.001953
0.002708
0.001953
0.000756
0.001323
0.003275
0.001449
0.002142
0.007433
0.006614
0.003527
0.001701
0.008188
0.004913
0.006677
0.003338
0.001449
0.003653
0.004724
0.002520
0.001323
0.003212
0.003653
0.001890
0.002708
0.001827
0.002646
0.005039
0.001701
0.002016
0.001827
0.004535
0.000882
0.001701
0.002897
0.001134
0.002708
0.002394
0.001512
0.003716
0.002960
0.003149
0.003023
0.009133
0.001638
0.001701
0.003275
0.002646
0.001197
0.004598
0.011212
0.002771
0.001764
0.004724
0.005795
0.001386
0.002394
0.003968
0.001071
0.002771
0.001638
0.001512
0.005732
0.001449
0.001197
0.002771
0.004283
0.002960
0.001827
0.003968
0.003464
0.003275
0.001701
0.004157
0.003968
0.004913
0.002583
0.005165
0.005291
0.003716
0.002205
0.005102
0.003275
0.001953
0.003275
0.012094
0.004157
0.001449
0.001260
0.002142
0.001701
0.001638
0.001449
0.003338
0.002394
0.001512
0.001260
0.003968
0.001512
0.001764
0.001260
0.003212
0.001575
0.000882
0.004031
0.007937
0.003590
0.003716
0.004031
0.004724
0.004409
0.001512
0.002583
0.003779
0.004850
0.001701
0.008440
0.006425
0.003968
0.001008
0.001638
0.002520
0.001953
0.001386
0.002016
0.002646
0.001890
0.000882
0.003401
0.001764
0.003590
0.000882
0.002016
0.001764
0.001449
0.001638
0.004913
0.006677
0.002268
0.003023
0.002205
0.008062
0.005795
0.008125
0.001575
0.002268
0.003212
0.003212
0.002394
0.002331
0.003527
0.000819
0.003338
0.002079
0.002331
0.004031
0.001071
0.002331
0.003086
0.003212
0.001386
0.002205
0.002205
0.002205
0.002520
0.001701
0.003527
0.002079
0.001449
0.003716
0.003779
0.003338
0.001764
0.003338
0.004283
