0.166226
0.004598
0.000819
0.003779
0.003968
0.003275
0.001197
0.002142
0.002331
0.001323
0.002457
0.001197
0.002457
0.002646
0.001827
0.003779
0.002457
0.002457
0.000630
0.004031
0.001827
0.001449
0.002960
0.000504
0.003086
0.002079
0.002583
0.004535
0.003590
0.002331
0.004094
0.007685
0.005921
0.004661
0.002142
0.003905
0.003779
0.006425
0.004724
0.002079
0.003149
0.001890
0.002331
0.001071
0.003590
0.001764
0.003464
0.001134
0.002646
0.003212
0.001827
0.001512
0.002016
0.002331
0.000945
0.001197
0.004094
0.005543
0.007307
0.002960
0.006551
0.004661
0.013668
0.002394
0.003842
0.005039
0.002646
0.005039
0.002331
0.008314
0.002142
0.001638
0.001764
0.004157
0.001386
0.002205
0.001764
0.008755
0.001008
0.003212
0.002520
0.003275
0.001008
0.001323
0.001449
0.002268
0.001323
0.001575
0.004283
0.012094
0.002142
0.002897
0.004283
0.006803
0.002646
0.006299
0.005102
0.003653
0.002960
0.004472
0.004283
0.004661
0.001953
0.003149
0.003023
0.002960
0.001512
0.003023
0.005228
0.002331
0.002457
0.001386
0.005543
0.001071
0.001008
0.001890
0.001827
0.004598
0.000882
0.001260
0.007685
0.006047
0.001701
0.003149
0.016944
0.005228
0.002079
0.002771
0.004220
0.002897
0.001827
0.008251
0.003338
0.003023
0.002016
0.003275
0.001449
0.001890
0.002394
0.000945
0.002394
0.001827
0.000756
0.004157
0.002834
0.001827
0.000945
0.003023
0.002771
0.002016
0.002708
0.000945
0.003779
0.002205
0.001449
0.003590
0.004787
0.004913
0.001260
0.003842
0.007181
0.004724
0.002331
0.001827
0.003779
0.005669
0.007874
0.002834
0.001764
0.001071
0.001260
0.001512
0.002897
0.002520
0.001953
0.001638
0.003086
0.002268
0.003275
0.001134
0.002331
0.002268
0.001890
0.000882
0.002457
0.006110
0.003527
0.002268
0.006362
0.005354
0.001764
0.003653
0.003968
0.004283
0.002520
0.006740
0.003590
0.013479
0.002646
0.002960
0.001764
0.001890
0.000945
0.001701
0.002205
0.003905
0.001008
0.001575
0.002079
0.008755
0.001008
0.002457
0.001701
0.005165
0.001827
0.001764
0.003338
0.007118
0.002268
0.002016
0.003968
0.005165
0.002646
0.004913
0.011275
0.004850
0.001386
0.004031
0.005795
0.007748
0.001134
0.002834
0.002394
0.004850
0.001386
0.001071
0.005543
0.001323
0.001512
0.002394
0.005732
0.002457
0.001512
0.001260
0.002960
0.003779
0.001071
0.001890
0.003527
0.003779
0.001386
0.003590
0.005606
0.004157
0.002394
0.004535
