0.156211
0.003338
0.003023
0.004220
0.003023
0.003527
0.003527
0.002834
0.002268
0.003212
0.003338
0.002205
0.001764
0.003527
0.001953
0.005669
0.002583
0.002205
0.001638
0.006299
0.001701
0.002646
0.003401
0.001449
0.002394
0.002457
0.005291
0.004535
0.002583
0.002834
0.004913
0.008566
0.005354
0.004094
0.003023
0.003653
0.002016
0.004094
0.006614
0.002205
0.002268
0.001764
0.003401
0.001575
0.003527
0.002079
0.004220
0.001701
0.002771
0.002520
0.002331
0.002331
0.001008
0.001701
0.002268
0.001386
0.003023
0.003653
0.007937
0.003716
0.005039
0.004724
0.004850
0.004094
0.004031
0.003842
0.003023
0.006173
0.002016
0.007622
0.003968
0.002394
0.001323
0.004724
0.002142
0.002960
0.001449
0.004976
0.001386
0.005795
0.000945
0.002646
0.001701
0.001827
0.001008
0.002331
0.001575
0.002331
0.003968
0.009511
0.003527
0.003275
0.001701
0.005228
0.004472
0.007118
0.004220
0.003527
0.002834
0.004535
0.003842
0.003464
0.002331
0.002960
0.002142
0.004472
0.002016
0.003464
0.003905
0.002268
0.002142
0.001890
0.003905
0.001701
0.001827
0.003275
0.001260
0.004220
0.001197
0.001764
0.006488
0.005732
0.002016
0.003464
0.011338
0.003968
0.002331
0.003023
0.001764
0.002016
0.003653
0.010141
0.003212
0.002771
0.003716
0.004913
0.001260
0.001764
0.002897
0.002016
0.002268
0.002457
0.001890
0.005417
0.002079
0.002520
0.002331
0.006425
0.002205
0.002016
0.003338
0.002142
0.002960
0.003212
0.003275
0.003401
0.003968
0.003716
0.003401
0.005039
0.005858
0.003023
0.003716
0.003086
0.002771
0.004850
0.010267
0.002583
0.001449
0.002142
0.002834
0.001260
0.002834
0.002394
0.002268
0.001701
0.002457
0.001890
0.003653
0.001764
0.001890
0.001197
0.003086
0.001449
0.001701
0.003779
0.005543
0.002394
0.004724
0.004850
0.003464
0.003779
0.001827
0.005732
0.002268
0.006488
0.002960
0.010141
0.004472
0.002960
0.001197
0.002520
0.001575
0.002016
0.001008
0.003149
0.002331
0.002394
0.001512
0.005228
0.001953
0.003338
0.000819
0.004724
0.002331
0.002646
0.002457
0.007118
0.004850
0.002771
0.004976
0.004220
0.003590
0.005102
0.010267
0.002771
0.001953
0.003086
0.004157
0.005417
0.002079
0.003401
0.001512
0.003275
0.001512
0.002268
0.004157
0.001512
0.001764
0.003212
0.004094
0.002205
0.001827
0.003149
0.001764
0.003842
0.001827
0.003590
0.003779
0.003212
0.002205
0.003149
0.005039
0.002771
0.002897
0.004220
