0.156841
0.003023
0.004346
0.004724
0.003275
0.002834
0.003779
0.004535
0.002331
0.001134
0.004220
0.002331
0.002583
0.002646
0.002708
0.005921
0.001953
0.001701
0.001512
0.004346
0.001260
0.001134
0.004976
0.001764
0.003401
0.002079
0.005732
0.006425
0.003149
0.002394
0.007496
0.011716
0.005984
0.003086
0.004472
0.004724
0.001953
0.002268
0.007181
0.002331
0.002205
0.001386
0.004031
0.002205
0.002457
0.001638
0.006992
0.001890
0.001512
0.001953
0.002771
0.002583
0.001197
0.001512
0.002583
0.002142
0.002771
0.003590
0.008755
0.005354
0.005543
0.003716
0.005606
0.004094
0.002394
0.003149
0.005543
0.005165
0.002205
0.004283
0.004409
0.001953
0.001323
0.003149
0.002268
0.003086
0.002142
0.004283
0.002646
0.003779
0.001953
0.001386
0.003023
0.001953
0.001260
0.001197
0.002331
0.001449
0.003149
0.006299
0.004787
0.003842
0.003590
0.003653
0.005417
0.006362
0.003527
0.002205
0.003905
0.003779
0.002960
0.002142
0.003023
0.003275
0.002331
0.002457
0.002771
0.002520
0.003842
0.002142
0.003464
0.003275
0.004472
0.001008
0.001638
0.002331
0.001638
0.003590
0.001701
0.002016
0.004094
0.003086
0.003149
0.003842
0.007433
0.003401
0.003086
0.003401
0.003338
0.001764
0.005921
0.014550
0.003779
0.002331
0.006299
0.005291
0.001890
0.001197
0.003905
0.001197
0.002268
0.001827
0.001827
0.004157
0.001890
0.002331
0.003023
0.005480
0.002897
0.001449
0.005102
0.002205
0.002520
0.002142
0.003086
0.004346
0.004031
0.002457
0.004409
0.005354
0.005858
0.003401
0.004472
0.004850
0.002583
0.003023
0.010645
0.004409
0.001449
0.001323
0.001764
0.001575
0.001827
0.001575
0.003212
0.001953
0.002834
0.001512
0.005039
0.001953
0.001449
0.001764
0.004472
0.001701
0.002457
0.002583
0.005858
0.003527
0.004976
0.003716
0.004409
0.004346
0.002897
0.004283
0.005795
0.006803
0.003716
0.009259
0.004535
0.002520
0.001134
0.001008
0.001764
0.001638
0.001638
0.002331
0.002520
0.002457
0.001953
0.003653
0.001701
0.003842
0.001449
0.002016
0.002079
0.002394
0.002834
0.003275
0.004850
0.002457
0.002897
0.003086
0.005732
0.005291
0.008125
0.003149
0.002834
0.003653
0.003590
0.003842
0.003149
0.003716
0.001386
0.001953
0.001890
0.001638
0.003401
0.001386
0.002583
0.002142
0.004409
0.001260
0.003464
0.002708
0.001890
0.003905
0.002520
0.003023
0.003275
0.001953
0.002897
0.002331
0.003338
0.002457
0.003905
0.003968
