0.167863
0.004094
0.003527
0.003842
0.003212
0.001575
0.002708
0.005102
0.002016
0.001071
0.002268
0.001134
0.000756
0.001764
0.001449
0.004220
0.001512
0.001323
0.000693
0.005984
0.000882
0.000567
0.005102
0.000630
0.002394
0.001323
0.005039
0.006299
0.001449
0.001197
0.027526
0.017826
0.006362
0.006740
0.002834
0.003716
0.000882
0.003842
0.008314
0.001449
0.001575
0.000945
0.003464
0.000819
0.001638
0.000882
0.010330
0.000945
0.000819
0.001827
0.003023
0.001197
0.000882
0.000882
0.001197
0.001260
0.002016
0.003149
0.013668
0.002834
0.004850
0.002771
0.021353
0.001764
0.004409
0.003590
0.006236
0.007181
0.001071
0.008503
0.004220
0.001008
0.000504
0.002646
0.001260
0.003086
0.000315
0.010645
0.001071
0.002457
0.000693
0.001764
0.001890
0.001197
0.000819
0.001071
0.001197
0.001386
0.002268
0.014109
0.004283
0.003590
0.000693
0.006236
0.002268
0.005165
0.002583
0.003464
0.003968
0.004976
0.002771
0.002079
0.002079
0.003527
0.001134
0.003212
0.000819
0.002646
0.004094
0.001512
0.001449
0.000756
0.005858
0.000756
0.000882
0.001323
0.000567
0.004913
0.000819
0.000945
0.006614
0.003653
0.001638
0.001953
0.029415
0.003149
0.000756
0.002205
0.001386
0.001134
0.003023
0.017070
0.001764
0.001449
0.004220
0.004598
0.000819
0.000945
0.004724
0.000567
0.001575
0.001071
0.000756
0.005039
0.000441
0.001197
0.001575
0.003590
0.001953
0.000693
0.001953
0.001827
0.002834
0.001953
0.002708
0.003968
0.005417
0.004157
0.003275
0.004031
0.003905
0.002834
0.005228
0.001890
0.002205
0.003779
0.013605
0.002142
0.001260
0.001071
0.001071
0.000945
0.000630
0.001512
0.002708
0.001260
0.001827
0.000567
0.007181
0.001197
0.001260
0.001386
0.003905
0.000882
0.000756
0.003779
0.007496
0.001890
0.006173
0.007433
0.003023
0.005417
0.000945
0.004976
0.002016
0.003653
0.002331
0.013291
0.004094
0.002771
0.000945
0.000882
0.000630
0.001575
0.001197
0.003086
0.001260
0.001260
0.000252
0.010141
0.001008
0.002646
0.000567
0.003653
0.001512
0.002079
0.001071
0.008188
0.004472
0.001638
0.003968
0.003905
0.006929
0.005669
0.017196
0.002520
0.001449
0.001638
0.002834
0.003401
0.001953
0.002268
0.000441
0.004472
0.000882
0.001134
0.004850
0.000693
0.000945
0.001323
0.002205
0.000945
0.001071
0.000882
0.001260
0.003149
0.001260
0.002771
0.003590
0.002016
0.001512
0.004031
0.002016
0.003338
0.004409
0.005102
