0.174603
0.004094
0.002331
0.005543
0.002016
0.002960
0.002708
0.002708
0.003527
0.002205
0.004283
0.002268
0.003149
0.002771
0.002079
0.004661
0.003149
0.001890
0.001134
0.005291
0.001701
0.002771
0.003527
0.001575
0.003275
0.002834
0.003338
0.004472
0.004409
0.002897
0.004976
0.006614
0.005984
0.002771
0.004094
0.004913
0.001890
0.002708
0.005039
0.001890
0.002331
0.002834
0.004283
0.003149
0.004850
0.002016
0.003968
0.002520
0.002268
0.002268
0.001827
0.003401
0.001638
0.002331
0.001827
0.001890
0.002520
0.003968
0.006551
0.003464
0.004157
0.003968
0.007181
0.005858
0.004535
0.002960
0.003149
0.005543
0.001701
0.005732
0.002960
0.001701
0.001575
0.002834
0.003527
0.002771
0.002331
0.003968
0.002205
0.003653
0.003653
0.002331
0.002331
0.002331
0.001449
0.002520
0.002520
0.001323
0.003023
0.007999
0.004787
0.002520
0.005102
0.003212
0.003590
0.005543
0.004535
0.002771
0.002771
0.005606
0.001701
0.001701
0.002771
0.003086
0.001638
0.003842
0.002583
0.002960
0.003527
0.002834
0.003464
0.002646
0.004094
0.001386
0.001890
0.002457
0.001134
0.003086
0.002646
0.001890
0.003527
0.004220
0.002960
0.002771
0.005984
0.003905
0.002394
0.005984
0.003149
0.002708
0.003779
0.010708
0.002771
0.003716
0.003905
0.004472
0.002016
0.002457
0.002583
0.001764
0.002646
0.002016
0.002016
0.003527
0.002205
0.001512
0.002268
0.004976
0.002394
0.002457
0.005480
0.002771
0.002331
0.003149
0.002205
0.002771
0.004283
0.002583
0.003590
0.003905
0.007181
0.003149
0.004598
0.003779
0.002960
0.003842
0.009385
0.001890
0.001890
0.001890
0.001638
0.001701
0.002079
0.001890
0.003527
0.002142
0.004535
0.002520
0.004094
0.002520
0.001701
0.002771
0.004535
0.002016
0.001953
0.003338
0.004472
0.002268
0.004094
0.003779
0.002960
0.004913
0.003338
0.003275
0.003779
0.007685
0.002646
0.009763
0.003401
0.002457
0.001764
0.001638
0.002331
0.001827
0.002960
0.002457
0.001953
0.002583
0.002205
0.001764
0.003212
0.004220
0.001701
0.003464
0.003212
0.002394
0.001764
0.004409
0.002331
0.001449
0.005102
0.003023
0.003149
0.004535
0.007748
0.001764
0.002646
0.005102
0.003212
0.004346
0.002897
0.003401
0.001071
0.002834
0.002646
0.001890
0.002834
0.001764
0.002079
0.001890
0.005102
0.002646
0.002520
0.003212
0.002079
0.005291
0.002268
0.002079
0.001953
0.002708
0.003338
0.003275
0.003527
0.002960
0.002583
0.005165
