0.168241
0.003338
0.003401
0.005228
0.003527
0.002708
0.003149
0.003086
0.002897
0.000693
0.003338
0.002394
0.001386
0.001449
0.002268
0.006047
0.001953
0.001071
0.000756
0.005417
0.001008
0.001260
0.004283
0.000504
0.002520
0.001386
0.005732
0.005291
0.002583
0.002016
0.009007
0.011968
0.006047
0.003590
0.003842
0.003968
0.002457
0.003275
0.006236
0.002583
0.003527
0.001260
0.004598
0.001449
0.003149
0.000693
0.009385
0.001701
0.002016
0.001890
0.002646
0.002079
0.001386
0.001071
0.001071
0.001134
0.003716
0.003023
0.009763
0.002960
0.007118
0.001890
0.007622
0.002834
0.003842
0.002960
0.005039
0.006929
0.002268
0.005669
0.003401
0.002016
0.001008
0.003968
0.001575
0.003275
0.000882
0.007181
0.000882
0.003401
0.001953
0.002016
0.001701
0.002331
0.001260
0.001512
0.001134
0.001512
0.002708
0.009196
0.004283
0.002205
0.002016
0.005165
0.003275
0.006740
0.004661
0.002583
0.003023
0.004787
0.003716
0.002016
0.002331
0.003338
0.003149
0.003527
0.001323
0.001764
0.010960
0.001449
0.001890
0.001575
0.006488
0.000693
0.000882
0.001764
0.000567
0.003716
0.001008
0.000819
0.006992
0.004472
0.001890
0.002771
0.016503
0.002646
0.001764
0.002583
0.002142
0.001449
0.004220
0.015810
0.002646
0.001701
0.004850
0.005228
0.001575
0.000945
0.003779
0.000945
0.002079
0.001890
0.001071
0.005039
0.001512
0.001071
0.002457
0.004157
0.002834
0.001008
0.002646
0.002205
0.004157
0.001890
0.002960
0.004220
0.004913
0.003023
0.004220
0.004220
0.007244
0.002646
0.005354
0.002457
0.002960
0.003464
0.010393
0.004409
0.001764
0.001512
0.001260
0.001575
0.002079
0.002205
0.002771
0.001071
0.003779
0.000693
0.007559
0.001512
0.001827
0.001134
0.004472
0.000567
0.002394
0.002834
0.006173
0.002771
0.006236
0.005228
0.004346
0.005606
0.002268
0.004976
0.002520
0.007559
0.002583
0.009952
0.004346
0.003149
0.001071
0.001512
0.001386
0.001449
0.001512
0.002897
0.001638
0.001827
0.001449
0.005858
0.001134
0.004094
0.001071
0.003149
0.001512
0.002205
0.001701
0.005354
0.003401
0.001701
0.003653
0.004031
0.005984
0.006614
0.014109
0.001764
0.001890
0.001827
0.005543
0.004157
0.001386
0.002268
0.001323
0.002771
0.000504
0.001008
0.005984
0.000630
0.001449
0.001386
0.004346
0.001323
0.001575
0.001008
0.002079
0.002960
0.001512
0.002583
0.004724
0.001827
0.002897
0.003653
0.004472
0.002079
0.002834
0.004598
