0.195956
0.002771
0.002960
0.003716
0.003842
0.003527
0.004157
0.001827
0.005228
0.002897
0.003590
0.001890
0.004598
0.003401
0.003212
0.003212
0.004472
0.001449
0.001764
0.004598
0.002457
0.002331
0.004913
0.001764
0.003149
0.001134
0.003716
0.003338
0.002834
0.002016
0.003464
0.004220
0.005102
0.002708
0.002646
0.003464
0.002457
0.003401
0.005921
0.002268
0.002142
0.001827
0.002897
0.002079
0.002331
0.001827
0.003338
0.002394
0.002646
0.002771
0.002394
0.003338
0.001260
0.003779
0.003086
0.002394
0.002897
0.003149
0.004913
0.005354
0.004598
0.004157
0.003212
0.004157
0.004850
0.001449
0.003401
0.004724
0.003464
0.003905
0.004031
0.001827
0.001764
0.003149
0.001575
0.001827
0.002646
0.002520
0.002708
0.001953
0.004724
0.001386
0.004031
0.003275
0.002205
0.001764
0.003779
0.001134
0.005228
0.005480
0.004409
0.001260
0.003905
0.002771
0.005921
0.004283
0.004598
0.001701
0.004220
0.004913
0.002771
0.002834
0.004283
0.002646
0.001764
0.003464
0.003842
0.003842
0.003149
0.001323
0.004409
0.004031
0.005228
0.001638
0.002834
0.002834
0.001575
0.003212
0.001701
0.002268
0.003653
0.003590
0.002897
0.002079
0.003842
0.002205
0.003149
0.001764
0.003527
0.002016
0.003401
0.007622
0.003905
0.002079
0.003905
0.002834
0.003212
0.002142
0.003023
0.002142
0.003968
0.002771
0.002771
0.003212
0.002583
0.001575
0.004472
0.006362
0.002708
0.001827
0.006425
0.001890
0.002079
0.001890
0.002771
0.003338
0.004220
0.002708
0.003149
0.001575
0.006929
0.003212
0.003716
0.002834
0.002394
0.003338
0.010519
0.002331
0.002394
0.002079
0.002771
0.001323
0.002016
0.002142
0.003464
0.002205
0.003779
0.001953
0.004157
0.003149
0.001890
0.002646
0.004409
0.002268
0.002457
0.004220
0.003527
0.003212
0.002834
0.003905
0.002646
0.004598
0.003590
0.002583
0.003842
0.006425
0.003842
0.008125
0.003338
0.003023
0.002520
0.002079
0.002771
0.001890
0.002268
0.002079
0.002457
0.001827
0.002079
0.002079
0.002834
0.002583
0.002079
0.002960
0.002646
0.001323
0.003023
0.003275
0.003338
0.001764
0.004472
0.002331
0.004535
0.002520
0.005984
0.002016
0.004283
0.003149
0.003716
0.004157
0.003527
0.002708
0.002079
0.002394
0.002960
0.002708
0.003149
0.002457
0.004031
0.003023
0.004724
0.002079
0.003212
0.003464
0.002708
0.004535
0.002583
0.002394
0.003401
0.002205
0.002897
0.002142
0.003149
0.002897
0.003212
0.003212
