0.173910
0.003086
0.003212
0.006299
0.002205
0.002205
0.003149
0.004157
0.002079
0.001449
0.004346
0.002708
0.001134
0.002016
0.002646
0.007055
0.001260
0.001260
0.001764
0.006488
0.000756
0.001197
0.004661
0.002205
0.002583
0.001827
0.005732
0.006425
0.002457
0.001827
0.013542
0.013291
0.004913
0.004850
0.003023
0.004220
0.000882
0.003275
0.006488
0.002142
0.002142
0.000819
0.005291
0.001449
0.002457
0.001134
0.005543
0.001134
0.001260
0.001827
0.002583
0.001323
0.000630
0.001134
0.002331
0.001323
0.003086
0.003086
0.009448
0.003527
0.007307
0.002834
0.006803
0.002834
0.003464
0.003779
0.003842
0.006803
0.001764
0.008692
0.003275
0.001827
0.000945
0.004472
0.001575
0.003212
0.001008
0.007622
0.001386
0.003464
0.001386
0.002142
0.001890
0.002016
0.000819
0.001323
0.002331
0.001890
0.002708
0.007685
0.003275
0.004094
0.001827
0.005417
0.003401
0.008062
0.003716
0.002834
0.002834
0.004976
0.002960
0.003338
0.001890
0.002646
0.003212
0.002583
0.001449
0.002268
0.007055
0.001764
0.001764
0.002142
0.003842
0.001197
0.000945
0.002583
0.000756
0.003023
0.001008
0.001953
0.005543
0.004220
0.001764
0.003464
0.015684
0.003086
0.001386
0.003149
0.002205
0.001827
0.003212
0.016188
0.002079
0.002205
0.006236
0.004724
0.001008
0.001323
0.004157
0.001764
0.002079
0.001134
0.002079
0.005102
0.001890
0.001260
0.002583
0.004850
0.001764
0.001575
0.004598
0.003149
0.003149
0.001449
0.003149
0.005165
0.002834
0.003275
0.003842
0.006110
0.005480
0.002897
0.003212
0.002771
0.002457
0.003590
0.010582
0.003401
0.001575
0.001071
0.001512
0.002079
0.001134
0.001638
0.002520
0.001449
0.001638
0.001260
0.005480
0.001512
0.001386
0.001575
0.004661
0.001134
0.001512
0.002960
0.005354
0.002331
0.005795
0.005165
0.003842
0.004346
0.002142
0.004220
0.002897
0.007622
0.002331
0.011275
0.003401
0.003527
0.001260
0.001575
0.001638
0.002079
0.001134
0.003086
0.001764
0.002331
0.000945
0.004220
0.001386
0.004157
0.001008
0.003779
0.002142
0.002583
0.002394
0.007370
0.002205
0.002331
0.003401
0.003464
0.005039
0.005480
0.013668
0.002897
0.001197
0.003275
0.002520
0.004346
0.002394
0.003212
0.000819
0.003653
0.001008
0.001449
0.004346
0.001260
0.001512
0.001638
0.003464
0.001323
0.002394
0.001953
0.001323
0.002520
0.001953
0.002520
0.003401
0.001827
0.001953
0.003338
0.003842
0.003464
0.002771
0.004850
