0.170446
0.002834
0.004094
0.004913
0.002897
0.002142
0.004283
0.002897
0.003968
0.002708
0.005606
0.002457
0.003401
0.003212
0.002583
0.004724
0.002205
0.002520
0.002331
0.004283
0.001386
0.002268
0.004031
0.001701
0.002583
0.003149
0.006236
0.003212
0.003401
0.002331
0.004472
0.006866
0.004598
0.002394
0.004472
0.005102
0.001260
0.003212
0.007433
0.001890
0.001953
0.002142
0.004472
0.001953
0.002268
0.002079
0.004409
0.003653
0.002016
0.002834
0.003401
0.002897
0.001260
0.001953
0.003023
0.002016
0.001638
0.003338
0.008629
0.003338
0.005165
0.003212
0.006614
0.003842
0.004598
0.002960
0.004598
0.004409
0.001827
0.003905
0.004346
0.001638
0.001953
0.002960
0.003212
0.001449
0.003086
0.002834
0.002646
0.004094
0.003527
0.002331
0.002771
0.002771
0.001764
0.002520
0.002834
0.001512
0.002457
0.005984
0.004913
0.001890
0.003086
0.003590
0.004850
0.005732
0.003275
0.002834
0.004409
0.005228
0.002142
0.002520
0.003842
0.002457
0.001764
0.004094
0.002708
0.003212
0.002960
0.001638
0.002834
0.002960
0.003842
0.001449
0.002268
0.003086
0.001701
0.003338
0.003149
0.001764
0.003401
0.002520
0.003149
0.003779
0.005354
0.002583
0.002520
0.003149
0.004346
0.002834
0.004346
0.008818
0.003023
0.001827
0.005795
0.002205
0.001071
0.002142
0.003842
0.001827
0.002583
0.001449
0.002457
0.003527
0.002394
0.002394
0.002520
0.005102
0.002331
0.002331
0.006110
0.002646
0.003212
0.002079
0.003779
0.002646
0.004598
0.003149
0.004346
0.004913
0.004724
0.002394
0.005795
0.003086
0.002771
0.003401
0.010078
0.002834
0.002205
0.002457
0.002457
0.001386
0.002079
0.002708
0.003086
0.003401
0.002268
0.002205
0.004598
0.003086
0.001386
0.002268
0.004472
0.001890
0.001575
0.002646
0.006425
0.002205
0.003779
0.003212
0.005039
0.005165
0.003149
0.003653
0.002897
0.005921
0.002834
0.007055
0.005543
0.002646
0.001575
0.001764
0.002897
0.001953
0.002457
0.003716
0.002583
0.002394
0.002646
0.003842
0.003149
0.004472
0.001449
0.003401
0.002897
0.002142
0.002394
0.003842
0.004157
0.001890
0.004472
0.003716
0.003401
0.003779
0.006992
0.002394
0.002520
0.005102
0.003275
0.003086
0.003842
0.002708
0.001512
0.002520
0.003023
0.001890
0.003023
0.001323
0.002268
0.003275
0.004724
0.002394
0.002331
0.002079
0.002457
0.004220
0.002331
0.002331
0.003401
0.002142
0.003338
0.002268
0.003023
0.002960
0.004346
0.004913
