0.151487
0.003590
0.003464
0.006803
0.002960
0.002394
0.003212
0.005858
0.002834
0.001638
0.004157
0.003275
0.002205
0.003149
0.002708
0.006866
0.001008
0.001575
0.001575
0.005984
0.001386
0.001386
0.004787
0.001134
0.002520
0.002142
0.006047
0.006299
0.003842
0.002394
0.006866
0.010771
0.004157
0.004598
0.003842
0.005102
0.001827
0.003212
0.005669
0.002834
0.002583
0.001827
0.003149
0.001575
0.001512
0.001449
0.006110
0.001197
0.001323
0.001827
0.002079
0.002646
0.001260
0.002142
0.001449
0.001890
0.002834
0.004094
0.008566
0.005984
0.005480
0.003968
0.005732
0.004409
0.003275
0.004157
0.004850
0.005858
0.001575
0.005417
0.003590
0.003023
0.001638
0.003716
0.002331
0.003464
0.001008
0.004661
0.001827
0.003842
0.001827
0.002016
0.002268
0.002520
0.000945
0.001890
0.002079
0.001575
0.003968
0.007307
0.005984
0.004409
0.002331
0.004157
0.005984
0.007055
0.003464
0.002016
0.003716
0.005228
0.003023
0.003275
0.002646
0.004472
0.002205
0.003023
0.002142
0.004031
0.003653
0.002079
0.002394
0.003275
0.003590
0.000882
0.001890
0.002457
0.001260
0.003779
0.001008
0.001449
0.004661
0.004724
0.002646
0.004283
0.007307
0.004094
0.002394
0.003653
0.002394
0.002016
0.004283
0.014046
0.002268
0.002142
0.006299
0.007370
0.001323
0.001701
0.003527
0.001953
0.002016
0.001512
0.001197
0.005795
0.001449
0.002331
0.002834
0.007370
0.001890
0.001386
0.004724
0.003275
0.002646
0.002016
0.003653
0.004850
0.003149
0.003023
0.003842
0.005480
0.006173
0.004094
0.004976
0.003212
0.002960
0.004031
0.011275
0.004220
0.001134
0.002331
0.002394
0.001386
0.001260
0.002079
0.002142
0.002205
0.002520
0.001575
0.003464
0.001323
0.001701
0.001575
0.003968
0.001575
0.001575
0.002646
0.005921
0.002646
0.003464
0.004094
0.003968
0.004535
0.002520
0.004409
0.005354
0.008503
0.002708
0.010330
0.005984
0.003968
0.001008
0.001134
0.001449
0.002079
0.001260
0.002394
0.001827
0.001827
0.001701
0.003779
0.002394
0.003968
0.001386
0.003968
0.001638
0.002897
0.002079
0.005543
0.003905
0.003275
0.002457
0.003149
0.005417
0.006173
0.007118
0.003149
0.002708
0.002897
0.003401
0.003968
0.002646
0.003401
0.001449
0.002142
0.001638
0.001386
0.003401
0.001008
0.001575
0.002708
0.004346
0.001764
0.002457
0.002205
0.001764
0.003653
0.002394
0.003023
0.002520
0.002268
0.001827
0.003716
0.002771
0.002520
0.003212
0.004409
