0.165281
0.003023
0.003464
0.004787
0.003212
0.002520
0.005480
0.004787
0.002520
0.001827
0.004094
0.002771
0.002016
0.002771
0.003716
0.007181
0.001827
0.001575
0.001575
0.006992
0.001197
0.000882
0.005165
0.001197
0.002268
0.002205
0.005480
0.006173
0.002142
0.002331
0.008062
0.013731
0.004850
0.004220
0.002708
0.003968
0.000945
0.002205
0.008251
0.002583
0.001890
0.001638
0.004409
0.001827
0.002394
0.001512
0.008377
0.001134
0.001575
0.002079
0.002960
0.002079
0.001512
0.000819
0.002205
0.001323
0.002583
0.003590
0.010267
0.004409
0.005354
0.003905
0.010078
0.003149
0.001764
0.002331
0.005921
0.006236
0.001701
0.006425
0.004094
0.002205
0.001197
0.002771
0.002457
0.002142
0.000945
0.005921
0.002205
0.002708
0.001008
0.002142
0.003023
0.001575
0.001008
0.001827
0.001575
0.001890
0.003149
0.008125
0.005102
0.003905
0.001512
0.005228
0.005165
0.007748
0.003275
0.001449
0.002834
0.004031
0.002268
0.002771
0.002394
0.004031
0.001953
0.003023
0.001512
0.002646
0.004724
0.002646
0.002394
0.001764
0.004283
0.001260
0.001638
0.001197
0.001008
0.003905
0.001071
0.001575
0.004913
0.003653
0.002960
0.002394
0.008629
0.003653
0.001638
0.002771
0.002520
0.001512
0.003779
0.017952
0.002016
0.001701
0.006551
0.005354
0.001512
0.001134
0.004220
0.001890
0.001323
0.001512
0.001638
0.005291
0.001071
0.002457
0.003086
0.006362
0.001575
0.002268
0.005102
0.002520
0.003590
0.002457
0.003590
0.004661
0.002457
0.002708
0.004220
0.003716
0.006614
0.003338
0.006299
0.003086
0.002708
0.003338
0.011968
0.004787
0.002268
0.001386
0.001512
0.001134
0.001575
0.001575
0.003149
0.001953
0.003086
0.001134
0.007811
0.001638
0.001953
0.001575
0.004661
0.001323
0.001323
0.002394
0.007496
0.003212
0.003905
0.003779
0.003527
0.003653
0.001197
0.004850
0.004157
0.008692
0.002205
0.010330
0.004598
0.005039
0.001197
0.001764
0.001638
0.001827
0.001449
0.002646
0.001638
0.001890
0.001260
0.005417
0.001764
0.004724
0.000882
0.003842
0.001827
0.001575
0.002016
0.005165
0.004031
0.002331
0.001260
0.002708
0.005669
0.005354
0.009385
0.002897
0.001953
0.002960
0.002394
0.004724
0.003149
0.003212
0.001134
0.002960
0.000819
0.001575
0.003149
0.000882
0.001701
0.001701
0.005102
0.001764
0.002457
0.001638
0.001764
0.004346
0.002268
0.001890
0.002268
0.002331
0.001638
0.003653
0.001701
0.001890
0.003212
0.003338
