0.154384
0.002771
0.004976
0.005984
0.002142
0.002016
0.004409
0.005669
0.002520
0.001638
0.004976
0.003275
0.001890
0.001449
0.002897
0.006740
0.001953
0.001449
0.002079
0.005291
0.001701
0.001323
0.004283
0.001008
0.003149
0.001575
0.008062
0.005669
0.002205
0.001071
0.006425
0.015558
0.005669
0.002583
0.004787
0.004409
0.002079
0.003527
0.008125
0.001827
0.002646
0.001575
0.005291
0.000945
0.003653
0.001008
0.006488
0.001449
0.002771
0.001890
0.002960
0.001638
0.001638
0.001260
0.002646
0.000693
0.003653
0.003590
0.011905
0.004346
0.006299
0.002583
0.007181
0.002457
0.002646
0.001827
0.004031
0.006299
0.001134
0.006110
0.005606
0.002394
0.001134
0.004409
0.002016
0.003086
0.000756
0.005480
0.001638
0.004913
0.001701
0.001953
0.002142
0.002834
0.000756
0.001827
0.001386
0.001890
0.001764
0.007307
0.003968
0.003905
0.001953
0.005165
0.004220
0.009070
0.004220
0.002897
0.003590
0.004661
0.004094
0.002331
0.002205
0.002960
0.002394
0.002897
0.002708
0.002394
0.004472
0.002079
0.002331
0.001953
0.004409
0.001323
0.001890
0.002142
0.000945
0.003527
0.001638
0.001071
0.005102
0.005228
0.002520
0.002457
0.010330
0.002771
0.002016
0.002708
0.001701
0.001323
0.005480
0.012472
0.002520
0.001764
0.007181
0.005354
0.001953
0.001638
0.003905
0.001638
0.002394
0.001512
0.001386
0.006047
0.001701
0.001512
0.002142
0.004220
0.002394
0.001953
0.004598
0.002205
0.002897
0.002016
0.004094
0.005102
0.003842
0.003275
0.004724
0.006110
0.005606
0.001449
0.004472
0.002771
0.002646
0.002960
0.011968
0.003653
0.002331
0.001071
0.002583
0.001449
0.003023
0.001449
0.003464
0.001764
0.003338
0.000882
0.006614
0.001071
0.002708
0.001449
0.003968
0.001512
0.001323
0.002897
0.008125
0.002394
0.004472
0.003590
0.005039
0.004850
0.001512
0.002708
0.003905
0.005984
0.001953
0.008818
0.003905
0.003905
0.000819
0.001638
0.001827
0.001701
0.001260
0.002834
0.002016
0.002457
0.001512
0.004661
0.002016
0.003023
0.001071
0.003212
0.002016
0.002142
0.001323
0.005417
0.004913
0.002268
0.002646
0.002897
0.005417
0.006677
0.008818
0.002771
0.002457
0.002583
0.003464
0.003716
0.003401
0.002520
0.000945
0.004346
0.001638
0.001512
0.005039
0.001323
0.002142
0.002268
0.004220
0.001260
0.002142
0.002079
0.001764
0.002834
0.001764
0.002646
0.003779
0.002646
0.002457
0.003590
0.005291
0.002583
0.004157
0.003779
