0.175296
0.003086
0.001764
0.002771
0.003086
0.002457
0.001386
0.002331
0.003653
0.003149
0.002394
0.002268
0.003842
0.003275
0.003401
0.004535
0.003149
0.001953
0.001008
0.005102
0.001512
0.001701
0.003968
0.001071
0.003023
0.002079
0.002771
0.003779
0.003464
0.002079
0.007496
0.007685
0.006362
0.004220
0.002079
0.002771
0.001323
0.004409
0.004976
0.000693
0.002960
0.001953
0.002771
0.001386
0.003527
0.002205
0.005921
0.000882
0.001323
0.001827
0.002079
0.002016
0.001953
0.002394
0.001260
0.001134
0.003464
0.004346
0.008251
0.001764
0.006425
0.004157
0.006047
0.001512
0.004472
0.002897
0.002520
0.004157
0.002520
0.007433
0.002520
0.001449
0.001449
0.006173
0.001386
0.002897
0.002079
0.007559
0.001764
0.004472
0.001764
0.003149
0.001890
0.002897
0.001575
0.002771
0.001575
0.001575
0.003023
0.008692
0.001386
0.002205
0.002960
0.005543
0.002897
0.004661
0.005795
0.003842
0.002520
0.004346
0.004283
0.003023
0.002016
0.002771
0.002834
0.003590
0.002079
0.003275
0.005228
0.003086
0.003212
0.003590
0.005984
0.001638
0.001260
0.002205
0.001386
0.005228
0.001197
0.001638
0.007244
0.005291
0.001512
0.002897
0.018015
0.003653
0.001764
0.001953
0.003905
0.002016
0.001575
0.008629
0.002960
0.003527
0.003590
0.002771
0.001386
0.001638
0.002457
0.000945
0.003149
0.001701
0.001008
0.003842
0.003401
0.002897
0.002583
0.006362
0.003275
0.002646
0.003464
0.002583
0.002897
0.002897
0.001134
0.002646
0.004724
0.003653
0.002016
0.001953
0.006866
0.003212
0.002457
0.001953
0.003086
0.004598
0.008188
0.001701
0.001575
0.001575
0.001827
0.001134
0.002079
0.002583
0.002079
0.001134
0.003653
0.002016
0.004724
0.001008
0.002205
0.002205
0.003716
0.000756
0.001575
0.003905
0.004031
0.001323
0.006236
0.004094
0.002079
0.003338
0.003527
0.004661
0.002331
0.005354
0.003275
0.011527
0.002205
0.002583
0.001449
0.001575
0.000945
0.002016
0.002394
0.003464
0.001701
0.001890
0.001890
0.006173
0.001449
0.004913
0.002268
0.005228
0.001008
0.002834
0.002646
0.007874
0.002834
0.001386
0.004661
0.003275
0.002646
0.003527
0.015747
0.004031
0.001260
0.002394
0.004724
0.004661
0.001386
0.003401
0.001197
0.004094
0.001260
0.001953
0.005669
0.001638
0.001386
0.003401
0.007244
0.003023
0.002142
0.003275
0.002646
0.004913
0.001449
0.004157
0.003653
0.003716
0.001449
0.002771
0.006488
0.003338
0.002960
0.004346
