0.195578
0.003464
0.002520
0.003149
0.002771
0.003905
0.002016
0.002079
0.003401
0.002331
0.002142
0.002394
0.002708
0.003779
0.002079
0.004094
0.003023
0.002205
0.001260
0.005102
0.001638
0.001701
0.003653
0.001575
0.002771
0.002331
0.002079
0.004787
0.002897
0.002394
0.005354
0.005795
0.005102
0.003275
0.003590
0.004598
0.001827
0.002834
0.006173
0.003779
0.002708
0.001512
0.001953
0.001953
0.002771
0.001638
0.005417
0.002016
0.001638
0.002016
0.002079
0.004346
0.001449
0.002520
0.001827
0.002646
0.002268
0.004094
0.005669
0.007937
0.004724
0.005165
0.003275
0.004976
0.005165
0.002583
0.003905
0.006740
0.003527
0.005606
0.002834
0.001890
0.001134
0.001890
0.002205
0.002771
0.002331
0.003275
0.001575
0.002646
0.003401
0.001575
0.002520
0.002457
0.001764
0.001512
0.003401
0.002016
0.006299
0.004913
0.004220
0.002834
0.003968
0.003023
0.007748
0.005354
0.003275
0.002079
0.003149
0.005858
0.002205
0.001890
0.002834
0.003779
0.002016
0.002268
0.002394
0.004724
0.005354
0.001701
0.002457
0.003464
0.005102
0.001260
0.001764
0.003653
0.000882
0.003086
0.002079
0.002142
0.003779
0.003338
0.002268
0.002960
0.005984
0.002457
0.001764
0.003527
0.002834
0.002457
0.003149
0.008629
0.003023
0.003212
0.003212
0.003968
0.002016
0.002016
0.002268
0.001449
0.002394
0.002016
0.002142
0.003401
0.002079
0.002646
0.002079
0.006110
0.001386
0.001386
0.004598
0.002646
0.003401
0.001890
0.001701
0.002583
0.005039
0.002142
0.002646
0.003716
0.008125
0.003779
0.003275
0.005165
0.002457
0.002520
0.011212
0.004661
0.001638
0.001323
0.001638
0.001134
0.001638
0.002646
0.002205
0.003023
0.004346
0.002268
0.003275
0.002079
0.001638
0.002268
0.002897
0.003149
0.001953
0.002960
0.004031
0.003653
0.004787
0.004976
0.002520
0.005228
0.002834
0.003842
0.005417
0.009322
0.004220
0.010015
0.002708
0.003401
0.001512
0.001386
0.001260
0.001953
0.002205
0.003149
0.001323
0.002079
0.002268
0.002834
0.002142
0.003905
0.001638
0.003905
0.002331
0.002205
0.003212
0.003401
0.003527
0.002520
0.004913
0.002520
0.006488
0.005102
0.007685
0.002079
0.002897
0.003464
0.003149
0.003464
0.002331
0.003275
0.001323
0.001890
0.002079
0.002771
0.003968
0.001386
0.002331
0.002583
0.004535
0.001890
0.002394
0.002079
0.001638
0.003842
0.002079
0.003905
0.001953
0.001323
0.001764
0.003275
0.002897
0.002960
0.003401
0.003842
