0.174855
0.003716
0.002079
0.006992
0.002708
0.003401
0.002394
0.003401
0.003023
0.002520
0.003212
0.002457
0.003275
0.003590
0.001701
0.006425
0.003275
0.001575
0.001197
0.005165
0.001449
0.002079
0.003149
0.001638
0.002771
0.002646
0.002771
0.005669
0.004031
0.002583
0.002960
0.006551
0.005291
0.004472
0.002834
0.004283
0.001638
0.004409
0.005417
0.002394
0.001071
0.002520
0.001827
0.002708
0.002331
0.001386
0.003275
0.002583
0.001260
0.001701
0.002331
0.003716
0.000693
0.002771
0.001512
0.002457
0.002583
0.004661
0.007370
0.004094
0.005228
0.004850
0.004409
0.004976
0.003149
0.003212
0.003842
0.006929
0.001575
0.005354
0.005543
0.002583
0.002079
0.003464
0.002331
0.002142
0.001638
0.003275
0.001827
0.003716
0.002771
0.001890
0.002268
0.003842
0.002142
0.001890
0.003149
0.001197
0.002897
0.008377
0.006110
0.003149
0.003401
0.002897
0.004787
0.005102
0.003842
0.002331
0.003590
0.006614
0.002079
0.002457
0.002646
0.002897
0.000882
0.004094
0.001449
0.003527
0.005102
0.001386
0.002205
0.004976
0.004094
0.000819
0.001512
0.003527
0.000945
0.003086
0.001701
0.002646
0.004283
0.003212
0.001701
0.003275
0.006488
0.003149
0.002331
0.004472
0.003338
0.002646
0.001890
0.008692
0.002708
0.002520
0.004283
0.004850
0.001575
0.001953
0.002834
0.000945
0.004535
0.002646
0.001260
0.005165
0.002520
0.001890
0.001512
0.007559
0.002394
0.002079
0.005291
0.003212
0.002583
0.002708
0.002079
0.005165
0.004220
0.002708
0.003968
0.004472
0.005291
0.004535
0.003968
0.003527
0.002771
0.004787
0.009196
0.003905
0.001701
0.002268
0.001386
0.002142
0.001449
0.001449
0.003212
0.002583
0.002646
0.001764
0.002205
0.002331
0.001512
0.002205
0.002834
0.002583
0.001953
0.003968
0.003716
0.003968
0.003149
0.004157
0.002897
0.005228
0.002646
0.004283
0.003023
0.007181
0.002771
0.012094
0.004157
0.004535
0.001197
0.001512
0.001827
0.002079
0.001953
0.002708
0.002205
0.002583
0.002142
0.003842
0.002079
0.004409
0.001071
0.003401
0.001953
0.002268
0.002520
0.003653
0.005291
0.003086
0.003527
0.002457
0.005480
0.004472
0.008251
0.002583
0.002268
0.003527
0.003149
0.004220
0.002646
0.004409
0.000945
0.003023
0.001890
0.002646
0.003212
0.001575
0.001449
0.004409
0.005795
0.002583
0.002142
0.003653
0.001764
0.004724
0.001449
0.003086
0.002708
0.002457
0.002646
0.003275
0.002960
0.002771
0.002394
0.005354
