0.158667
0.003968
0.003842
0.005858
0.002394
0.002457
0.002708
0.003716
0.002268
0.002394
0.004031
0.002834
0.001449
0.001764
0.001953
0.005102
0.000945
0.002268
0.001575
0.005291
0.001197
0.001449
0.002646
0.001260
0.002897
0.002394
0.005606
0.006236
0.002331
0.002583
0.011527
0.015054
0.004913
0.005606
0.003653
0.003653
0.001701
0.003653
0.005606
0.002708
0.002079
0.001953
0.003023
0.001386
0.003212
0.001512
0.004724
0.001197
0.001701
0.001638
0.002331
0.001827
0.001008
0.001260
0.001134
0.001197
0.003212
0.004283
0.008629
0.004472
0.005480
0.003212
0.009700
0.003779
0.003842
0.004976
0.005102
0.006173
0.001890
0.007496
0.002079
0.002079
0.001071
0.004661
0.002079
0.002960
0.001638
0.007118
0.001890
0.003905
0.001008
0.003086
0.001701
0.001764
0.001323
0.001827
0.001008
0.002016
0.002708
0.011086
0.003653
0.004724
0.002583
0.007181
0.005165
0.007874
0.003590
0.003212
0.003590
0.004409
0.003968
0.003149
0.002079
0.003968
0.001953
0.003527
0.001260
0.002268
0.004220
0.001764
0.001827
0.002331
0.003023
0.000882
0.001386
0.001890
0.000819
0.004472
0.001386
0.001386
0.005480
0.005165
0.001764
0.003401
0.012283
0.004724
0.001071
0.003653
0.002079
0.001764
0.004787
0.012850
0.002834
0.002771
0.004220
0.004976
0.000882
0.001953
0.003779
0.001575
0.001638
0.002457
0.001197
0.005354
0.001512
0.001764
0.001575
0.004157
0.002016
0.002205
0.003338
0.002205
0.003212
0.002394
0.003338
0.004031
0.003149
0.003401
0.002897
0.005795
0.005858
0.003905
0.006362
0.003653
0.003023
0.002583
0.009259
0.003086
0.001197
0.000945
0.002079
0.001134
0.001575
0.002079
0.001575
0.002079
0.002331
0.002016
0.003842
0.000882
0.002142
0.001575
0.002016
0.001701
0.001827
0.003716
0.005984
0.001953
0.004913
0.005606
0.003527
0.004472
0.002394
0.005984
0.003590
0.005858
0.002205
0.011653
0.002960
0.003779
0.001260
0.002016
0.001512
0.001575
0.001008
0.003023
0.001953
0.002646
0.000882
0.005291
0.001197
0.003275
0.000756
0.003590
0.001512
0.003149
0.001953
0.007999
0.003338
0.001827
0.003275
0.004913
0.004346
0.005543
0.010771
0.003527
0.001575
0.003653
0.003779
0.004661
0.002268
0.003023
0.001449
0.005165
0.000819
0.001323
0.003590
0.002205
0.000882
0.002331
0.003842
0.002142
0.001575
0.001575
0.001764
0.003023
0.001701
0.002708
0.003653
0.002897
0.001764
0.003905
0.005858
0.003338
0.002834
0.005480
