0.168997
0.003464
0.003212
0.003968
0.002205
0.003149
0.003275
0.003338
0.003149
0.002646
0.004031
0.002142
0.002205
0.002583
0.003023
0.004283
0.002520
0.001701
0.001323
0.005291
0.000882
0.002142
0.004283
0.001071
0.003149
0.002708
0.005039
0.005606
0.002708
0.002205
0.007622
0.007307
0.005921
0.004346
0.004409
0.003464
0.001638
0.003149
0.006866
0.001638
0.003338
0.001449
0.006236
0.001197
0.002457
0.001323
0.006677
0.001197
0.002394
0.001008
0.002897
0.002897
0.001323
0.002142
0.001953
0.001890
0.003275
0.004157
0.008566
0.003779
0.006110
0.003275
0.007370
0.003590
0.002771
0.003527
0.003590
0.006236
0.001638
0.007244
0.003023
0.001827
0.001764
0.005417
0.002331
0.001953
0.001197
0.006740
0.001953
0.002771
0.001008
0.002771
0.002646
0.002897
0.000756
0.002457
0.002708
0.001890
0.002771
0.009133
0.004346
0.003023
0.002142
0.005858
0.005228
0.006740
0.003464
0.002394
0.003842
0.004535
0.002520
0.003149
0.002583
0.003716
0.002142
0.003464
0.002079
0.002834
0.004913
0.002142
0.002016
0.002897
0.004220
0.001575
0.001638
0.002016
0.001008
0.003464
0.001512
0.001197
0.004598
0.003905
0.002457
0.002583
0.007244
0.003212
0.002708
0.003086
0.003275
0.002016
0.005417
0.011401
0.002583
0.003338
0.005795
0.004472
0.001197
0.001764
0.003905
0.001827
0.002205
0.001953
0.000945
0.004913
0.002331
0.001638
0.002079
0.005480
0.002457
0.002142
0.004976
0.002079
0.002394
0.002457
0.002583
0.003212
0.003527
0.003464
0.003338
0.003653
0.005795
0.002331
0.004661
0.002960
0.002771
0.003023
0.011464
0.003653
0.001953
0.001008
0.001827
0.001134
0.001827
0.002079
0.003968
0.001008
0.003779
0.001827
0.005543
0.001953
0.001575
0.002268
0.004976
0.001701
0.001953
0.003464
0.005417
0.002771
0.005039
0.003149
0.004094
0.003653
0.002142
0.005228
0.003905
0.008503
0.002142
0.011338
0.004535
0.003842
0.001008
0.001701
0.001764
0.001764
0.001197
0.003590
0.001890
0.001638
0.000819
0.005291
0.002331
0.003275
0.001008
0.005606
0.002205
0.001827
0.001449
0.005984
0.003716
0.001386
0.003149
0.003338
0.003968
0.004787
0.007811
0.003464
0.002205
0.003023
0.003275
0.004598
0.003023
0.002394
0.001134
0.003275
0.001386
0.001575
0.003086
0.001764
0.002331
0.002960
0.005039
0.001953
0.002520
0.002394
0.001386
0.004535
0.002897
0.002331
0.002897
0.002268
0.002646
0.002960
0.004157
0.003023
0.003212
0.004094
