0.153817
0.002960
0.002205
0.006110
0.003086
0.003527
0.003653
0.004220
0.002583
0.002079
0.004031
0.001764
0.002079
0.001071
0.001449
0.005543
0.002960
0.001071
0.001638
0.006929
0.001134
0.002079
0.003905
0.001197
0.002583
0.002834
0.006299
0.005921
0.003023
0.001953
0.010582
0.013668
0.005102
0.003275
0.002960
0.004598
0.002079
0.004220
0.006803
0.001890
0.002205
0.002205
0.003401
0.001890
0.002457
0.001197
0.003527
0.002331
0.002079
0.001701
0.002457
0.002646
0.001071
0.001764
0.001890
0.001701
0.002457
0.003905
0.008881
0.003464
0.004283
0.002646
0.008125
0.002897
0.003716
0.002834
0.004409
0.007937
0.001701
0.006362
0.005165
0.002771
0.001197
0.002520
0.001827
0.002079
0.001575
0.004598
0.001323
0.004346
0.002142
0.002897
0.002079
0.002394
0.001575
0.001449
0.001512
0.001575
0.002520
0.008503
0.005417
0.003401
0.002646
0.004346
0.002520
0.006299
0.005543
0.001764
0.003212
0.007370
0.003653
0.002079
0.003149
0.003275
0.001701
0.003275
0.002142
0.003527
0.003905
0.001827
0.001890
0.002897
0.005291
0.001008
0.001260
0.004094
0.001197
0.003275
0.002079
0.001260
0.005102
0.003401
0.003149
0.004472
0.016881
0.002142
0.002079
0.004724
0.002771
0.001827
0.002583
0.013542
0.003149
0.002142
0.003779
0.006236
0.000945
0.002016
0.003590
0.001764
0.003212
0.001386
0.001008
0.006425
0.002079
0.001512
0.001764
0.006551
0.002394
0.001764
0.003968
0.002646
0.003275
0.002897
0.004598
0.003527
0.005606
0.002960
0.002897
0.006992
0.004346
0.002142
0.003212
0.002646
0.002771
0.003149
0.011212
0.003149
0.001512
0.002079
0.001953
0.001449
0.002079
0.001953
0.001953
0.003086
0.001953
0.001071
0.002897
0.001575
0.002394
0.001827
0.002708
0.001827
0.001890
0.004031
0.006677
0.002205
0.004409
0.003653
0.003716
0.004283
0.002583
0.003716
0.002834
0.005228
0.001890
0.010519
0.004724
0.002771
0.001260
0.001764
0.001386
0.002834
0.002457
0.001953
0.001890
0.002646
0.001890
0.003149
0.001197
0.003653
0.001449
0.002583
0.002960
0.002268
0.001512
0.004850
0.004409
0.002960
0.003653
0.003338
0.003338
0.007370
0.011905
0.002079
0.001827
0.003716
0.003527
0.003905
0.003338
0.004157
0.000819
0.002771
0.002457
0.001638
0.004913
0.000945
0.001701
0.003023
0.004724
0.001512
0.002079
0.002834
0.001701
0.003401
0.002520
0.002331
0.003401
0.002520
0.002708
0.003590
0.004535
0.002016
0.003212
0.007244
