0.158163
0.002708
0.004409
0.006929
0.003401
0.002520
0.005165
0.004472
0.002394
0.001638
0.004472
0.002394
0.002394
0.001260
0.002583
0.007307
0.002142
0.001638
0.002142
0.005606
0.001197
0.001512
0.004283
0.001764
0.003086
0.001323
0.005984
0.005984
0.002897
0.001197
0.006299
0.012220
0.005858
0.001638
0.004409
0.004661
0.002708
0.002960
0.007307
0.002205
0.002583
0.001449
0.006362
0.001386
0.003968
0.001260
0.005228
0.001449
0.002268
0.001134
0.003023
0.002268
0.002016
0.001323
0.003086
0.000819
0.003212
0.004157
0.010519
0.003212
0.007118
0.002142
0.007181
0.001890
0.003275
0.002960
0.005228
0.005480
0.001449
0.005354
0.004094
0.002394
0.001323
0.004031
0.002142
0.002205
0.000819
0.004346
0.001953
0.005480
0.001449
0.002583
0.002520
0.002834
0.001197
0.001890
0.002142
0.001575
0.002583
0.009133
0.004472
0.003968
0.001827
0.005795
0.003905
0.006425
0.005102
0.002960
0.003212
0.004409
0.002834
0.002834
0.002520
0.002708
0.002331
0.003842
0.002394
0.002394
0.005984
0.002331
0.003338
0.001890
0.004409
0.001071
0.001827
0.003275
0.001134
0.002960
0.001953
0.000756
0.004850
0.004346
0.002960
0.003086
0.010141
0.002268
0.002520
0.003086
0.003086
0.001512
0.003653
0.011212
0.002520
0.001197
0.006299
0.005354
0.001764
0.001323
0.003842
0.001260
0.002268
0.001701
0.001890
0.006236
0.002079
0.001260
0.003149
0.005039
0.002583
0.001449
0.004283
0.002834
0.003023
0.001449
0.004976
0.004283
0.003716
0.003023
0.004535
0.006173
0.005480
0.001953
0.005228
0.002834
0.003086
0.003023
0.011338
0.003464
0.002205
0.000882
0.003023
0.001197
0.002457
0.001449
0.003086
0.001638
0.003716
0.001260
0.004913
0.001386
0.002268
0.001890
0.004598
0.001449
0.002771
0.003464
0.007685
0.002771
0.005417
0.003590
0.004976
0.004598
0.001827
0.002646
0.003338
0.005039
0.002079
0.008566
0.004094
0.003086
0.000882
0.001512
0.001764
0.002520
0.001260
0.002960
0.001638
0.002708
0.001386
0.004157
0.001827
0.004157
0.001449
0.003401
0.001512
0.002079
0.001512
0.005291
0.004787
0.002268
0.003653
0.002457
0.005858
0.006488
0.008944
0.001827
0.001701
0.002708
0.003968
0.003590
0.003275
0.002583
0.001134
0.002960
0.002268
0.001449
0.003905
0.001197
0.001953
0.002268
0.005039
0.001323
0.003086
0.001890
0.002268
0.002897
0.001953
0.002331
0.003653
0.002394
0.002834
0.003149
0.004598
0.002834
0.002897
0.004031
