0.147140
0.003212
0.002708
0.004787
0.003527
0.001953
0.002583
0.003338
0.003527
0.001890
0.004220
0.002960
0.002331
0.002834
0.002331
0.005669
0.002771
0.001575
0.001701
0.005291
0.001071
0.001953
0.003653
0.001512
0.002646
0.001764
0.005039
0.004157
0.003527
0.002897
0.005858
0.011905
0.004661
0.003653
0.004031
0.003968
0.001890
0.004157
0.005732
0.002268
0.002646
0.002016
0.004409
0.001323
0.003968
0.002205
0.004724
0.001890
0.002079
0.001890
0.002457
0.002457
0.002142
0.001701
0.001764
0.001512
0.002331
0.003338
0.010834
0.003527
0.005984
0.003527
0.007748
0.003464
0.003716
0.003023
0.004661
0.005165
0.002268
0.005606
0.003842
0.002583
0.001512
0.004157
0.001953
0.003086
0.001764
0.004472
0.002016
0.003716
0.002646
0.002583
0.002079
0.001638
0.001260
0.001386
0.002771
0.002268
0.003527
0.009259
0.004220
0.002583
0.003527
0.007496
0.004976
0.010330
0.005165
0.002708
0.003338
0.004724
0.002646
0.002394
0.002457
0.003212
0.002268
0.003716
0.002583
0.002960
0.004283
0.002583
0.002331
0.002708
0.004535
0.001953
0.001890
0.002583
0.001197
0.003275
0.001890
0.001764
0.005165
0.005102
0.002205
0.003338
0.009511
0.003338
0.001575
0.002331
0.004031
0.002205
0.004157
0.010141
0.002583
0.002205
0.004598
0.004661
0.001512
0.001386
0.003968
0.001638
0.002771
0.002646
0.001701
0.005039
0.002079
0.002142
0.002331
0.005543
0.002897
0.001764
0.003149
0.002897
0.003086
0.002457
0.003023
0.004157
0.005543
0.003275
0.002583
0.004220
0.005228
0.003401
0.003968
0.003023
0.002331
0.003023
0.008944
0.004283
0.001638
0.001827
0.002142
0.001512
0.002331
0.002079
0.002771
0.002583
0.003149
0.001638
0.004535
0.002583
0.001701
0.001638
0.002960
0.001890
0.001575
0.003023
0.006740
0.002520
0.005417
0.004598
0.004220
0.004220
0.002583
0.003905
0.003590
0.006992
0.003023
0.008818
0.004283
0.003779
0.000945
0.001890
0.001638
0.001764
0.002079
0.002834
0.001512
0.002016
0.001575
0.005354
0.002142
0.002771
0.001953
0.002960
0.001890
0.002268
0.002897
0.005417
0.004472
0.001260
0.003968
0.003653
0.005732
0.005669
0.009196
0.003149
0.002771
0.002583
0.004094
0.003590
0.002331
0.004220
0.000945
0.003842
0.002142
0.002457
0.005165
0.001197
0.002079
0.002771
0.004535
0.003338
0.002268
0.002897
0.001890
0.003149
0.001512
0.003275
0.003212
0.002960
0.002268
0.003086
0.004535
0.003779
0.003590
0.005228
