0.195389
0.002897
0.003716
0.005165
0.003023
0.002583
0.002771
0.002646
0.003212
0.001512
0.003086
0.001134
0.001764
0.001953
0.004031
0.005417
0.001575
0.001197
0.001260
0.004094
0.001197
0.001512
0.005102
0.000945
0.003401
0.001701
0.005669
0.004976
0.002646
0.001827
0.009133
0.009007
0.006551
0.004346
0.003779
0.003590
0.001575
0.003212
0.007244
0.002834
0.001323
0.001449
0.004283
0.001260
0.003212
0.001386
0.006425
0.001449
0.001323
0.001827
0.002394
0.002520
0.001134
0.003149
0.002142
0.001638
0.003086
0.003779
0.010141
0.004787
0.007055
0.003905
0.008944
0.003149
0.002960
0.003212
0.005165
0.005606
0.002646
0.006425
0.004220
0.001827
0.001260
0.003716
0.001953
0.001764
0.000756
0.005039
0.001827
0.003149
0.001701
0.001386
0.002016
0.001260
0.000756
0.001827
0.003212
0.001323
0.003779
0.008440
0.004346
0.002960
0.002646
0.003401
0.005543
0.005102
0.002457
0.001575
0.004346
0.003464
0.002268
0.001827
0.002708
0.003086
0.001638
0.003527
0.002079
0.002142
0.004661
0.001386
0.002016
0.001449
0.004409
0.000630
0.001638
0.000945
0.001134
0.003023
0.001260
0.001386
0.005291
0.003338
0.002771
0.003590
0.020723
0.002205
0.002646
0.002583
0.002646
0.001827
0.005102
0.011464
0.001764
0.002520
0.006551
0.003464
0.001008
0.001512
0.004220
0.000819
0.001701
0.001323
0.001386
0.003968
0.001386
0.002583
0.001701
0.005165
0.001827
0.001323
0.004598
0.001323
0.003086
0.003212
0.002142
0.003338
0.004661
0.002520
0.002960
0.002897
0.006677
0.002394
0.004661
0.002646
0.002583
0.003527
0.012976
0.003212
0.001827
0.002142
0.001134
0.000945
0.001575
0.001512
0.003338
0.001701
0.002771
0.001008
0.005165
0.001512
0.001764
0.001827
0.004724
0.001134
0.001890
0.002646
0.006740
0.002646
0.004346
0.004661
0.004157
0.004472
0.002583
0.003464
0.005480
0.006110
0.003527
0.010960
0.004976
0.003968
0.000882
0.001134
0.001575
0.001764
0.002331
0.002457
0.001260
0.001134
0.001386
0.003968
0.001323
0.003527
0.000819
0.004157
0.002394
0.001764
0.002394
0.005480
0.004472
0.002142
0.003149
0.003464
0.004850
0.005354
0.011212
0.001827
0.002394
0.003023
0.003338
0.003590
0.002646
0.002331
0.000756
0.002834
0.001323
0.001008
0.003464
0.000693
0.001953
0.001260
0.004031
0.001071
0.001827
0.001260
0.002142
0.004031
0.002016
0.002583
0.003023
0.001764
0.002583
0.002520
0.003653
0.002016
0.004031
0.003401
