0.173784
0.002897
0.003968
0.006551
0.001827
0.002079
0.003653
0.004598
0.002583
0.001323
0.004598
0.003212
0.000945
0.001701
0.001890
0.007370
0.001449
0.001764
0.001764
0.006236
0.001071
0.001260
0.004976
0.001575
0.002016
0.001827
0.004913
0.007307
0.002268
0.001890
0.008629
0.012220
0.005669
0.005732
0.003149
0.004283
0.001386
0.003086
0.007118
0.001638
0.002520
0.001260
0.004283
0.001449
0.002520
0.001449
0.005921
0.001827
0.000819
0.001386
0.003338
0.001764
0.000945
0.001071
0.002331
0.001008
0.003212
0.003086
0.010645
0.003338
0.007307
0.003212
0.014046
0.002520
0.004031
0.003779
0.003149
0.006110
0.001953
0.007937
0.002897
0.002205
0.000882
0.004409
0.001827
0.002897
0.001071
0.005417
0.001449
0.003716
0.001386
0.002331
0.001827
0.002205
0.000819
0.001449
0.002079
0.002331
0.002960
0.008188
0.004535
0.003842
0.001071
0.005228
0.003590
0.006740
0.003527
0.003086
0.002834
0.005291
0.003527
0.002771
0.002331
0.002771
0.001449
0.003275
0.001260
0.002646
0.003527
0.001701
0.001890
0.001575
0.004094
0.001260
0.001071
0.002708
0.000567
0.004472
0.000882
0.001512
0.006362
0.003905
0.001890
0.003149
0.016377
0.003653
0.001764
0.003779
0.002016
0.002960
0.003842
0.015243
0.001701
0.001890
0.005165
0.006047
0.000819
0.000819
0.004283
0.001764
0.001260
0.001449
0.001386
0.005732
0.000945
0.001008
0.002331
0.004913
0.002205
0.001386
0.004535
0.002394
0.003023
0.001701
0.003023
0.005165
0.003149
0.003023
0.003464
0.006173
0.004031
0.002394
0.003905
0.002646
0.002834
0.003842
0.009574
0.003275
0.001386
0.000945
0.001638
0.001449
0.001386
0.001575
0.002583
0.001638
0.001764
0.001386
0.005858
0.001386
0.002142
0.001449
0.004661
0.001386
0.000945
0.003338
0.006614
0.002142
0.004535
0.005480
0.004661
0.004472
0.001827
0.004283
0.002771
0.006299
0.002583
0.010960
0.004094
0.003464
0.001260
0.001260
0.001323
0.002708
0.001575
0.002834
0.002142
0.002205
0.000819
0.004535
0.001008
0.003968
0.000567
0.002960
0.002331
0.002142
0.002394
0.006299
0.003086
0.002897
0.003968
0.004220
0.004598
0.006236
0.012850
0.002583
0.001323
0.003842
0.002331
0.004913
0.001701
0.003212
0.000945
0.004598
0.001323
0.001386
0.003338
0.001134
0.001449
0.002457
0.003212
0.001323
0.001575
0.001890
0.001197
0.002960
0.001701
0.002583
0.003905
0.001827
0.001449
0.003905
0.003779
0.003464
0.002897
0.004535
