0.173847
0.002960
0.003779
0.005228
0.002960
0.002016
0.003653
0.003275
0.003086
0.001386
0.004094
0.002331
0.003086
0.001008
0.002583
0.004976
0.003212
0.000945
0.001953
0.003905
0.001449
0.001512
0.003842
0.001575
0.002331
0.003023
0.005921
0.004031
0.002834
0.002394
0.004535
0.008062
0.005165
0.003275
0.004787
0.003968
0.002268
0.004661
0.005921
0.002331
0.002646
0.001701
0.005543
0.002457
0.003653
0.001575
0.004283
0.002016
0.002834
0.001449
0.003338
0.003653
0.001575
0.001890
0.002457
0.002268
0.003779
0.005354
0.009826
0.005165
0.006299
0.005039
0.006047
0.004598
0.003779
0.002394
0.004787
0.005165
0.002205
0.004346
0.006803
0.002708
0.001512
0.003212
0.003149
0.001512
0.002079
0.002646
0.002331
0.002583
0.002142
0.001008
0.002708
0.001827
0.001134
0.001197
0.002583
0.001323
0.003905
0.007055
0.007244
0.003905
0.004157
0.003338
0.007181
0.006425
0.003401
0.001575
0.004031
0.003590
0.002520
0.002331
0.003023
0.002771
0.001890
0.003275
0.001890
0.002331
0.004409
0.001197
0.002834
0.002016
0.003149
0.000819
0.001134
0.003275
0.000882
0.002583
0.002520
0.001638
0.003968
0.003338
0.002520
0.002394
0.005795
0.001827
0.002205
0.002897
0.003149
0.002205
0.004346
0.009889
0.002457
0.002457
0.006992
0.004913
0.001953
0.001827
0.003023
0.001197
0.003653
0.001323
0.002079
0.003779
0.002708
0.000819
0.002520
0.004787
0.002394
0.001575
0.004661
0.002583
0.002331
0.002079
0.003527
0.003401
0.003464
0.002834
0.004157
0.005228
0.006236
0.003527
0.005984
0.005669
0.003653
0.004724
0.012472
0.003212
0.001701
0.001449
0.002394
0.001575
0.002016
0.001953
0.003212
0.002583
0.002897
0.001953
0.003905
0.002834
0.001449
0.001449
0.004157
0.001701
0.002646
0.005228
0.005984
0.003086
0.003842
0.002708
0.005102
0.005291
0.003464
0.003653
0.005039
0.007433
0.002897
0.008566
0.006677
0.002834
0.001260
0.001323
0.002708
0.002079
0.002205
0.002771
0.002016
0.002079
0.001890
0.002016
0.003149
0.002394
0.001197
0.002520
0.002457
0.001512
0.002142
0.003527
0.005165
0.002205
0.004409
0.003212
0.005039
0.004787
0.006173
0.002142
0.003275
0.003464
0.002834
0.002897
0.004031
0.003716
0.001008
0.002016
0.002708
0.001386
0.002960
0.000441
0.002394
0.003464
0.005102
0.001071
0.002457
0.002646
0.001197
0.003212
0.002331
0.002646
0.002520
0.001890
0.003338
0.002457
0.002394
0.002079
0.003905
0.004346
