0.168430
0.002331
0.001890
0.005543
0.003212
0.002268
0.002520
0.003527
0.003968
0.002331
0.002960
0.003590
0.003149
0.003464
0.002016
0.006236
0.002142
0.000882
0.000693
0.007811
0.001134
0.001323
0.004346
0.001701
0.002708
0.002016
0.004220
0.007307
0.002960
0.001575
0.005228
0.009007
0.007433
0.003338
0.002142
0.003464
0.002646
0.002583
0.005228
0.002331
0.003023
0.002268
0.003023
0.001197
0.004409
0.001890
0.003968
0.002142
0.002142
0.002016
0.001449
0.002016
0.001512
0.001764
0.001890
0.001764
0.004094
0.003275
0.006236
0.004283
0.006110
0.003716
0.005291
0.003464
0.003086
0.002708
0.003023
0.006803
0.002268
0.005417
0.003275
0.001764
0.001386
0.004094
0.001512
0.004472
0.001512
0.005606
0.002016
0.005291
0.001512
0.002016
0.002016
0.002771
0.001764
0.001260
0.002268
0.002142
0.003086
0.006299
0.004661
0.003590
0.002583
0.004724
0.003716
0.007055
0.005606
0.001827
0.002142
0.004157
0.003716
0.002457
0.002897
0.003590
0.002394
0.002960
0.002520
0.003086
0.006614
0.001764
0.002583
0.002646
0.005543
0.001134
0.002016
0.002268
0.001449
0.003590
0.001953
0.001260
0.007307
0.003023
0.001701
0.003023
0.012535
0.003149
0.002897
0.003590
0.003464
0.001134
0.002834
0.013165
0.003149
0.002708
0.005858
0.005984
0.002079
0.001386
0.002457
0.001701
0.002016
0.001764
0.001071
0.004787
0.002079
0.001890
0.002834
0.006236
0.001827
0.001197
0.005669
0.002834
0.003023
0.001764
0.002079
0.004724
0.003653
0.002708
0.002394
0.004913
0.007244
0.002520
0.003149
0.003275
0.004535
0.003023
0.009007
0.004535
0.002646
0.000756
0.001701
0.001512
0.001953
0.001701
0.001764
0.001512
0.004220
0.001386
0.003653
0.001827
0.002520
0.001890
0.004598
0.001638
0.003149
0.002834
0.004220
0.002394
0.004787
0.003527
0.001386
0.003590
0.002708
0.003212
0.003779
0.008818
0.003905
0.008251
0.004283
0.003716
0.002079
0.001638
0.002016
0.003023
0.001512
0.002897
0.001449
0.002520
0.001449
0.004409
0.002394
0.004724
0.001638
0.003338
0.002394
0.002583
0.002708
0.004283
0.002708
0.002142
0.002394
0.002897
0.002708
0.005921
0.012157
0.002016
0.002268
0.002960
0.004472
0.003590
0.002520
0.003653
0.002583
0.001827
0.001827
0.001701
0.004094
0.001386
0.001890
0.002331
0.007433
0.002142
0.002394
0.003338
0.002331
0.003779
0.001953
0.002834
0.003590
0.002016
0.002583
0.003842
0.005606
0.002771
0.002079
0.004031
