0.170950
0.002142
0.005291
0.005102
0.002897
0.002457
0.003842
0.004535
0.002771
0.001827
0.004787
0.003086
0.002205
0.001764
0.003212
0.006488
0.001575
0.001260
0.002079
0.005165
0.001008
0.001260
0.004850
0.001764
0.002646
0.002268
0.006236
0.005480
0.002142
0.001575
0.007118
0.014046
0.003779
0.005417
0.004472
0.003905
0.001827
0.002016
0.007055
0.003464
0.001827
0.002205
0.003842
0.001638
0.003023
0.001449
0.005858
0.001764
0.001890
0.001764
0.003212
0.001764
0.002016
0.001575
0.001953
0.001764
0.002583
0.002520
0.009259
0.003149
0.005291
0.002771
0.012283
0.004157
0.002771
0.003149
0.006173
0.006047
0.001701
0.005165
0.004094
0.002583
0.001260
0.004220
0.001953
0.002520
0.001008
0.005480
0.002646
0.004409
0.001386
0.002331
0.002520
0.002016
0.000945
0.001260
0.001953
0.001575
0.002142
0.007874
0.006299
0.003464
0.000882
0.006173
0.004031
0.005291
0.004094
0.001764
0.003338
0.004346
0.002897
0.001260
0.001890
0.002268
0.001827
0.003464
0.002394
0.003590
0.004724
0.001953
0.002960
0.001953
0.004598
0.001260
0.001827
0.002583
0.001008
0.003590
0.001638
0.001386
0.005480
0.002520
0.003338
0.002583
0.009385
0.002646
0.002771
0.003023
0.002960
0.001260
0.005291
0.013291
0.002897
0.002142
0.005669
0.005291
0.001512
0.001386
0.004346
0.001512
0.002079
0.002205
0.001449
0.004850
0.001512
0.001575
0.002583
0.005039
0.002331
0.001890
0.004157
0.003086
0.003905
0.002394
0.003464
0.005291
0.004157
0.003023
0.005354
0.005543
0.004283
0.001953
0.005417
0.003968
0.002079
0.002834
0.011338
0.003275
0.001890
0.000945
0.002457
0.002268
0.002457
0.001449
0.003275
0.001638
0.002771
0.000819
0.004031
0.001827
0.002142
0.001764
0.004220
0.001008
0.001575
0.003905
0.007370
0.002834
0.003779
0.003716
0.004283
0.004157
0.001260
0.002520
0.004220
0.005102
0.001638
0.009196
0.004535
0.003779
0.001008
0.001449
0.001323
0.001638
0.001890
0.002708
0.002771
0.001764
0.001764
0.004724
0.001512
0.003401
0.000819
0.003401
0.002960
0.002520
0.001134
0.005795
0.004913
0.002016
0.003401
0.002708
0.005039
0.006677
0.009070
0.001953
0.002331
0.003401
0.003464
0.002897
0.003464
0.003086
0.000567
0.003275
0.002205
0.001827
0.003779
0.000819
0.002457
0.001953
0.003968
0.001638
0.001701
0.002771
0.001827
0.002079
0.002016
0.002583
0.003086
0.001386
0.002583
0.003842
0.004535
0.003023
0.002897
0.003779
