0.140464
0.002897
0.006425
0.006425
0.002016
0.001638
0.004598
0.005858
0.002520
0.001323
0.005165
0.002520
0.001449
0.001449
0.003527
0.005921
0.001638
0.000882
0.002583
0.006299
0.000819
0.002205
0.005480
0.000819
0.002016
0.001260
0.008125
0.005921
0.002268
0.001449
0.008629
0.017070
0.004472
0.002583
0.005417
0.005165
0.000945
0.002646
0.008062
0.002394
0.001638
0.001638
0.006740
0.001386
0.002142
0.001260
0.006047
0.001638
0.001701
0.001386
0.003968
0.001575
0.001134
0.001134
0.003086
0.002079
0.002205
0.002331
0.011842
0.003212
0.005795
0.002142
0.010393
0.002960
0.002646
0.002520
0.007748
0.005921
0.001071
0.004850
0.004850
0.001827
0.001008
0.004598
0.002016
0.002771
0.001071
0.004409
0.002205
0.005165
0.001512
0.001575
0.001953
0.002646
0.000819
0.002205
0.002331
0.001953
0.002394
0.006992
0.005795
0.004724
0.001827
0.006740
0.004913
0.006236
0.002708
0.002331
0.004157
0.005228
0.002268
0.001323
0.003212
0.003527
0.001386
0.003212
0.002834
0.003149
0.005039
0.001953
0.002583
0.001512
0.003716
0.001008
0.002016
0.002457
0.000630
0.004409
0.002583
0.000882
0.004220
0.003716
0.002771
0.003968
0.010960
0.002142
0.002834
0.003149
0.002520
0.001323
0.005543
0.012850
0.002331
0.001701
0.008629
0.004850
0.000945
0.001008
0.005606
0.001008
0.002142
0.001386
0.001827
0.005417
0.002079
0.001953
0.003779
0.005165
0.002016
0.001449
0.006047
0.001764
0.002142
0.001386
0.005165
0.005669
0.004094
0.002834
0.006992
0.007244
0.004346
0.001827
0.006992
0.003401
0.001764
0.002771
0.013353
0.004094
0.001197
0.001323
0.002834
0.001575
0.001197
0.001071
0.003905
0.001575
0.002834
0.001386
0.004283
0.001260
0.001512
0.001764
0.006047
0.000945
0.001008
0.002897
0.008881
0.002646
0.003905
0.003716
0.005480
0.006173
0.000945
0.002771
0.005039
0.006677
0.001890
0.007999
0.005480
0.003653
0.000882
0.001701
0.002016
0.002016
0.001323
0.002268
0.002394
0.002268
0.001512
0.003905
0.002079
0.003968
0.000756
0.003212
0.002394
0.002268
0.001386
0.004031
0.005543
0.002394
0.003464
0.003338
0.007433
0.006236
0.008755
0.002394
0.003212
0.002897
0.002646
0.003149
0.003212
0.002079
0.000882
0.002708
0.002583
0.001008
0.003212
0.001134
0.001827
0.002960
0.003023
0.001701
0.002016
0.002331
0.001449
0.003086
0.002268
0.001890
0.001701
0.001512
0.002268
0.003401
0.004409
0.003023
0.005102
0.006173
