0.155833
0.003086
0.004913
0.006803
0.003527
0.001827
0.004535
0.005291
0.002268
0.001512
0.004724
0.002079
0.002331
0.001764
0.003338
0.006047
0.002268
0.001323
0.001890
0.005606
0.001827
0.001575
0.004220
0.001071
0.002142
0.001764
0.007433
0.006236
0.002079
0.001764
0.004913
0.015747
0.005354
0.002708
0.005165
0.004031
0.001890
0.003716
0.006866
0.002142
0.002960
0.001638
0.005165
0.001764
0.004220
0.001575
0.005921
0.001197
0.002268
0.001638
0.003401
0.001827
0.001386
0.001323
0.002646
0.001575
0.002834
0.003464
0.010141
0.002960
0.006425
0.002331
0.006173
0.002583
0.002960
0.002646
0.005039
0.006173
0.001449
0.005606
0.004472
0.002834
0.001197
0.004976
0.001827
0.002771
0.000882
0.004220
0.002205
0.004661
0.001701
0.002520
0.002079
0.002457
0.000504
0.002394
0.001827
0.001953
0.001890
0.007496
0.005606
0.004598
0.002142
0.004283
0.003968
0.007118
0.004724
0.002457
0.004157
0.004283
0.003527
0.002834
0.002897
0.003023
0.002205
0.002897
0.001890
0.002960
0.004094
0.001386
0.002520
0.001197
0.003968
0.001260
0.001638
0.002897
0.000882
0.003086
0.002079
0.000882
0.006110
0.004031
0.003464
0.002646
0.009448
0.002960
0.002016
0.003527
0.003464
0.001134
0.004157
0.011968
0.002834
0.001701
0.006236
0.005291
0.001386
0.001764
0.003842
0.001638
0.003275
0.001260
0.001764
0.004913
0.001953
0.002016
0.002771
0.004787
0.002016
0.001701
0.003653
0.002960
0.002646
0.002079
0.004850
0.004598
0.003905
0.002583
0.004850
0.006551
0.004976
0.002268
0.004850
0.002583
0.002205
0.003338
0.010834
0.003527
0.001512
0.001575
0.003338
0.001197
0.002583
0.001953
0.003653
0.002708
0.003401
0.001008
0.005291
0.001260
0.002079
0.000945
0.004724
0.001197
0.002268
0.003464
0.007622
0.002583
0.005480
0.004724
0.004472
0.005039
0.001575
0.003149
0.003653
0.006488
0.002205
0.007999
0.004220
0.003527
0.001323
0.001386
0.001449
0.002268
0.001071
0.002079
0.002079
0.003338
0.001323
0.003653
0.001827
0.002897
0.000567
0.003086
0.002834
0.001701
0.001323
0.005543
0.005669
0.002960
0.002960
0.003023
0.004913
0.007685
0.009259
0.002205
0.001575
0.003086
0.003653
0.003653
0.003527
0.002708
0.001134
0.002708
0.002016
0.001197
0.004157
0.001386
0.002205
0.001827
0.004031
0.001575
0.002142
0.002268
0.002457
0.002646
0.002834
0.002520
0.003275
0.002960
0.002834
0.004094
0.004661
0.002520
0.003779
0.004724
