0.171643
0.002834
0.003023
0.003590
0.003464
0.002142
0.003464
0.004409
0.003716
0.000945
0.004220
0.002897
0.001701
0.003086
0.002520
0.005102
0.002834
0.000945
0.001638
0.006677
0.001260
0.001197
0.005921
0.001134
0.002771
0.001512
0.004598
0.005165
0.002142
0.001953
0.017700
0.010708
0.005921
0.004787
0.004031
0.003590
0.001134
0.002520
0.006929
0.001890
0.002394
0.001323
0.004598
0.001512
0.004031
0.001449
0.008062
0.001638
0.001953
0.001449
0.003401
0.002520
0.001197
0.001701
0.001827
0.001701
0.002268
0.003464
0.009511
0.003527
0.005291
0.003905
0.014739
0.002457
0.003275
0.002897
0.005102
0.005795
0.002331
0.005984
0.003464
0.001890
0.002016
0.002520
0.001953
0.003023
0.000756
0.004724
0.002331
0.002646
0.002268
0.002520
0.002520
0.001827
0.001512
0.000945
0.002142
0.001638
0.002394
0.007370
0.004472
0.003590
0.001386
0.003905
0.004976
0.005732
0.002708
0.002205
0.003653
0.003716
0.002646
0.001449
0.002960
0.003149
0.001764
0.002897
0.001953
0.003779
0.003905
0.001575
0.003275
0.002205
0.004724
0.000567
0.003086
0.002897
0.001008
0.003086
0.001764
0.001449
0.004661
0.002897
0.002331
0.002520
0.012346
0.002394
0.002016
0.003275
0.002960
0.001638
0.003905
0.013479
0.002583
0.002268
0.006614
0.004157
0.001512
0.001134
0.004157
0.001512
0.002205
0.001323
0.001386
0.004661
0.002142
0.001764
0.002834
0.006362
0.002834
0.000630
0.004283
0.002142
0.003338
0.002016
0.002646
0.005102
0.004661
0.002331
0.002834
0.003716
0.004913
0.002394
0.004220
0.003149
0.001764
0.003527
0.011527
0.004094
0.001827
0.001134
0.001260
0.001071
0.001449
0.001827
0.003905
0.001890
0.003338
0.001008
0.006299
0.001638
0.001764
0.001575
0.004850
0.001512
0.002142
0.002205
0.007307
0.002646
0.004850
0.003653
0.003905
0.005102
0.001575
0.003716
0.003212
0.005921
0.003023
0.009700
0.005165
0.002708
0.001197
0.000819
0.002583
0.001827
0.001512
0.002646
0.002708
0.001953
0.001197
0.004472
0.002016
0.003149
0.000819
0.002834
0.002960
0.002205
0.001701
0.004472
0.004787
0.002016
0.003401
0.002771
0.005039
0.004850
0.011149
0.002079
0.002520
0.003023
0.003842
0.004094
0.003149
0.003590
0.000693
0.002708
0.001701
0.001953
0.004472
0.000945
0.002079
0.001701
0.004472
0.001512
0.002897
0.002079
0.001512
0.002708
0.001764
0.003527
0.002457
0.001323
0.002960
0.003212
0.002394
0.002205
0.004913
0.004157
