0.174729
0.002708
0.004157
0.004157
0.003653
0.002583
0.002834
0.002771
0.002457
0.001008
0.004283
0.001323
0.002708
0.002205
0.002079
0.004661
0.002016
0.001386
0.001701
0.004535
0.001638
0.001008
0.004157
0.001071
0.003212
0.002142
0.005102
0.004283
0.004220
0.002771
0.005669
0.008377
0.005165
0.004283
0.004724
0.005039
0.001827
0.003338
0.008755
0.003086
0.002708
0.001701
0.003779
0.001575
0.003464
0.001260
0.006929
0.001890
0.002079
0.002205
0.002960
0.003149
0.001890
0.001953
0.001890
0.001134
0.002771
0.003842
0.011023
0.004976
0.005291
0.003968
0.006866
0.004913
0.004661
0.003023
0.005039
0.006110
0.002142
0.005732
0.004724
0.001386
0.001638
0.003464
0.001890
0.002457
0.002205
0.003653
0.002268
0.002708
0.002583
0.002142
0.002771
0.001890
0.001134
0.001323
0.001512
0.000945
0.004157
0.007181
0.004220
0.003149
0.004472
0.004661
0.005480
0.006614
0.003842
0.002457
0.003716
0.004724
0.002268
0.001764
0.003275
0.002897
0.002268
0.002834
0.002394
0.002583
0.003716
0.001575
0.002079
0.002016
0.004661
0.000819
0.002079
0.002079
0.000756
0.002079
0.001071
0.001638
0.005921
0.003842
0.002331
0.003149
0.007748
0.003527
0.002142
0.004157
0.003716
0.002394
0.004283
0.010393
0.002646
0.001953
0.004976
0.003338
0.001512
0.001512
0.003401
0.001008
0.002520
0.001827
0.001323
0.003590
0.001827
0.001512
0.001575
0.004283
0.002646
0.000945
0.003590
0.001323
0.003653
0.001953
0.003338
0.003590
0.005165
0.002205
0.003716
0.004850
0.006866
0.004346
0.005354
0.005165
0.002834
0.003338
0.013039
0.004346
0.001890
0.001134
0.002142
0.001575
0.001701
0.001764
0.002583
0.002016
0.003653
0.001638
0.005039
0.002268
0.001575
0.001575
0.003527
0.001638
0.002142
0.004157
0.006425
0.003338
0.004472
0.005606
0.005984
0.005984
0.003653
0.005039
0.004283
0.007622
0.003086
0.009196
0.004409
0.002646
0.001701
0.001260
0.001827
0.001260
0.002079
0.002016
0.001638
0.001260
0.001701
0.003779
0.001890
0.003023
0.001638
0.003086
0.002834
0.001827
0.002708
0.004598
0.004472
0.001323
0.003716
0.003086
0.005543
0.005102
0.008881
0.002583
0.003212
0.004787
0.002834
0.003338
0.003338
0.002834
0.001008
0.002142
0.001701
0.001134
0.003842
0.000882
0.001701
0.001764
0.003842
0.002079
0.002394
0.001575
0.001512
0.002834
0.001953
0.001890
0.003086
0.002079
0.002520
0.003149
0.003212
0.002960
0.003905
0.004283
