0.165155
0.002771
0.002268
0.007433
0.002079
0.003149
0.003590
0.004157
0.002142
0.002583
0.003275
0.002331
0.001701
0.002646
0.001638
0.007370
0.001953
0.001890
0.001386
0.005291
0.000630
0.002708
0.003590
0.001575
0.002142
0.003149
0.006236
0.006551
0.002834
0.002583
0.003653
0.011527
0.005543
0.003149
0.002771
0.003527
0.001827
0.003023
0.005921
0.001953
0.002771
0.001953
0.002960
0.001323
0.002834
0.001449
0.003590
0.001197
0.001638
0.001764
0.001323
0.002457
0.001197
0.001701
0.001701
0.001764
0.003338
0.004976
0.008440
0.002646
0.006803
0.003275
0.003716
0.003338
0.003527
0.003653
0.003401
0.007181
0.001827
0.007433
0.003968
0.002708
0.000945
0.005354
0.002079
0.002771
0.001197
0.005606
0.001701
0.006047
0.001197
0.003275
0.002142
0.003149
0.000504
0.004094
0.002268
0.001890
0.002646
0.009763
0.003590
0.003275
0.002646
0.005606
0.002520
0.009322
0.006173
0.003338
0.002268
0.005228
0.003212
0.003968
0.002331
0.003716
0.002205
0.004220
0.001575
0.002142
0.006173
0.003023
0.001575
0.002394
0.003905
0.001386
0.001323
0.002708
0.001386
0.003779
0.002268
0.001323
0.004094
0.005228
0.003275
0.003779
0.007874
0.003023
0.001638
0.003464
0.003212
0.002142
0.003023
0.010771
0.002331
0.003338
0.005354
0.005354
0.000945
0.003527
0.002708
0.002142
0.002708
0.001827
0.001386
0.004787
0.001323
0.001701
0.002205
0.006488
0.001134
0.002079
0.004409
0.002016
0.002897
0.002394
0.003905
0.004346
0.003653
0.003653
0.002457
0.006551
0.004913
0.001827
0.002457
0.003653
0.002646
0.004409
0.009889
0.002520
0.001764
0.001323
0.001890
0.001449
0.001575
0.002142
0.002016
0.002394
0.002016
0.002079
0.002394
0.001890
0.001575
0.002834
0.003086
0.001701
0.002646
0.003275
0.005228
0.002834
0.004787
0.003338
0.002771
0.004598
0.003086
0.004157
0.002834
0.006992
0.002394
0.009700
0.003968
0.003905
0.000756
0.003023
0.001512
0.001701
0.001890
0.003779
0.001764
0.003716
0.001197
0.005039
0.001764
0.004031
0.001134
0.005228
0.001890
0.001953
0.001197
0.008062
0.003527
0.003149
0.003779
0.004409
0.003590
0.006425
0.008755
0.002960
0.001512
0.004094
0.003779
0.004535
0.002708
0.003338
0.001512
0.003086
0.002457
0.001386
0.003905
0.002142
0.001071
0.003023
0.003905
0.002016
0.001323
0.002394
0.002079
0.003590
0.001575
0.002457
0.002708
0.004157
0.002016
0.003338
0.005921
0.003968
0.001953
0.004976
