0.203893
0.002646
0.003338
0.004850
0.002897
0.001764
0.002394
0.003464
0.002897
0.001701
0.005039
0.003275
0.002583
0.002142
0.002708
0.005480
0.002457
0.001638
0.002016
0.005102
0.001575
0.001197
0.004220
0.001071
0.003023
0.001386
0.003779
0.004787
0.002708
0.001701
0.009070
0.009763
0.004094
0.004535
0.003905
0.003464
0.001197
0.003149
0.005984
0.001953
0.002016
0.001827
0.004094
0.001638
0.002897
0.002142
0.009070
0.001323
0.001701
0.002583
0.003464
0.001701
0.001260
0.001512
0.001575
0.001386
0.002646
0.002457
0.009133
0.003086
0.005921
0.003779
0.006740
0.002771
0.003275
0.002457
0.004724
0.005480
0.001512
0.005543
0.003275
0.002268
0.001575
0.003653
0.001386
0.002205
0.001323
0.004157
0.002331
0.002520
0.002142
0.002142
0.002142
0.001575
0.001197
0.001575
0.002394
0.001323
0.002834
0.009322
0.002771
0.002646
0.001890
0.003212
0.003716
0.006866
0.003779
0.001827
0.003527
0.005039
0.002897
0.002457
0.001953
0.002897
0.002331
0.003590
0.001638
0.002771
0.005102
0.002331
0.002960
0.002897
0.004913
0.001386
0.002016
0.002079
0.001197
0.003842
0.001575
0.001764
0.004409
0.004094
0.002205
0.002771
0.010330
0.002897
0.001512
0.002771
0.002960
0.002708
0.004157
0.009889
0.002708
0.001575
0.004787
0.004346
0.001764
0.001008
0.003653
0.001260
0.003023
0.001638
0.001701
0.005291
0.001764
0.002142
0.003212
0.005039
0.003275
0.001890
0.004409
0.003149
0.003149
0.001953
0.003086
0.002834
0.004535
0.003338
0.003338
0.004850
0.004598
0.002457
0.004535
0.002457
0.002394
0.002897
0.009637
0.003401
0.001827
0.001764
0.002079
0.001512
0.001890
0.001701
0.003212
0.002205
0.003023
0.002268
0.006992
0.001890
0.002142
0.001827
0.003653
0.001701
0.001134
0.003086
0.005921
0.002771
0.004472
0.003338
0.004094
0.003716
0.001827
0.003527
0.003401
0.005921
0.002834
0.009448
0.003149
0.003464
0.001197
0.001575
0.001827
0.001827
0.001764
0.003086
0.002016
0.001512
0.001575
0.004535
0.002457
0.002960
0.001260
0.004094
0.001764
0.001890
0.001323
0.005669
0.002520
0.001890
0.002771
0.002142
0.004976
0.005732
0.007999
0.003779
0.002079
0.003149
0.003086
0.003527
0.001827
0.002771
0.001197
0.004220
0.001953
0.001701
0.004787
0.000945
0.001890
0.002708
0.004094
0.001575
0.003401
0.002205
0.001638
0.003086
0.001890
0.003212
0.003905
0.002520
0.002520
0.003338
0.002960
0.003149
0.003086
0.004094
