0.164210
0.003464
0.004724
0.004283
0.002960
0.002268
0.002897
0.004220
0.001890
0.001512
0.003716
0.002268
0.001953
0.001575
0.002834
0.005291
0.002079
0.000693
0.001134
0.005669
0.000693
0.001512
0.004409
0.001071
0.002079
0.001449
0.004409
0.005606
0.002016
0.001575
0.016881
0.015747
0.003968
0.004724
0.004724
0.004724
0.001008
0.003968
0.008377
0.002205
0.001953
0.001260
0.003464
0.001449
0.002771
0.001134
0.009322
0.001197
0.001071
0.001386
0.003464
0.001449
0.001323
0.001449
0.001386
0.001575
0.002268
0.003338
0.014361
0.003842
0.004220
0.002142
0.022298
0.002079
0.003401
0.002457
0.005480
0.006110
0.000630
0.005669
0.004157
0.002394
0.000756
0.004724
0.001764
0.002142
0.000504
0.007181
0.001386
0.003275
0.000819
0.002268
0.002708
0.001827
0.000693
0.001008
0.001575
0.002205
0.001890
0.010960
0.005354
0.003968
0.001008
0.004535
0.003653
0.006110
0.002771
0.002079
0.004535
0.006740
0.003338
0.001575
0.003086
0.004094
0.001323
0.002771
0.001071
0.003149
0.004157
0.001260
0.002016
0.001197
0.004283
0.000567
0.001638
0.002268
0.000945
0.003968
0.000882
0.001008
0.004850
0.003149
0.001953
0.003275
0.019148
0.002646
0.001827
0.002960
0.001953
0.000945
0.004031
0.014613
0.001701
0.001890
0.004787
0.005858
0.001134
0.001197
0.004976
0.001197
0.002142
0.001008
0.000945
0.006173
0.000756
0.001638
0.002079
0.002771
0.002583
0.001512
0.003905
0.002331
0.003212
0.002205
0.003338
0.004535
0.004472
0.004220
0.003590
0.005417
0.003716
0.002520
0.005417
0.003275
0.001953
0.003653
0.013228
0.003149
0.001764
0.000756
0.001197
0.001197
0.001260
0.001323
0.002583
0.001386
0.002520
0.001323
0.006362
0.001008
0.000945
0.000756
0.004472
0.001197
0.001386
0.004220
0.008881
0.002583
0.004787
0.004913
0.005039
0.004787
0.001575
0.003527
0.002394
0.005354
0.002205
0.010645
0.004598
0.003905
0.001323
0.000819
0.001449
0.002394
0.000882
0.002583
0.002520
0.001323
0.000693
0.004976
0.001323
0.002520
0.000945
0.002771
0.001512
0.002331
0.001386
0.007307
0.004031
0.002394
0.003527
0.002646
0.006677
0.007118
0.012220
0.002205
0.001638
0.002268
0.003212
0.002583
0.002268
0.002960
0.000189
0.004220
0.001701
0.000882
0.005039
0.000630
0.001890
0.002331
0.002142
0.001134
0.002016
0.001638
0.001197
0.002708
0.001638
0.002834
0.003086
0.002205
0.002331
0.004031
0.002771
0.002771
0.005039
0.005795
