0.199358
0.003023
0.002771
0.003716
0.002457
0.003464
0.003338
0.002646
0.004220
0.002897
0.004724
0.002583
0.002897
0.004472
0.002079
0.004976
0.001764
0.002583
0.001827
0.005606
0.001008
0.003086
0.004535
0.001764
0.002834
0.002394
0.003842
0.004346
0.002331
0.003086
0.004409
0.006614
0.003968
0.003464
0.002142
0.003212
0.001260
0.003149
0.005228
0.002771
0.002646
0.003023
0.003401
0.001890
0.003212
0.002394
0.004409
0.001764
0.001575
0.002205
0.001512
0.002771
0.001764
0.003023
0.002331
0.002268
0.001764
0.004094
0.005606
0.004976
0.003590
0.005165
0.003968
0.004031
0.002960
0.002331
0.003716
0.005165
0.001827
0.005669
0.003842
0.002583
0.001638
0.003275
0.001890
0.002646
0.001827
0.003653
0.002771
0.003590
0.002268
0.002583
0.003464
0.002646
0.001764
0.002646
0.004346
0.001134
0.002771
0.006236
0.004031
0.002268
0.003023
0.002771
0.003653
0.005417
0.002771
0.001827
0.002834
0.003842
0.002079
0.002142
0.003842
0.003212
0.001134
0.004283
0.002583
0.004409
0.004094
0.001512
0.003779
0.004094
0.004535
0.001890
0.002394
0.002583
0.001197
0.004787
0.002708
0.002331
0.003590
0.002960
0.002520
0.002394
0.004157
0.002394
0.002646
0.003023
0.002960
0.001764
0.003275
0.009448
0.002205
0.003275
0.005354
0.003779
0.002457
0.003212
0.003086
0.002205
0.002583
0.002708
0.001827
0.004346
0.002457
0.002960
0.002457
0.006488
0.002771
0.003023
0.006614
0.002708
0.002708
0.002708
0.002205
0.003401
0.004031
0.002079
0.002708
0.003212
0.006299
0.003086
0.003401
0.003716
0.002205
0.002897
0.011086
0.004787
0.002205
0.002457
0.001890
0.001890
0.001260
0.001764
0.001890
0.001764
0.003527
0.002079
0.003464
0.002834
0.001512
0.002583
0.002960
0.002394
0.001512
0.004031
0.003653
0.003023
0.002960
0.003905
0.002960
0.003842
0.002142
0.002708
0.004850
0.007937
0.002646
0.010393
0.003590
0.002520
0.001512
0.002205
0.003086
0.002834
0.001638
0.002331
0.002142
0.002583
0.001764
0.003149
0.002457
0.003842
0.001701
0.004976
0.002520
0.002646
0.002708
0.003716
0.003968
0.002394
0.002834
0.002583
0.003968
0.004094
0.007244
0.001512
0.002520
0.002897
0.002897
0.003212
0.002331
0.002394
0.001197
0.003653
0.003212
0.002960
0.003275
0.001890
0.002771
0.002771
0.004787
0.002583
0.002960
0.002457
0.002646
0.005480
0.002142
0.003653
0.002771
0.002079
0.003149
0.003149
0.001638
0.001701
0.002205
0.003401
