0.166982
0.002646
0.002331
0.006614
0.003338
0.002834
0.003023
0.003716
0.004220
0.001890
0.004409
0.002646
0.002583
0.002520
0.002771
0.005921
0.003149
0.001386
0.001323
0.006362
0.001260
0.001386
0.005354
0.001575
0.002268
0.002016
0.003527
0.006740
0.002834
0.002142
0.005417
0.011464
0.005102
0.003464
0.002394
0.003842
0.001827
0.003716
0.006236
0.002520
0.003212
0.001827
0.004787
0.001701
0.003527
0.001764
0.007055
0.001386
0.002646
0.002079
0.002897
0.002205
0.001071
0.002457
0.002646
0.001890
0.001701
0.003275
0.008377
0.004598
0.004283
0.003779
0.005669
0.003338
0.003149
0.002708
0.004598
0.006866
0.002142
0.005417
0.003275
0.002960
0.000945
0.004094
0.002142
0.003275
0.001386
0.005102
0.002331
0.003338
0.002016
0.002708
0.002834
0.002016
0.000819
0.001701
0.002079
0.001638
0.002960
0.007181
0.003338
0.003464
0.002394
0.004661
0.004346
0.006236
0.003212
0.002079
0.003212
0.006110
0.002520
0.002331
0.003086
0.002897
0.002268
0.003275
0.002268
0.004220
0.004220
0.001638
0.003149
0.002646
0.003842
0.000630
0.002646
0.002394
0.001134
0.004220
0.001764
0.001512
0.004976
0.003023
0.002708
0.003212
0.009448
0.002708
0.002708
0.003149
0.002583
0.001575
0.003779
0.012031
0.002771
0.003086
0.005417
0.006299
0.001764
0.001449
0.003653
0.001512
0.002520
0.002394
0.001575
0.004787
0.002205
0.002142
0.002646
0.007055
0.003086
0.001701
0.004850
0.001890
0.002834
0.002079
0.002771
0.004913
0.002646
0.003905
0.002268
0.005669
0.005606
0.002708
0.004661
0.003338
0.002394
0.003149
0.010141
0.003653
0.001512
0.002331
0.001449
0.001449
0.002079
0.001827
0.003149
0.002834
0.003716
0.001575
0.005858
0.001827
0.001827
0.002268
0.004850
0.002394
0.002457
0.003149
0.005417
0.002708
0.004472
0.003527
0.002960
0.003590
0.002331
0.003779
0.003401
0.006803
0.002331
0.009070
0.003842
0.003086
0.001260
0.001323
0.001953
0.002205
0.001512
0.002646
0.002331
0.001575
0.001134
0.004094
0.002457
0.003149
0.001134
0.004031
0.003275
0.002960
0.002646
0.004346
0.003527
0.002205
0.002646
0.003401
0.004535
0.006110
0.007811
0.002646
0.001638
0.003590
0.002897
0.003086
0.002583
0.003338
0.001449
0.003023
0.002268
0.001953
0.003653
0.000819
0.002520
0.002016
0.006425
0.001953
0.003212
0.003023
0.002205
0.003842
0.002708
0.002834
0.003527
0.001827
0.002142
0.003842
0.003086
0.002205
0.003527
0.005291
