0.164336
0.003527
0.003086
0.004724
0.003275
0.001953
0.002897
0.004850
0.002771
0.001827
0.003401
0.001827
0.001323
0.001638
0.001953
0.004346
0.002268
0.001701
0.000945
0.005543
0.000945
0.001890
0.003842
0.001449
0.002205
0.001449
0.005984
0.005984
0.001827
0.001701
0.010834
0.015747
0.005165
0.004346
0.003401
0.004283
0.001764
0.003905
0.008629
0.001890
0.002394
0.001827
0.005417
0.001575
0.004913
0.001260
0.007559
0.000945
0.001953
0.001260
0.003527
0.001323
0.001827
0.001260
0.001764
0.001071
0.002646
0.003086
0.012220
0.002268
0.005165
0.002142
0.013542
0.002016
0.003527
0.003716
0.004976
0.006488
0.001260
0.007685
0.003968
0.002268
0.000819
0.004913
0.002079
0.002834
0.000819
0.007118
0.001071
0.003527
0.000882
0.002583
0.001953
0.002016
0.001071
0.001953
0.001449
0.001953
0.002331
0.011086
0.004472
0.003527
0.001323
0.006551
0.002646
0.006551
0.004157
0.003212
0.003464
0.004850
0.003149
0.002960
0.002268
0.003086
0.001575
0.003905
0.001449
0.002142
0.004031
0.001764
0.001827
0.001512
0.004094
0.001134
0.001512
0.002205
0.001071
0.003653
0.001701
0.001197
0.006299
0.004409
0.001953
0.003275
0.014739
0.003590
0.002268
0.002834
0.002331
0.001449
0.003023
0.013291
0.002394
0.002520
0.005480
0.004094
0.001323
0.001008
0.004409
0.001134
0.001827
0.001386
0.000882
0.005417
0.001323
0.001575
0.002960
0.003338
0.001953
0.001701
0.003338
0.002268
0.003086
0.002457
0.002960
0.004031
0.004220
0.004220
0.003464
0.005291
0.005039
0.001701
0.004661
0.002331
0.002016
0.003023
0.011464
0.002205
0.002205
0.001386
0.002520
0.001197
0.001890
0.002079
0.002394
0.001890
0.002960
0.001197
0.005543
0.001260
0.002142
0.002016
0.004031
0.001260
0.001449
0.004031
0.007874
0.002268
0.005480
0.005669
0.003275
0.005039
0.001638
0.004472
0.002394
0.005732
0.001638
0.010267
0.003401
0.002834
0.001134
0.002205
0.001449
0.002016
0.001008
0.003527
0.001575
0.002520
0.001008
0.006047
0.000819
0.003464
0.000630
0.004409
0.001827
0.002079
0.001134
0.007244
0.003842
0.002205
0.004598
0.004031
0.006236
0.005669
0.010960
0.002520
0.001701
0.003023
0.004535
0.003779
0.002205
0.003086
0.001008
0.003905
0.001638
0.000945
0.005354
0.000945
0.001260
0.001701
0.004157
0.001134
0.000945
0.001260
0.002016
0.002834
0.001512
0.003023
0.003338
0.003023
0.002960
0.004661
0.003653
0.002708
0.003779
0.004661
