0.175170
0.003338
0.003086
0.005795
0.003275
0.002394
0.002646
0.004346
0.003149
0.002016
0.004913
0.003149
0.003212
0.002457
0.002457
0.007496
0.002268
0.001575
0.002079
0.005984
0.001890
0.001827
0.003338
0.002079
0.002834
0.001449
0.004598
0.005795
0.002646
0.002016
0.005165
0.008818
0.005228
0.002520
0.002771
0.004094
0.002583
0.002897
0.004346
0.001890
0.002331
0.001512
0.003212
0.001953
0.003590
0.001638
0.004724
0.002834
0.002331
0.001764
0.002331
0.003338
0.001449
0.001953
0.002016
0.001512
0.003716
0.002897
0.007559
0.003842
0.006047
0.003086
0.006803
0.003527
0.002583
0.002583
0.003779
0.005984
0.002205
0.004724
0.003275
0.001827
0.001638
0.004220
0.001953
0.003464
0.001827
0.006488
0.002583
0.005228
0.002268
0.002457
0.001575
0.002646
0.001701
0.001638
0.002457
0.002583
0.002646
0.007181
0.003842
0.003716
0.002834
0.005417
0.004031
0.007244
0.003527
0.001764
0.003023
0.005543
0.002646
0.001638
0.002583
0.003590
0.002205
0.004598
0.002205
0.003464
0.005984
0.002079
0.002771
0.002708
0.004472
0.001260
0.001953
0.003149
0.001701
0.003212
0.001701
0.002142
0.003653
0.003716
0.002016
0.003779
0.007433
0.003023
0.001953
0.003212
0.003149
0.001953
0.003653
0.010645
0.002897
0.001827
0.003842
0.004850
0.001638
0.001638
0.002771
0.002457
0.002960
0.002331
0.001575
0.005543
0.001953
0.001449
0.002583
0.005858
0.003590
0.002016
0.003968
0.003464
0.003086
0.003086
0.002708
0.003968
0.003086
0.003149
0.003401
0.005165
0.006110
0.002708
0.004661
0.003716
0.002834
0.003401
0.008440
0.003464
0.001386
0.001386
0.002331
0.001323
0.002834
0.001449
0.002268
0.002708
0.004346
0.002016
0.003716
0.002897
0.003086
0.002142
0.003842
0.002771
0.002016
0.003212
0.004850
0.001890
0.003716
0.004031
0.002897
0.005417
0.003212
0.003212
0.003842
0.007244
0.001890
0.009448
0.003212
0.002457
0.000882
0.001512
0.001512
0.002331
0.002331
0.002646
0.002205
0.002520
0.002142
0.004409
0.001827
0.004220
0.001512
0.003149
0.001764
0.004220
0.001827
0.004346
0.002708
0.001638
0.002960
0.002960
0.004031
0.005669
0.007307
0.001953
0.002897
0.003905
0.003275
0.002708
0.002394
0.003149
0.001260
0.003212
0.002205
0.002079
0.004094
0.001197
0.002079
0.003779
0.005228
0.002205
0.002520
0.003905
0.002960
0.003212
0.001638
0.003149
0.002205
0.001827
0.002142
0.003653
0.004724
0.001890
0.003023
0.005417
