0.157407
0.002897
0.004346
0.006488
0.003149
0.001764
0.003527
0.003212
0.003023
0.001386
0.005354
0.002457
0.001764
0.000567
0.001701
0.008125
0.001827
0.001071
0.002457
0.005543
0.001008
0.000882
0.005354
0.001197
0.002457
0.002079
0.008062
0.005795
0.001701
0.001197
0.010519
0.017574
0.005228
0.002771
0.003968
0.004913
0.001197
0.003464
0.008566
0.001512
0.002646
0.001575
0.005606
0.001197
0.003149
0.000819
0.007055
0.001008
0.001827
0.001008
0.003527
0.001953
0.001764
0.001386
0.002960
0.001197
0.002331
0.003338
0.012220
0.003527
0.005543
0.001953
0.008566
0.003023
0.003086
0.002834
0.005165
0.006740
0.001197
0.006488
0.005228
0.002268
0.000945
0.004535
0.001764
0.002457
0.001008
0.006992
0.002331
0.006047
0.001575
0.002016
0.002520
0.002457
0.000693
0.001827
0.001764
0.001890
0.002016
0.009196
0.004220
0.003527
0.001575
0.005543
0.003401
0.007937
0.004535
0.001953
0.003464
0.005039
0.003149
0.002331
0.003401
0.003527
0.002457
0.002457
0.002268
0.002079
0.005228
0.001638
0.003086
0.001764
0.004409
0.000882
0.001575
0.003275
0.000756
0.003401
0.001575
0.001197
0.006047
0.003590
0.002708
0.002708
0.009952
0.001890
0.001890
0.002834
0.002331
0.000756
0.003653
0.013668
0.002205
0.001575
0.005921
0.005732
0.001323
0.000693
0.004724
0.001071
0.003653
0.001701
0.001953
0.006110
0.001638
0.001071
0.001638
0.004409
0.002142
0.001512
0.004661
0.002142
0.002646
0.001827
0.004913
0.005039
0.004787
0.003338
0.003653
0.006866
0.004850
0.001260
0.005102
0.002960
0.003023
0.002960
0.012346
0.002708
0.001953
0.000819
0.002457
0.001008
0.002142
0.001386
0.003653
0.002079
0.003086
0.001134
0.006362
0.001071
0.001953
0.001071
0.004409
0.001386
0.001512
0.003464
0.008566
0.002646
0.005291
0.004283
0.005228
0.004976
0.001134
0.003086
0.003023
0.005921
0.001323
0.010141
0.004220
0.002834
0.000567
0.001449
0.001575
0.001764
0.000945
0.002457
0.002268
0.002457
0.000693
0.004283
0.002771
0.003086
0.000882
0.002646
0.001890
0.001386
0.001449
0.005858
0.005543
0.002457
0.003401
0.002394
0.005543
0.006803
0.010708
0.001890
0.002016
0.002457
0.004472
0.002646
0.003149
0.002016
0.001323
0.003842
0.001953
0.001386
0.005480
0.000693
0.001953
0.001953
0.003401
0.001953
0.001386
0.001512
0.002142
0.002520
0.001953
0.002646
0.002583
0.001701
0.002771
0.003023
0.004472
0.002268
0.004346
0.005669
