0.163769
0.002583
0.004220
0.007118
0.002016
0.002834
0.005291
0.004157
0.003086
0.001260
0.004661
0.002142
0.002394
0.002016
0.002394
0.006236
0.002960
0.001323
0.001638
0.005921
0.000945
0.001386
0.003653
0.001764
0.002331
0.002520
0.006992
0.003275
0.002457
0.002016
0.004535
0.011149
0.004913
0.003023
0.003653
0.004094
0.001827
0.003779
0.006929
0.001890
0.002457
0.001260
0.003779
0.001575
0.004031
0.001575
0.004535
0.002834
0.002960
0.002142
0.003086
0.003086
0.001260
0.001575
0.002394
0.001197
0.002394
0.004031
0.011023
0.002646
0.006740
0.002268
0.005984
0.003905
0.003275
0.003716
0.003275
0.005858
0.001386
0.007055
0.005228
0.002205
0.001386
0.003653
0.001827
0.002268
0.001575
0.004031
0.001701
0.005102
0.002142
0.002646
0.001701
0.003023
0.000819
0.001953
0.001890
0.001449
0.002583
0.008251
0.005039
0.004283
0.001764
0.004976
0.003401
0.007370
0.004346
0.002708
0.002583
0.005291
0.002834
0.003212
0.002520
0.002520
0.001197
0.003779
0.001512
0.002520
0.005291
0.002205
0.002394
0.002708
0.004157
0.001323
0.001512
0.004157
0.001449
0.003149
0.002331
0.001638
0.004283
0.005543
0.002960
0.002834
0.007937
0.003338
0.002520
0.003275
0.002834
0.002142
0.003086
0.010456
0.001512
0.002520
0.006110
0.004787
0.001512
0.002079
0.002646
0.001386
0.003842
0.001512
0.001197
0.006110
0.001827
0.002142
0.003275
0.005921
0.001827
0.001953
0.004220
0.002960
0.002331
0.002268
0.004283
0.004346
0.004787
0.002834
0.004409
0.007055
0.005228
0.001764
0.004913
0.003212
0.001575
0.003653
0.011968
0.003716
0.002079
0.001890
0.001386
0.001449
0.002708
0.001512
0.002771
0.002394
0.002205
0.001512
0.003527
0.002268
0.002079
0.001701
0.003527
0.001512
0.001512
0.003590
0.007559
0.002834
0.004976
0.003653
0.004283
0.003716
0.001701
0.003401
0.003590
0.006740
0.002268
0.010141
0.005102
0.004031
0.000630
0.002016
0.002142
0.001701
0.002205
0.003527
0.001701
0.003464
0.000945
0.003149
0.001764
0.003338
0.000756
0.003149
0.002016
0.001764
0.001449
0.005732
0.006173
0.002142
0.003590
0.003716
0.005417
0.005291
0.009637
0.002205
0.002016
0.003527
0.003275
0.004031
0.002457
0.003401
0.000819
0.002583
0.002520
0.001953
0.004031
0.001323
0.001323
0.003086
0.004535
0.001638
0.001386
0.003275
0.001701
0.003275
0.001953
0.002268
0.004031
0.003590
0.002771
0.002268
0.004535
0.002520
0.002771
0.004976
