0.178068
0.003275
0.002394
0.004598
0.002708
0.003716
0.003653
0.002646
0.003968
0.002897
0.004850
0.001827
0.002142
0.002771
0.002268
0.004850
0.002897
0.001701
0.001701
0.005228
0.001323
0.002205
0.004409
0.001071
0.003275
0.002457
0.003905
0.004220
0.002960
0.002331
0.006677
0.007496
0.004031
0.003023
0.003590
0.003653
0.001827
0.003779
0.005984
0.002268
0.002268
0.002205
0.004850
0.001638
0.002708
0.001638
0.006929
0.001638
0.001953
0.001575
0.003212
0.002897
0.000567
0.001449
0.002457
0.001449
0.002646
0.003527
0.008881
0.004283
0.004976
0.003086
0.006866
0.004346
0.002960
0.003149
0.004094
0.004787
0.001197
0.007622
0.003653
0.002016
0.001260
0.004031
0.002457
0.002268
0.001071
0.004472
0.002205
0.003464
0.001449
0.002708
0.002583
0.001953
0.001071
0.003023
0.002646
0.001827
0.002708
0.010393
0.004976
0.002834
0.002331
0.006551
0.004787
0.005354
0.003212
0.002708
0.003275
0.003842
0.002583
0.003464
0.002834
0.003401
0.001449
0.003716
0.002331
0.002583
0.005417
0.001701
0.002268
0.002520
0.004346
0.000693
0.002331
0.002583
0.001008
0.003653
0.001827
0.001575
0.005480
0.004031
0.002331
0.003149
0.007685
0.003527
0.001701
0.003338
0.001953
0.002834
0.003968
0.011527
0.002016
0.002771
0.005480
0.004094
0.001701
0.002205
0.003023
0.001449
0.003086
0.002142
0.001449
0.003716
0.001701
0.002142
0.002646
0.005858
0.001890
0.002520
0.005858
0.001512
0.002457
0.003275
0.002268
0.002834
0.004283
0.003338
0.003527
0.003338
0.006677
0.002834
0.005354
0.003779
0.002457
0.004346
0.010078
0.003464
0.001638
0.001890
0.002331
0.001008
0.001134
0.002457
0.002394
0.001827
0.003968
0.001386
0.003842
0.001638
0.001323
0.002646
0.005102
0.000756
0.001827
0.004157
0.006173
0.002079
0.004031
0.004157
0.004346
0.004598
0.003338
0.004094
0.003275
0.008062
0.001764
0.013794
0.004535
0.003086
0.001197
0.001890
0.001071
0.001575
0.001953
0.002897
0.002016
0.001764
0.000882
0.004031
0.002708
0.003653
0.001260
0.004724
0.003401
0.001701
0.001323
0.005102
0.004346
0.001575
0.002834
0.003401
0.003968
0.004346
0.007748
0.002583
0.002583
0.003527
0.002331
0.004157
0.003275
0.003338
0.001323
0.003149
0.002016
0.000945
0.003527
0.001197
0.001890
0.002834
0.003779
0.001953
0.003401
0.002520
0.001953
0.004094
0.003023
0.002708
0.003086
0.003338
0.002205
0.003086
0.003716
0.002016
0.002960
0.004472
