0.155707
0.004913
0.002583
0.004283
0.004472
0.002268
0.002708
0.003464
0.003338
0.001701
0.002268
0.002331
0.001449
0.002142
0.000819
0.006551
0.001764
0.001953
0.000882
0.005921
0.000504
0.002205
0.005228
0.000693
0.002016
0.001953
0.004031
0.005669
0.001890
0.001953
0.017700
0.011779
0.005606
0.004598
0.003527
0.003338
0.001260
0.005039
0.006677
0.002016
0.001512
0.001575
0.003716
0.001260
0.001701
0.001134
0.007370
0.001008
0.001323
0.001323
0.002457
0.001134
0.001512
0.001575
0.001953
0.001323
0.002331
0.004787
0.010204
0.003716
0.003905
0.003464
0.017700
0.002268
0.003842
0.004283
0.004661
0.005480
0.000882
0.008188
0.003527
0.002205
0.001260
0.006929
0.001953
0.002079
0.000945
0.009889
0.002016
0.003716
0.001071
0.003212
0.001953
0.001323
0.001323
0.001449
0.001260
0.002457
0.001953
0.013165
0.004535
0.002583
0.001323
0.003968
0.002646
0.006488
0.003905
0.002142
0.004031
0.005669
0.003023
0.001953
0.002394
0.003401
0.001575
0.002834
0.001449
0.003590
0.004472
0.002457
0.001701
0.001575
0.005795
0.000945
0.001323
0.002960
0.000756
0.005102
0.001071
0.000945
0.005417
0.004094
0.001701
0.003086
0.025447
0.002520
0.001827
0.002583
0.001512
0.002016
0.002897
0.013102
0.002646
0.002079
0.003779
0.004031
0.001197
0.001827
0.003968
0.000819
0.002583
0.001197
0.000504
0.005732
0.001071
0.001764
0.001953
0.003968
0.002205
0.002142
0.002520
0.001827
0.003464
0.002205
0.002142
0.003212
0.005606
0.005795
0.002708
0.004094
0.003842
0.002016
0.003779
0.002394
0.002079
0.004409
0.011338
0.003275
0.001512
0.001512
0.002079
0.001386
0.000945
0.002394
0.002646
0.001638
0.001953
0.002079
0.005165
0.001008
0.001512
0.001764
0.002583
0.001260
0.001764
0.004724
0.006047
0.001764
0.005228
0.005354
0.003716
0.004094
0.001323
0.003842
0.002708
0.005921
0.002268
0.014046
0.004850
0.002646
0.000630
0.001575
0.001386
0.001764
0.000945
0.003527
0.001764
0.001575
0.000693
0.007622
0.001197
0.003653
0.000756
0.004976
0.001008
0.001827
0.001260
0.006677
0.004598
0.002394
0.004535
0.003212
0.005228
0.005984
0.013605
0.002520
0.001386
0.002205
0.004157
0.004094
0.001638
0.002834
0.000567
0.004850
0.001071
0.001764
0.005417
0.000630
0.001512
0.002646
0.003590
0.001512
0.002079
0.001386
0.001764
0.003275
0.001260
0.002960
0.003275
0.002583
0.001701
0.004283
0.003968
0.002583
0.002834
0.006110
