0.177753
0.003275
0.004031
0.004661
0.002771
0.002708
0.003527
0.004094
0.003653
0.002834
0.004409
0.003023
0.003464
0.003968
0.002583
0.005291
0.002897
0.002897
0.001701
0.004976
0.001827
0.002520
0.003464
0.002268
0.002771
0.002394
0.004535
0.004787
0.002394
0.002897
0.004157
0.007748
0.004220
0.003149
0.003275
0.004661
0.001197
0.003338
0.005354
0.003527
0.001638
0.001386
0.004409
0.001953
0.004157
0.002331
0.003779
0.002457
0.001197
0.001764
0.002646
0.003023
0.001071
0.002394
0.001512
0.001638
0.001512
0.003212
0.006236
0.004472
0.003653
0.004661
0.004346
0.004976
0.002646
0.002897
0.003842
0.004661
0.001575
0.004661
0.003842
0.002457
0.000693
0.002897
0.001638
0.002897
0.001764
0.003968
0.003086
0.003905
0.002394
0.002708
0.002457
0.002205
0.001323
0.002016
0.002142
0.001701
0.003590
0.005606
0.004535
0.003338
0.002834
0.004283
0.005354
0.006299
0.002268
0.003275
0.002771
0.004913
0.002268
0.002583
0.002457
0.003653
0.002016
0.003338
0.002457
0.004283
0.004661
0.003212
0.003212
0.003716
0.004157
0.001953
0.002394
0.002646
0.001197
0.003590
0.001575
0.001953
0.003212
0.004220
0.002142
0.003338
0.007055
0.004346
0.002834
0.003968
0.003275
0.003023
0.003023
0.010960
0.002457
0.002708
0.005165
0.005228
0.001890
0.003590
0.003023
0.002331
0.003149
0.002079
0.002016
0.003905
0.002394
0.002520
0.003086
0.006488
0.003149
0.002394
0.005669
0.003338
0.003023
0.002394
0.002520
0.003905
0.002583
0.003086
0.003023
0.005039
0.005228
0.003653
0.005228
0.004031
0.001890
0.002205
0.008377
0.003590
0.001323
0.001701
0.001953
0.001260
0.001701
0.002079
0.002771
0.002142
0.003149
0.002583
0.003401
0.002960
0.001638
0.001071
0.003527
0.002079
0.001071
0.003275
0.004346
0.002960
0.003527
0.003779
0.003023
0.005165
0.002079
0.003401
0.004913
0.007811
0.003275
0.009448
0.004157
0.004346
0.001638
0.001575
0.001827
0.002331
0.001638
0.002646
0.002268
0.002897
0.001827
0.004220
0.001953
0.004661
0.001764
0.003212
0.001764
0.001953
0.002016
0.003968
0.003527
0.001512
0.003338
0.002583
0.004787
0.004724
0.006929
0.003527
0.002897
0.003968
0.002771
0.004094
0.002205
0.003779
0.001260
0.003653
0.002331
0.002520
0.003212
0.001449
0.002394
0.003779
0.005354
0.002771
0.002520
0.004094
0.001953
0.003779
0.001827
0.003338
0.002394
0.001953
0.002708
0.002834
0.003086
0.003023
0.003086
0.004031
