0.154888
0.004535
0.002520
0.003716
0.003464
0.002394
0.003464
0.003653
0.003401
0.002520
0.002457
0.002205
0.001890
0.002708
0.002079
0.004913
0.002520
0.002016
0.001386
0.005732
0.000693
0.002771
0.003779
0.001260
0.002897
0.001890
0.005039
0.006110
0.002834
0.001827
0.007244
0.013920
0.005543
0.003842
0.003149
0.004157
0.001386
0.004220
0.006425
0.001890
0.002205
0.002079
0.003779
0.001575
0.003779
0.001827
0.004283
0.001449
0.001638
0.002268
0.002646
0.001701
0.001449
0.002016
0.001638
0.001197
0.003023
0.004220
0.007999
0.003842
0.005228
0.004031
0.005858
0.002771
0.003401
0.003653
0.003716
0.006299
0.001827
0.007496
0.004220
0.002268
0.001323
0.005669
0.002268
0.003023
0.001260
0.005984
0.001701
0.004283
0.001701
0.003212
0.002079
0.001890
0.001134
0.002016
0.001764
0.001890
0.003464
0.011086
0.004283
0.004157
0.001953
0.006740
0.003779
0.009007
0.003905
0.003149
0.002897
0.005039
0.004094
0.002268
0.003086
0.003590
0.001449
0.004724
0.002016
0.004031
0.003779
0.001953
0.002897
0.002331
0.004535
0.001071
0.001575
0.003149
0.000819
0.005039
0.001008
0.001323
0.004913
0.004409
0.001890
0.003338
0.011086
0.002708
0.001575
0.003212
0.002205
0.002079
0.003212
0.010897
0.003590
0.002708
0.003653
0.004724
0.001134
0.002205
0.003212
0.001071
0.002897
0.002520
0.001134
0.004850
0.002142
0.002960
0.002331
0.005039
0.003275
0.002708
0.002708
0.001386
0.003023
0.002708
0.002834
0.003842
0.004031
0.004598
0.002897
0.004787
0.004598
0.003023
0.003779
0.003086
0.002583
0.003527
0.011212
0.004472
0.001134
0.002142
0.001827
0.001008
0.001764
0.002079
0.002771
0.002016
0.003149
0.001386
0.003905
0.001449
0.001953
0.002016
0.002646
0.001323
0.001701
0.004850
0.005543
0.002205
0.004409
0.005102
0.003590
0.003464
0.002331
0.003842
0.003653
0.005858
0.002331
0.011275
0.003653
0.003086
0.001197
0.001890
0.001890
0.002268
0.001638
0.003716
0.001512
0.002205
0.001071
0.005858
0.001449
0.004283
0.001260
0.005543
0.001827
0.002520
0.001701
0.006236
0.003968
0.002142
0.003716
0.004031
0.004535
0.005669
0.011590
0.002960
0.002142
0.003149
0.003842
0.004850
0.002079
0.002897
0.000945
0.004220
0.002079
0.001953
0.004535
0.001134
0.001449
0.003338
0.004535
0.002520
0.002331
0.001638
0.001638
0.004157
0.001638
0.003338
0.002960
0.002331
0.002205
0.004031
0.004031
0.003149
0.003149
0.004724
