0.167045
0.002457
0.004724
0.006047
0.003275
0.001953
0.004598
0.003275
0.001323
0.001890
0.004094
0.002016
0.001575
0.002079
0.002583
0.005732
0.001764
0.001512
0.002016
0.004724
0.000504
0.001638
0.002834
0.001134
0.003023
0.002708
0.007811
0.005732
0.002520
0.002079
0.007370
0.015243
0.005732
0.003968
0.004157
0.004598
0.001449
0.004346
0.008251
0.002205
0.001890
0.002016
0.005795
0.000945
0.002834
0.001638
0.005228
0.001197
0.001701
0.000756
0.003905
0.001575
0.001071
0.001260
0.002268
0.000882
0.002708
0.003275
0.011779
0.002834
0.005480
0.002897
0.009574
0.002834
0.003212
0.003968
0.004724
0.006236
0.001260
0.007055
0.005165
0.002268
0.001386
0.005543
0.001386
0.003212
0.000882
0.006236
0.001827
0.004031
0.000819
0.002520
0.001638
0.003023
0.001386
0.002897
0.001134
0.001890
0.002771
0.008755
0.004976
0.004472
0.001197
0.006362
0.003842
0.007181
0.003401
0.003464
0.003905
0.004850
0.002331
0.002520
0.002583
0.003023
0.001575
0.004157
0.001008
0.002331
0.003653
0.001764
0.001449
0.002897
0.003149
0.001197
0.001575
0.002646
0.000630
0.003086
0.001701
0.000756
0.005984
0.004220
0.003464
0.002142
0.011401
0.003023
0.002079
0.003401
0.002457
0.002834
0.004409
0.012031
0.002457
0.002646
0.006362
0.004724
0.001134
0.001638
0.003905
0.000630
0.002205
0.001827
0.001323
0.005102
0.001449
0.001512
0.002394
0.004346
0.001323
0.001575
0.003464
0.001890
0.002646
0.001953
0.004157
0.004850
0.003653
0.003464
0.005102
0.006803
0.004346
0.002960
0.006929
0.002771
0.002016
0.003401
0.012850
0.002394
0.001701
0.001260
0.002520
0.000693
0.001890
0.001512
0.003023
0.002016
0.002457
0.000693
0.004409
0.000882
0.000882
0.002268
0.004220
0.001197
0.002079
0.003527
0.008251
0.001827
0.004976
0.004094
0.004976
0.003905
0.001701
0.004409
0.004283
0.005480
0.001827
0.009700
0.004724
0.003275
0.000819
0.002331
0.001197
0.001386
0.000945
0.002708
0.002079
0.002457
0.000819
0.004220
0.001638
0.003842
0.001071
0.004094
0.002394
0.002016
0.001134
0.007811
0.005039
0.001953
0.003086
0.004409
0.005291
0.006929
0.008881
0.002897
0.001953
0.003023
0.002457
0.003086
0.002268
0.002520
0.000693
0.003905
0.002205
0.001008
0.004157
0.000630
0.001323
0.002016
0.002708
0.001827
0.001575
0.002205
0.001071
0.002646
0.002268
0.002457
0.003338
0.002708
0.002457
0.003905
0.004535
0.003149
0.004220
0.004724
