0.163013
0.001953
0.002960
0.006488
0.004157
0.002205
0.003086
0.004913
0.002771
0.001197
0.002960
0.001953
0.002268
0.001764
0.001764
0.004787
0.002457
0.001890
0.001512
0.005102
0.001386
0.001953
0.003905
0.001512
0.002708
0.001575
0.004472
0.004661
0.002646
0.002016
0.005417
0.016377
0.007181
0.003338
0.002520
0.003716
0.002457
0.004094
0.006551
0.001386
0.002708
0.001449
0.003842
0.001134
0.004535
0.001512
0.006929
0.001638
0.002834
0.001764
0.002142
0.002079
0.002331
0.001764
0.001764
0.001260
0.004031
0.004535
0.007937
0.002897
0.006488
0.002583
0.011905
0.002771
0.003338
0.002583
0.002960
0.007055
0.002331
0.006551
0.003653
0.003275
0.001575
0.003842
0.001008
0.002394
0.001197
0.006110
0.001323
0.005291
0.001890
0.002142
0.001449
0.003086
0.001701
0.001638
0.001197
0.001386
0.003401
0.010078
0.003716
0.003968
0.002142
0.004976
0.002646
0.007874
0.005165
0.002646
0.002457
0.005480
0.004472
0.002771
0.002079
0.002897
0.002268
0.002771
0.000945
0.002394
0.005732
0.002394
0.001827
0.002205
0.006614
0.001323
0.001197
0.002394
0.001134
0.003464
0.001008
0.000882
0.007307
0.005291
0.001827
0.003212
0.017637
0.002897
0.001827
0.002646
0.002520
0.001827
0.001953
0.014550
0.002457
0.002079
0.004094
0.004661
0.001260
0.000882
0.003338
0.001071
0.003086
0.001638
0.001260
0.004535
0.001953
0.001764
0.001638
0.005165
0.002457
0.001575
0.003086
0.002205
0.003275
0.001575
0.003653
0.005291
0.004724
0.003023
0.002646
0.006803
0.006929
0.002331
0.003527
0.002708
0.003023
0.003968
0.009952
0.002583
0.002205
0.001449
0.001071
0.001071
0.002771
0.001449
0.001890
0.002079
0.004598
0.001197
0.004787
0.001071
0.002268
0.001449
0.003401
0.001134
0.002394
0.003716
0.005102
0.001890
0.005795
0.004346
0.002457
0.004346
0.002583
0.004157
0.002331
0.005921
0.003086
0.009889
0.003590
0.003842
0.001071
0.001575
0.001386
0.001449
0.001386
0.003401
0.001890
0.002520
0.001575
0.003653
0.001197
0.004157
0.001323
0.003275
0.001386
0.001764
0.002016
0.006677
0.004094
0.002016
0.003464
0.002646
0.003716
0.005606
0.012409
0.003275
0.001512
0.003149
0.004976
0.004409
0.002268
0.003401
0.000819
0.002771
0.001449
0.001575
0.005291
0.001071
0.001134
0.002205
0.006110
0.002331
0.001260
0.002142
0.001764
0.003023
0.001197
0.001890
0.004787
0.002960
0.001323
0.003149
0.006551
0.003464
0.002646
0.005228
