0.166541
0.003338
0.003023
0.004661
0.003275
0.002646
0.002394
0.004031
0.002016
0.001512
0.002268
0.002268
0.002142
0.002205
0.001764
0.005606
0.002771
0.001449
0.001008
0.004787
0.001071
0.001449
0.003590
0.001134
0.002646
0.002268
0.003653
0.005606
0.002834
0.001323
0.009637
0.015054
0.006614
0.004598
0.002771
0.004283
0.001449
0.004598
0.006929
0.001260
0.001638
0.001764
0.003653
0.001134
0.004094
0.001575
0.007622
0.001449
0.001575
0.001764
0.002897
0.001323
0.001638
0.001386
0.001197
0.000378
0.003653
0.003023
0.011653
0.001701
0.006677
0.003653
0.012724
0.001827
0.004913
0.003842
0.004094
0.006047
0.001701
0.006425
0.004283
0.002268
0.001323
0.004346
0.001071
0.001953
0.001512
0.005984
0.001323
0.004157
0.001575
0.002897
0.000693
0.003401
0.000756
0.001953
0.001827
0.001386
0.002457
0.010960
0.003149
0.002708
0.002079
0.005480
0.002205
0.007433
0.004031
0.003464
0.003338
0.004850
0.003527
0.002457
0.002016
0.003779
0.002016
0.004220
0.001764
0.002457
0.004787
0.002394
0.001638
0.001197
0.005228
0.001260
0.001638
0.002708
0.001197
0.003716
0.000819
0.000567
0.008125
0.004724
0.002079
0.003338
0.019652
0.003779
0.001512
0.003527
0.002960
0.001449
0.002205
0.011401
0.002708
0.002205
0.003023
0.004031
0.000819
0.001071
0.004724
0.000819
0.002394
0.002142
0.001260
0.005984
0.002016
0.001701
0.001323
0.004157
0.002394
0.000882
0.001953
0.001764
0.003023
0.002708
0.003086
0.003905
0.005102
0.003905
0.002394
0.004850
0.005354
0.001953
0.003716
0.002016
0.002583
0.003968
0.010204
0.002016
0.002142
0.001575
0.001197
0.001071
0.002268
0.002016
0.003716
0.001512
0.003527
0.001512
0.005417
0.001575
0.001575
0.001701
0.003779
0.001071
0.001827
0.004409
0.006425
0.001701
0.006740
0.004535
0.003086
0.004535
0.002457
0.004472
0.002268
0.003905
0.002583
0.011464
0.002771
0.002331
0.001008
0.001575
0.000945
0.002016
0.001575
0.002834
0.001008
0.002583
0.001008
0.007055
0.001386
0.003527
0.001197
0.002771
0.001701
0.001827
0.002457
0.006929
0.003338
0.001449
0.004220
0.003527
0.004535
0.006551
0.012976
0.003023
0.001197
0.002960
0.004661
0.005480
0.001638
0.003086
0.001134
0.004661
0.001449
0.001008
0.005732
0.001575
0.001071
0.002457
0.004094
0.001827
0.001449
0.002834
0.001764
0.003401
0.001449
0.002897
0.003023
0.003464
0.002268
0.003464
0.005858
0.003968
0.003401
0.005921
