0.168997
0.003338
0.002897
0.004346
0.002960
0.002771
0.003338
0.003653
0.003716
0.002268
0.004409
0.003464
0.001953
0.003401
0.003023
0.004976
0.001701
0.001701
0.002268
0.007370
0.001386
0.001701
0.005480
0.002142
0.002771
0.001827
0.004346
0.005354
0.002016
0.002331
0.007811
0.008377
0.004850
0.004409
0.003275
0.003401
0.001764
0.002205
0.005921
0.002520
0.002142
0.002646
0.004031
0.002394
0.002394
0.001827
0.004724
0.002268
0.001512
0.001575
0.002268
0.003905
0.000756
0.002520
0.001953
0.002016
0.002708
0.003842
0.006299
0.003779
0.005102
0.003464
0.007433
0.003968
0.003338
0.003023
0.004157
0.006551
0.001701
0.005102
0.003149
0.002394
0.001197
0.005354
0.002457
0.003212
0.001449
0.007937
0.002583
0.003842
0.001512
0.002205
0.002268
0.002646
0.000630
0.001953
0.002834
0.001890
0.003149
0.005795
0.004472
0.002834
0.002268
0.004346
0.004598
0.006488
0.002646
0.001953
0.002708
0.005480
0.003149
0.001890
0.002268
0.003905
0.001890
0.003464
0.001575
0.003464
0.002646
0.001953
0.003275
0.002834
0.004094
0.001449
0.001890
0.003275
0.000819
0.004409
0.001260
0.002520
0.004724
0.002646
0.002079
0.003590
0.012787
0.003149
0.002268
0.003338
0.002457
0.002205
0.003968
0.012976
0.002646
0.002960
0.006110
0.005228
0.001386
0.001386
0.003653
0.001323
0.001890
0.002520
0.001575
0.005228
0.001638
0.002142
0.002834
0.007370
0.002520
0.002331
0.004913
0.002897
0.002960
0.002583
0.003023
0.002897
0.004157
0.002834
0.003023
0.005228
0.006110
0.003023
0.004094
0.003464
0.002583
0.002268
0.010015
0.003590
0.001701
0.001827
0.002079
0.001323
0.000819
0.002394
0.002268
0.002771
0.002708
0.001386
0.003905
0.002960
0.002142
0.001323
0.005291
0.001638
0.001953
0.002394
0.005543
0.002834
0.003401
0.004157
0.003086
0.004787
0.001512
0.003149
0.003023
0.006992
0.002142
0.010645
0.004031
0.003023
0.000819
0.001827
0.002016
0.002520
0.001512
0.002708
0.002268
0.002646
0.001449
0.006551
0.002394
0.005480
0.001260
0.004472
0.002205
0.002834
0.001953
0.004535
0.002960
0.002268
0.002771
0.002394
0.003905
0.005543
0.009196
0.002268
0.002457
0.004220
0.002960
0.003968
0.002205
0.003401
0.000567
0.003653
0.001386
0.002394
0.003590
0.001512
0.001638
0.003275
0.003968
0.001953
0.003023
0.002520
0.000945
0.005732
0.002268
0.004598
0.002457
0.001890
0.002016
0.003716
0.002331
0.002834
0.002771
0.005102
