0.158982
0.002268
0.002960
0.003905
0.002583
0.002646
0.002708
0.002583
0.003401
0.001701
0.003275
0.002331
0.002583
0.003212
0.002583
0.005354
0.002897
0.001638
0.001197
0.003905
0.001386
0.001386
0.003905
0.001512
0.002646
0.002331
0.005102
0.005480
0.002268
0.002583
0.004787
0.008062
0.004913
0.002897
0.004157
0.002708
0.001323
0.004409
0.006173
0.002394
0.002771
0.002520
0.004283
0.001701
0.003779
0.002331
0.005732
0.001953
0.001890
0.001764
0.002708
0.002394
0.002331
0.002520
0.002520
0.000945
0.004031
0.004913
0.007055
0.003968
0.006236
0.004850
0.006110
0.002834
0.003212
0.003464
0.003779
0.005228
0.001890
0.006299
0.004157
0.001386
0.002331
0.004409
0.002646
0.002708
0.001575
0.003842
0.002079
0.004661
0.001827
0.002079
0.002142
0.001953
0.001386
0.002394
0.002583
0.002016
0.004598
0.007874
0.004724
0.003527
0.003779
0.004157
0.004283
0.006677
0.003212
0.002897
0.003149
0.003905
0.003212
0.002520
0.003338
0.002897
0.003086
0.003968
0.002268
0.002646
0.004157
0.002457
0.003464
0.002771
0.003842
0.001260
0.001764
0.002520
0.001260
0.004220
0.001701
0.000882
0.005291
0.003842
0.002646
0.003842
0.008755
0.005480
0.002268
0.002583
0.002960
0.002457
0.004724
0.009889
0.002646
0.002960
0.005795
0.004661
0.001890
0.001764
0.003023
0.001197
0.002583
0.001701
0.001449
0.003275
0.001764
0.003275
0.002583
0.005543
0.003968
0.002394
0.004535
0.002205
0.002268
0.002394
0.002834
0.002897
0.004031
0.002079
0.002897
0.003716
0.007307
0.005291
0.005228
0.004220
0.003149
0.004850
0.010330
0.003275
0.001701
0.001953
0.001890
0.000756
0.001512
0.001953
0.003212
0.001953
0.004220
0.002016
0.006299
0.001701
0.001827
0.002834
0.004787
0.001134
0.002079
0.004409
0.004535
0.002771
0.004031
0.004535
0.003527
0.003590
0.003842
0.004346
0.004220
0.006803
0.004031
0.010141
0.004094
0.002142
0.000882
0.001512
0.001512
0.001575
0.002394
0.002583
0.001890
0.001953
0.002268
0.003275
0.002394
0.004220
0.002142
0.003716
0.002205
0.002457
0.002771
0.004031
0.003338
0.001701
0.003968
0.003590
0.004346
0.003968
0.009448
0.003842
0.002834
0.003149
0.004220
0.005669
0.003086
0.002897
0.001197
0.003527
0.001953
0.001953
0.003968
0.001638
0.002708
0.002205
0.005291
0.002520
0.002394
0.002079
0.003401
0.005039
0.002331
0.002331
0.003464
0.002394
0.002583
0.002708
0.003086
0.003086
0.002457
0.003968
