0.160620
0.003149
0.002457
0.005795
0.002646
0.002960
0.002520
0.004346
0.003338
0.001764
0.003653
0.002897
0.001890
0.003653
0.002268
0.005732
0.001449
0.002583
0.000945
0.006803
0.001386
0.001638
0.003779
0.001512
0.002771
0.002457
0.003653
0.006614
0.002897
0.002708
0.005291
0.011023
0.004850
0.004283
0.003023
0.004157
0.001512
0.002897
0.005039
0.003023
0.001890
0.002394
0.002771
0.002016
0.002079
0.001827
0.004913
0.001260
0.001386
0.002079
0.002205
0.002583
0.001512
0.002268
0.001071
0.001953
0.001953
0.003716
0.007118
0.004913
0.007118
0.004976
0.007181
0.003338
0.003716
0.003464
0.003149
0.006866
0.002016
0.006236
0.003653
0.001827
0.001071
0.005102
0.001890
0.003779
0.001764
0.006929
0.001701
0.003527
0.002897
0.003275
0.001890
0.002331
0.001449
0.001575
0.001953
0.001890
0.003275
0.007496
0.004598
0.003968
0.003653
0.003968
0.004724
0.006047
0.003023
0.002457
0.002771
0.005606
0.002394
0.002394
0.002834
0.003590
0.002394
0.003590
0.002016
0.004850
0.003905
0.002583
0.002268
0.003149
0.004220
0.001512
0.001134
0.002960
0.000882
0.004346
0.001008
0.002016
0.004976
0.003779
0.001890
0.003779
0.007118
0.004724
0.002646
0.004346
0.002268
0.003023
0.004157
0.012913
0.002331
0.002394
0.005354
0.005606
0.002142
0.002016
0.002646
0.001890
0.001386
0.002142
0.001701
0.005102
0.001575
0.002960
0.002142
0.006551
0.003086
0.001827
0.004283
0.002583
0.002457
0.002583
0.002520
0.005102
0.002897
0.003527
0.002268
0.004913
0.005480
0.003716
0.003464
0.003905
0.002268
0.004157
0.009448
0.004031
0.001575
0.001701
0.001449
0.001260
0.001386
0.001890
0.002016
0.003023
0.002708
0.002457
0.004094
0.001764
0.001197
0.002268
0.003275
0.001512
0.001575
0.003275
0.004094
0.003149
0.003212
0.005354
0.003653
0.004535
0.002897
0.004598
0.004409
0.007118
0.002646
0.010267
0.003779
0.004157
0.001512
0.001953
0.001512
0.002079
0.002079
0.003716
0.001701
0.002142
0.002079
0.006677
0.002205
0.003779
0.001638
0.004220
0.001575
0.001890
0.001386
0.005858
0.003212
0.001953
0.003653
0.003401
0.004598
0.005417
0.009763
0.003653
0.002394
0.003716
0.003779
0.004094
0.002142
0.003590
0.000882
0.003338
0.001512
0.001638
0.002960
0.001701
0.002142
0.003464
0.004976
0.003464
0.002079
0.003212
0.001701
0.005291
0.001764
0.003590
0.002708
0.002079
0.002205
0.003968
0.002708
0.002394
0.002079
0.004346
