0.159486
0.003401
0.003842
0.006488
0.002834
0.002960
0.002897
0.003716
0.002646
0.001449
0.004472
0.002331
0.001764
0.001575
0.002520
0.005795
0.002205
0.002142
0.001890
0.005039
0.001323
0.001764
0.004220
0.001953
0.002708
0.002331
0.004787
0.006110
0.002583
0.002394
0.006803
0.013605
0.004094
0.004535
0.004220
0.004598
0.001386
0.003086
0.007244
0.002583
0.001953
0.001575
0.004598
0.001449
0.002771
0.001638
0.008125
0.001638
0.001386
0.001890
0.003275
0.002016
0.001071
0.002142
0.002268
0.001323
0.002771
0.003149
0.010141
0.004157
0.005606
0.002771
0.008125
0.003401
0.004031
0.003779
0.004850
0.007055
0.001701
0.005732
0.004094
0.002771
0.000819
0.004787
0.002394
0.001890
0.001323
0.005732
0.001953
0.003968
0.001323
0.002079
0.001953
0.001701
0.000882
0.002205
0.001890
0.001827
0.002583
0.008692
0.005417
0.004031
0.001386
0.005480
0.004535
0.007496
0.002960
0.001638
0.003338
0.005480
0.002771
0.002142
0.002897
0.004157
0.001575
0.004031
0.001953
0.002583
0.003590
0.002079
0.003275
0.002331
0.003968
0.000630
0.002142
0.002583
0.001008
0.003086
0.001260
0.001512
0.003275
0.004094
0.003023
0.003716
0.010393
0.002834
0.002708
0.003149
0.001953
0.002079
0.004535
0.013479
0.002457
0.001701
0.004724
0.005984
0.001575
0.002457
0.004031
0.001323
0.002142
0.001575
0.001764
0.004283
0.002142
0.002457
0.002331
0.004094
0.002016
0.001701
0.004094
0.002708
0.002834
0.003149
0.002897
0.005165
0.003527
0.003401
0.003842
0.006173
0.003905
0.002960
0.005039
0.003338
0.002331
0.003527
0.011212
0.003653
0.001197
0.001701
0.002079
0.001890
0.001260
0.001575
0.003527
0.002520
0.002142
0.001071
0.004220
0.001512
0.001323
0.002520
0.004472
0.001512
0.001512
0.003464
0.007181
0.002897
0.004598
0.004031
0.003212
0.005480
0.001638
0.004094
0.004220
0.006362
0.002708
0.008755
0.004976
0.004346
0.001323
0.002834
0.001449
0.002016
0.001701
0.003401
0.002079
0.002708
0.000630
0.003464
0.002268
0.004157
0.001134
0.003779
0.002205
0.002205
0.001575
0.006362
0.004976
0.002583
0.003653
0.003653
0.005417
0.006677
0.009196
0.001953
0.002708
0.003590
0.003275
0.002520
0.002268
0.002960
0.001008
0.003527
0.001827
0.001260
0.003716
0.000882
0.002331
0.002268
0.002897
0.001512
0.002394
0.001638
0.001764
0.003779
0.001701
0.002771
0.002583
0.003212
0.002646
0.004031
0.004472
0.002771
0.003086
0.005102
