0.163139
0.003464
0.003779
0.005291
0.002771
0.001197
0.003842
0.005543
0.001701
0.001260
0.005795
0.003905
0.001449
0.001638
0.004283
0.006551
0.001701
0.001071
0.001701
0.006362
0.000504
0.000630
0.004283
0.002394
0.002457
0.002079
0.005669
0.007937
0.002708
0.001575
0.006677
0.014487
0.005417
0.004472
0.003275
0.003023
0.001260
0.002897
0.006803
0.001764
0.002520
0.001827
0.004535
0.001071
0.002583
0.001197
0.005921
0.001071
0.001638
0.001575
0.002834
0.001449
0.001134
0.000882
0.002771
0.001260
0.003023
0.002331
0.009763
0.002834
0.005984
0.003086
0.016629
0.001890
0.003338
0.003716
0.004031
0.006677
0.001449
0.008125
0.002583
0.002457
0.000630
0.003275
0.002016
0.003968
0.000693
0.007370
0.001386
0.004283
0.001134
0.001890
0.001890
0.002708
0.000882
0.001953
0.001260
0.002142
0.001512
0.009952
0.003464
0.004661
0.001575
0.007559
0.002331
0.007937
0.004535
0.002834
0.003086
0.003149
0.003086
0.003338
0.001575
0.004346
0.001890
0.003149
0.001638
0.002079
0.004535
0.002583
0.001890
0.001953
0.004472
0.001701
0.001134
0.001386
0.001071
0.003779
0.000882
0.002079
0.007055
0.005039
0.002142
0.002708
0.013794
0.003905
0.000819
0.002897
0.002205
0.001764
0.004724
0.014676
0.002708
0.001575
0.005291
0.006866
0.000693
0.000756
0.003968
0.002016
0.001638
0.001134
0.002016
0.005354
0.000882
0.001575
0.002394
0.006236
0.001701
0.001512
0.005858
0.003275
0.003023
0.001701
0.003842
0.006110
0.002771
0.002708
0.004913
0.005921
0.004472
0.002394
0.005102
0.003275
0.002708
0.003905
0.008629
0.002646
0.001638
0.001008
0.002583
0.001638
0.001260
0.001638
0.003275
0.001701
0.001827
0.000819
0.005543
0.001071
0.001386
0.001197
0.003968
0.001260
0.001953
0.002079
0.007433
0.002520
0.004787
0.005039
0.003968
0.002457
0.001638
0.004472
0.002457
0.008251
0.002016
0.009511
0.003023
0.004724
0.001764
0.001638
0.001323
0.002268
0.000945
0.003275
0.002016
0.002646
0.000693
0.006551
0.001071
0.004283
0.001008
0.003401
0.002394
0.002771
0.002016
0.006488
0.003023
0.002960
0.002520
0.004220
0.004535
0.006173
0.013102
0.003086
0.001575
0.002520
0.003905
0.005228
0.002520
0.002268
0.001008
0.004346
0.000945
0.001071
0.004094
0.001260
0.001512
0.001512
0.003842
0.001512
0.002079
0.002708
0.001512
0.003086
0.001764
0.001953
0.003401
0.002268
0.001197
0.002834
0.003149
0.003212
0.002331
0.004220
