0.150290
0.003086
0.005039
0.004661
0.003086
0.001764
0.004850
0.004598
0.003086
0.001449
0.004031
0.002520
0.001701
0.001071
0.002079
0.005102
0.002142
0.001449
0.001323
0.005228
0.001134
0.001449
0.003716
0.002205
0.003338
0.002394
0.006740
0.007055
0.002520
0.001764
0.007685
0.014172
0.005669
0.004787
0.003968
0.004094
0.001827
0.003212
0.006992
0.001890
0.003023
0.001701
0.003275
0.001008
0.003779
0.001197
0.004535
0.001827
0.002016
0.001323
0.003212
0.002394
0.001701
0.001008
0.002268
0.000945
0.003527
0.002834
0.010204
0.004094
0.007118
0.002520
0.007999
0.003527
0.003905
0.003590
0.003779
0.005858
0.002142
0.007433
0.004031
0.002708
0.001386
0.003968
0.002079
0.002834
0.000882
0.004598
0.001953
0.004661
0.001071
0.002834
0.002079
0.002897
0.001134
0.001890
0.002079
0.001764
0.002457
0.010834
0.004724
0.003779
0.001575
0.007937
0.002897
0.010456
0.004598
0.004787
0.002834
0.004472
0.004157
0.003338
0.002646
0.003212
0.002142
0.004472
0.001827
0.001953
0.005102
0.001701
0.001827
0.001260
0.005417
0.000756
0.001386
0.002331
0.001575
0.003968
0.001260
0.001134
0.007559
0.006173
0.002457
0.002834
0.011968
0.005102
0.002457
0.002960
0.002331
0.001323
0.004661
0.011149
0.002583
0.002079
0.005921
0.006047
0.001323
0.001197
0.004031
0.001701
0.002331
0.002142
0.001890
0.005102
0.000567
0.001071
0.002394
0.005039
0.001953
0.001071
0.003275
0.001953
0.003023
0.002016
0.004850
0.004346
0.003779
0.003527
0.004472
0.005228
0.005543
0.001953
0.004157
0.002268
0.002960
0.003275
0.010015
0.002771
0.001764
0.001197
0.001890
0.001134
0.002457
0.001512
0.002394
0.001512
0.002708
0.000693
0.004283
0.001260
0.001449
0.001134
0.003149
0.001071
0.002205
0.003338
0.007370
0.002331
0.005291
0.005165
0.003968
0.003716
0.001260
0.004409
0.002897
0.006110
0.002394
0.009763
0.004535
0.003086
0.001260
0.001953
0.001953
0.001953
0.001386
0.002268
0.001449
0.002771
0.000819
0.005291
0.001827
0.002646
0.000945
0.003149
0.002079
0.002016
0.001827
0.007370
0.003716
0.002960
0.004157
0.004472
0.004220
0.006551
0.011086
0.002708
0.001575
0.002520
0.004850
0.003653
0.002394
0.002268
0.001260
0.004031
0.001512
0.001764
0.003842
0.001008
0.001953
0.002960
0.003968
0.001890
0.001638
0.001575
0.002016
0.002394
0.002016
0.002205
0.003842
0.002960
0.002834
0.002897
0.005669
0.004787
0.002960
0.005102
