0.151738
0.003275
0.003464
0.007685
0.002960
0.002142
0.003464
0.004031
0.002960
0.001575
0.005480
0.003590
0.001890
0.001764
0.002457
0.008251
0.001827
0.001449
0.001575
0.006677
0.001134
0.001701
0.004157
0.002079
0.002646
0.002016
0.005102
0.007307
0.001701
0.001953
0.004031
0.013857
0.003842
0.002960
0.003842
0.004787
0.001575
0.003968
0.005921
0.001827
0.002708
0.001953
0.004913
0.002016
0.003086
0.001827
0.005165
0.001449
0.001638
0.001890
0.002708
0.002394
0.001386
0.001323
0.003149
0.001764
0.002331
0.003338
0.008944
0.003212
0.005543
0.002331
0.005228
0.002331
0.003275
0.002583
0.003527
0.006929
0.002016
0.005921
0.003401
0.002771
0.001008
0.005480
0.002016
0.003464
0.000693
0.006992
0.001701
0.006047
0.001575
0.003149
0.002583
0.003149
0.000756
0.001575
0.001953
0.002897
0.001827
0.009448
0.003275
0.003779
0.001953
0.005669
0.003275
0.010015
0.004346
0.002394
0.002708
0.006236
0.003338
0.003464
0.003275
0.003590
0.002646
0.003275
0.002646
0.003023
0.005669
0.002708
0.002708
0.001575
0.002646
0.001575
0.001386
0.003401
0.001134
0.004220
0.002331
0.001197
0.005039
0.005039
0.001638
0.003086
0.007685
0.003653
0.001386
0.003401
0.001764
0.001701
0.002646
0.012913
0.002268
0.002268
0.006110
0.006047
0.001512
0.001512
0.003968
0.001575
0.002457
0.002331
0.001638
0.006929
0.001197
0.001575
0.002583
0.006362
0.002268
0.001701
0.006047
0.003905
0.002268
0.001890
0.003905
0.005921
0.002583
0.003968
0.003086
0.007559
0.004913
0.002268
0.003842
0.002834
0.001890
0.003212
0.010330
0.002897
0.002583
0.001323
0.003086
0.001575
0.001449
0.001701
0.003212
0.002457
0.002834
0.001386
0.004472
0.001512
0.002016
0.002016
0.004661
0.001953
0.001890
0.003401
0.004724
0.002646
0.005165
0.004472
0.002394
0.004220
0.002079
0.003086
0.002834
0.008188
0.002205
0.008944
0.002960
0.003086
0.001260
0.001827
0.002079
0.002708
0.001197
0.003401
0.001890
0.002834
0.000882
0.004724
0.002079
0.004724
0.001197
0.003275
0.001701
0.003212
0.001575
0.006488
0.003212
0.003212
0.003086
0.004913
0.003464
0.006614
0.008314
0.002583
0.002079
0.003149
0.004220
0.004346
0.002897
0.003086
0.000756
0.003275
0.001638
0.002142
0.004157
0.001386
0.001764
0.002834
0.004346
0.002016
0.002079
0.002394
0.001827
0.003464
0.002394
0.002708
0.002771
0.002834
0.002268
0.003779
0.003527
0.003401
0.002897
0.005543
