0.191421
0.003212
0.001890
0.002771
0.004094
0.003905
0.002897
0.002016
0.005354
0.003527
0.003716
0.001260
0.005165
0.005039
0.001701
0.003149
0.004220
0.002331
0.001512
0.004535
0.002708
0.002142
0.004409
0.001134
0.002708
0.002268
0.002583
0.002016
0.002771
0.003653
0.002457
0.002708
0.004472
0.004094
0.002205
0.004283
0.002079
0.003086
0.004220
0.003149
0.001953
0.002708
0.002520
0.002079
0.002708
0.001953
0.002897
0.002520
0.001827
0.003590
0.001827
0.004661
0.002079
0.003905
0.001953
0.002079
0.002016
0.003590
0.005417
0.003527
0.004913
0.005165
0.002331
0.002960
0.003086
0.002960
0.002708
0.006299
0.002016
0.004913
0.002708
0.002268
0.001890
0.002834
0.001449
0.002079
0.002457
0.004283
0.002016
0.002583
0.004976
0.002834
0.002834
0.002079
0.002708
0.002079
0.002708
0.000819
0.004661
0.005417
0.003779
0.002016
0.003842
0.003149
0.003905
0.005291
0.003527
0.001953
0.003338
0.006488
0.002142
0.002520
0.003716
0.003401
0.002520
0.003401
0.003968
0.005732
0.003653
0.001953
0.004598
0.003842
0.005417
0.001701
0.001512
0.003338
0.003275
0.003905
0.002268
0.002708
0.002016
0.003212
0.002646
0.002646
0.004157
0.002457
0.003023
0.002205
0.003527
0.003023
0.002646
0.005039
0.003338
0.003338
0.003464
0.002394
0.003401
0.002897
0.002268
0.001323
0.003779
0.004283
0.002520
0.003212
0.003149
0.003779
0.002457
0.007244
0.003338
0.002331
0.004913
0.002646
0.002079
0.002897
0.002205
0.002142
0.004031
0.002583
0.003716
0.003275
0.006866
0.003590
0.002394
0.003023
0.002331
0.002897
0.008377
0.004094
0.002520
0.002457
0.002016
0.001953
0.002520
0.001764
0.002897
0.004094
0.004031
0.002960
0.002583
0.002205
0.002331
0.002205
0.003086
0.002268
0.001953
0.004283
0.002834
0.003527
0.002583
0.004598
0.002016
0.004472
0.003653
0.004031
0.003338
0.008251
0.003086
0.008944
0.003464
0.002268
0.001953
0.002016
0.002834
0.001260
0.002331
0.002834
0.001764
0.001701
0.002834
0.003275
0.002771
0.003464
0.002771
0.003968
0.002457
0.001953
0.003212
0.003842
0.004472
0.002331
0.003968
0.002960
0.003275
0.003716
0.004850
0.003401
0.003086
0.002708
0.002960
0.004472
0.002646
0.002457
0.002457
0.003149
0.002771
0.002394
0.003401
0.002646
0.004031
0.004031
0.007559
0.002708
0.002457
0.002079
0.003527
0.005921
0.002457
0.003212
0.002646
0.001638
0.002960
0.002142
0.002331
0.003590
0.002771
0.003653
