0.159297
0.003653
0.004724
0.004850
0.003527
0.001764
0.003149
0.004535
0.002457
0.001764
0.003338
0.003086
0.001701
0.001449
0.002834
0.005291
0.002079
0.001449
0.000882
0.005354
0.001260
0.001323
0.003842
0.001323
0.002268
0.002142
0.006110
0.006110
0.002520
0.001512
0.008944
0.013668
0.004850
0.004724
0.003464
0.003527
0.001701
0.003023
0.005543
0.002268
0.003464
0.002457
0.005165
0.001008
0.003590
0.001827
0.007937
0.001260
0.001260
0.001512
0.004157
0.001197
0.001260
0.001197
0.001953
0.001701
0.002394
0.003842
0.010708
0.003023
0.004976
0.002268
0.009322
0.001638
0.003779
0.005165
0.005165
0.006236
0.001575
0.006110
0.003527
0.002583
0.000819
0.004787
0.001764
0.002268
0.000945
0.007118
0.001512
0.003716
0.000945
0.003023
0.001449
0.002268
0.000819
0.002016
0.001134
0.002142
0.001575
0.011968
0.004661
0.002960
0.001449
0.007118
0.003023
0.006929
0.004346
0.002708
0.002960
0.004283
0.002708
0.002771
0.002268
0.003590
0.001701
0.003653
0.002079
0.002897
0.003779
0.002331
0.001575
0.002331
0.004409
0.001197
0.001512
0.002960
0.001134
0.004220
0.001512
0.001449
0.006362
0.005039
0.002268
0.002960
0.018393
0.003149
0.001449
0.003590
0.001953
0.000945
0.003779
0.012976
0.001953
0.002079
0.004724
0.005354
0.001260
0.000945
0.003149
0.001323
0.002331
0.001323
0.001323
0.006236
0.001449
0.001512
0.002205
0.004472
0.002394
0.001701
0.003338
0.002520
0.003275
0.002142
0.003653
0.003905
0.004031
0.004661
0.004157
0.005417
0.004346
0.001953
0.005480
0.002268
0.002268
0.004031
0.011968
0.002331
0.001953
0.001449
0.002268
0.001638
0.001701
0.001701
0.004094
0.000882
0.002583
0.001008
0.005543
0.001638
0.002520
0.001701
0.003905
0.001323
0.001827
0.003086
0.007937
0.001260
0.006425
0.004850
0.004787
0.003464
0.001890
0.003716
0.002331
0.005606
0.001071
0.009385
0.004031
0.003275
0.000945
0.002960
0.001071
0.001701
0.001575
0.003842
0.001638
0.002708
0.000693
0.005543
0.001512
0.003653
0.000756
0.004850
0.001512
0.002331
0.001323
0.008062
0.003527
0.002142
0.003212
0.005354
0.004661
0.006992
0.010519
0.003338
0.001827
0.002708
0.003842
0.003527
0.002457
0.002016
0.001197
0.004157
0.001512
0.001827
0.005354
0.000882
0.001638
0.001764
0.003464
0.002079
0.001449
0.001638
0.001890
0.003464
0.001764
0.002897
0.002583
0.003023
0.002331
0.003275
0.004472
0.003149
0.004094
0.004787
