0.157722
0.002897
0.004283
0.006047
0.003275
0.001827
0.003716
0.004598
0.002520
0.001449
0.004220
0.003023
0.001512
0.001890
0.002897
0.005480
0.001638
0.001260
0.001953
0.006362
0.001134
0.001638
0.004472
0.001134
0.003023
0.001764
0.006740
0.005795
0.001764
0.002016
0.009574
0.011905
0.004724
0.004283
0.005039
0.004220
0.001323
0.002708
0.007181
0.002708
0.001764
0.002205
0.004346
0.001701
0.003464
0.001512
0.007181
0.001323
0.001386
0.001386
0.003338
0.002583
0.001449
0.001197
0.002016
0.001323
0.003149
0.003023
0.012913
0.003338
0.004661
0.002457
0.009259
0.003023
0.003401
0.003275
0.005984
0.006047
0.001449
0.006236
0.004031
0.002394
0.001071
0.004157
0.002268
0.003023
0.001449
0.004976
0.001512
0.004094
0.000945
0.003086
0.002016
0.001764
0.001260
0.001764
0.001827
0.001890
0.001827
0.009763
0.004661
0.004157
0.001638
0.005921
0.003527
0.007559
0.002834
0.002583
0.003968
0.004850
0.002079
0.002205
0.002708
0.004031
0.001449
0.004346
0.002583
0.002646
0.004787
0.001386
0.001953
0.001953
0.004409
0.000882
0.001449
0.003023
0.000819
0.003968
0.002079
0.001512
0.004157
0.003149
0.002771
0.003086
0.014613
0.002834
0.002520
0.003590
0.002520
0.002016
0.004535
0.012535
0.002205
0.001701
0.006299
0.006425
0.001008
0.001827
0.004220
0.001323
0.002205
0.001764
0.002016
0.005669
0.001512
0.001575
0.002583
0.003716
0.002268
0.002205
0.003653
0.002331
0.003212
0.002079
0.003338
0.004220
0.003527
0.003779
0.005291
0.005165
0.004913
0.002960
0.005732
0.003842
0.002520
0.002205
0.011212
0.004094
0.001827
0.001827
0.001764
0.001323
0.001449
0.001512
0.002708
0.001764
0.002771
0.001575
0.006047
0.001008
0.001827
0.001197
0.004220
0.001638
0.001512
0.003149
0.007999
0.002520
0.004535
0.004724
0.004913
0.004850
0.001260
0.004283
0.004031
0.005795
0.001827
0.008377
0.003149
0.003212
0.001008
0.001449
0.001638
0.001323
0.001197
0.003275
0.002079
0.002457
0.000756
0.005480
0.001827
0.003149
0.001134
0.003212
0.001827
0.002583
0.001134
0.006929
0.003779
0.002268
0.003716
0.003023
0.005984
0.006173
0.010519
0.003149
0.002457
0.003212
0.003590
0.003086
0.003212
0.003149
0.000756
0.003464
0.001512
0.000819
0.004535
0.001386
0.001575
0.002583
0.002960
0.001638
0.002079
0.002394
0.001701
0.003212
0.001323
0.002520
0.003212
0.001638
0.002960
0.003653
0.002394
0.002457
0.005102
0.005669
