0.156966
0.002708
0.003590
0.004661
0.002646
0.002457
0.003401
0.003653
0.002897
0.002016
0.003716
0.001890
0.001953
0.003716
0.002771
0.005102
0.002142
0.001638
0.001890
0.004976
0.001134
0.002646
0.003527
0.001512
0.002708
0.002079
0.005228
0.005102
0.002897
0.002771
0.007370
0.011086
0.004094
0.003968
0.004409
0.004409
0.001071
0.004031
0.007370
0.002016
0.002142
0.002646
0.004535
0.001953
0.003023
0.002268
0.004787
0.001323
0.001134
0.001764
0.002708
0.002960
0.001512
0.002079
0.002079
0.001701
0.002205
0.004535
0.010582
0.003842
0.004661
0.004157
0.007307
0.003275
0.004094
0.003023
0.004472
0.005606
0.001386
0.005480
0.003905
0.002394
0.001701
0.003968
0.002142
0.003275
0.001197
0.004787
0.002016
0.003779
0.001890
0.003086
0.002834
0.001701
0.001134
0.002457
0.002583
0.002268
0.002457
0.010267
0.004472
0.003968
0.002331
0.004535
0.005228
0.006677
0.003275
0.001890
0.003086
0.004850
0.002771
0.002583
0.003779
0.003653
0.001764
0.004913
0.001827
0.003086
0.003338
0.002016
0.003464
0.002394
0.003212
0.001197
0.001953
0.003212
0.001008
0.003653
0.001827
0.002142
0.003653
0.005102
0.002016
0.003905
0.012787
0.002897
0.002583
0.003842
0.002394
0.001575
0.004535
0.011212
0.002834
0.003086
0.006551
0.005291
0.001827
0.002142
0.003401
0.001260
0.002457
0.002394
0.001449
0.004787
0.002205
0.002834
0.002583
0.005228
0.002016
0.002708
0.004409
0.002079
0.002708
0.002142
0.003968
0.004535
0.003905
0.003527
0.003590
0.004409
0.004598
0.003590
0.005039
0.004472
0.001764
0.003338
0.009889
0.003842
0.001323
0.001638
0.002646
0.001512
0.001323
0.002457
0.003275
0.002394
0.003401
0.001764
0.004220
0.002016
0.001701
0.002142
0.004094
0.001512
0.001260
0.004220
0.006929
0.003212
0.004409
0.003716
0.002834
0.004787
0.003086
0.004220
0.005039
0.006803
0.002331
0.008944
0.004598
0.002771
0.000756
0.002268
0.001512
0.001764
0.002142
0.002394
0.002457
0.001701
0.001260
0.003401
0.002960
0.002960
0.001134
0.002960
0.001764
0.002205
0.002016
0.005606
0.003968
0.002205
0.003716
0.003212
0.006236
0.005102
0.007181
0.002960
0.002583
0.002960
0.002771
0.004409
0.001953
0.003716
0.001260
0.003653
0.001890
0.001512
0.003086
0.000819
0.002331
0.002520
0.003338
0.001890
0.002708
0.002268
0.002205
0.003905
0.002457
0.003716
0.002708
0.002708
0.002771
0.003590
0.003086
0.002583
0.003338
0.004094
