0.166352
0.002708
0.005291
0.006236
0.002646
0.001827
0.005039
0.004661
0.002520
0.001890
0.004535
0.002520
0.001512
0.002331
0.003275
0.006992
0.001512
0.000945
0.001575
0.006047
0.000945
0.001449
0.003842
0.001134
0.002457
0.002268
0.008440
0.006425
0.001953
0.001638
0.009511
0.015810
0.004787
0.003149
0.005291
0.006677
0.001386
0.002394
0.008818
0.002457
0.001890
0.001323
0.004346
0.001638
0.002394
0.001134
0.006236
0.000945
0.001827
0.001260
0.003716
0.001638
0.001197
0.000882
0.002520
0.002331
0.002708
0.002771
0.011086
0.003653
0.005165
0.002016
0.008188
0.003149
0.004535
0.003338
0.006236
0.007244
0.001071
0.004346
0.004976
0.002268
0.001323
0.003653
0.001638
0.003527
0.000819
0.004220
0.002205
0.003464
0.000882
0.002834
0.002583
0.002205
0.001008
0.001638
0.002457
0.001890
0.001890
0.008062
0.004661
0.003779
0.001449
0.004472
0.004598
0.005606
0.003716
0.001827
0.003464
0.004850
0.002079
0.002268
0.002897
0.003149
0.001764
0.003275
0.002079
0.002646
0.003401
0.001449
0.002268
0.001638
0.003842
0.000819
0.001323
0.001953
0.000630
0.003590
0.001953
0.000882
0.004535
0.003464
0.002331
0.003149
0.010330
0.002646
0.002583
0.003464
0.002268
0.001638
0.004661
0.015999
0.001386
0.002205
0.007811
0.005858
0.001197
0.001386
0.004346
0.001260
0.002079
0.001638
0.001953
0.005039
0.001134
0.001197
0.002646
0.004724
0.001890
0.001512
0.005039
0.003149
0.002771
0.001323
0.004409
0.006110
0.002834
0.002457
0.005669
0.006362
0.004850
0.002016
0.006740
0.003149
0.002520
0.003275
0.012598
0.003338
0.001575
0.000630
0.002394
0.001638
0.001197
0.001386
0.003653
0.001701
0.001953
0.000819
0.004724
0.001953
0.001386
0.001449
0.004913
0.001386
0.001953
0.002583
0.008125
0.002771
0.004913
0.003401
0.004724
0.006488
0.002079
0.002897
0.004787
0.006110
0.001449
0.008440
0.004535
0.003086
0.001071
0.001386
0.001638
0.002394
0.000945
0.002331
0.002646
0.002646
0.001260
0.004409
0.001575
0.003968
0.001638
0.003149
0.002394
0.002583
0.001449
0.005858
0.004661
0.002394
0.003212
0.002771
0.006488
0.007055
0.007685
0.001890
0.002142
0.003086
0.003149
0.002457
0.003023
0.003149
0.000693
0.002834
0.001575
0.001638
0.003401
0.000756
0.001764
0.002079
0.003212
0.001890
0.002142
0.002016
0.001575
0.003086
0.001575
0.002960
0.002646
0.002394
0.003212
0.003086
0.003653
0.002834
0.004409
0.004157
