0.161313
0.002960
0.003464
0.007055
0.002708
0.001575
0.003779
0.004661
0.002646
0.000819
0.004157
0.003401
0.000945
0.002268
0.003023
0.008503
0.001449
0.001764
0.001197
0.005795
0.001764
0.001134
0.003716
0.001701
0.002079
0.001701
0.006992
0.006110
0.002268
0.001575
0.007999
0.013857
0.006866
0.002520
0.004661
0.003275
0.002142
0.001701
0.005732
0.002016
0.002142
0.002268
0.003779
0.000945
0.003023
0.001197
0.007370
0.001323
0.002016
0.001701
0.002960
0.001764
0.002142
0.001134
0.002268
0.001260
0.003716
0.003716
0.009889
0.002583
0.007181
0.002142
0.010960
0.003338
0.003338
0.002771
0.004472
0.007244
0.001638
0.005417
0.002646
0.002708
0.001575
0.003527
0.001764
0.003716
0.000819
0.005984
0.001701
0.005354
0.000945
0.002268
0.001323
0.002708
0.001134
0.002331
0.001638
0.001827
0.002520
0.007999
0.004598
0.005354
0.002394
0.005354
0.002520
0.007811
0.004724
0.002897
0.003779
0.003590
0.003401
0.002268
0.001953
0.002268
0.002079
0.003905
0.002394
0.003212
0.005291
0.002079
0.001575
0.001827
0.004409
0.001197
0.001323
0.002079
0.001260
0.003464
0.001323
0.000756
0.005984
0.003464
0.001953
0.001953
0.013731
0.002834
0.001323
0.002646
0.002142
0.001197
0.003023
0.012976
0.002268
0.001701
0.005039
0.006614
0.001638
0.001008
0.004157
0.002583
0.002520
0.001575
0.001575
0.005669
0.001890
0.001764
0.002520
0.006173
0.002268
0.001638
0.004472
0.003212
0.002771
0.001764
0.004220
0.005165
0.003590
0.001701
0.003590
0.006614
0.006236
0.001827
0.003338
0.002268
0.002960
0.003086
0.011149
0.002960
0.002205
0.001575
0.002646
0.001575
0.002331
0.001638
0.002897
0.001008
0.002771
0.001134
0.006425
0.001134
0.001953
0.001827
0.004220
0.001260
0.002016
0.002771
0.006992
0.002205
0.006866
0.003338
0.005039
0.002834
0.002394
0.005039
0.002646
0.006992
0.002205
0.008629
0.003968
0.004535
0.000756
0.001890
0.001575
0.002142
0.001638
0.002646
0.001260
0.002834
0.001071
0.004409
0.001701
0.004850
0.001764
0.003275
0.002268
0.003401
0.001953
0.004472
0.003401
0.003023
0.003653
0.003716
0.004409
0.007622
0.011212
0.003338
0.001071
0.002897
0.002834
0.004661
0.002331
0.002016
0.000819
0.002646
0.001197
0.001827
0.004283
0.001449
0.002016
0.001701
0.004661
0.002079
0.001512
0.002205
0.002142
0.003653
0.001575
0.002079
0.004409
0.002205
0.001764
0.003338
0.005480
0.003275
0.003779
0.003464
