0.135173
0.002646
0.002897
0.004535
0.004283
0.001701
0.004346
0.003779
0.004724
0.001890
0.004850
0.002583
0.002457
0.004346
0.003590
0.007370
0.002142
0.001260
0.002142
0.006047
0.001386
0.001071
0.006362
0.001512
0.002016
0.000819
0.005102
0.005165
0.002771
0.001575
0.010141
0.011464
0.006866
0.004472
0.003401
0.002960
0.001701
0.002268
0.007811
0.001953
0.002897
0.001323
0.004283
0.001512
0.002897
0.001386
0.011149
0.001638
0.002394
0.001764
0.002897
0.001512
0.001512
0.001827
0.002520
0.001827
0.002708
0.002834
0.007937
0.004409
0.007181
0.004472
0.010519
0.003275
0.003149
0.002394
0.003779
0.005354
0.002268
0.006803
0.003338
0.001323
0.001260
0.003590
0.002583
0.002897
0.001827
0.006236
0.002016
0.004283
0.002268
0.002079
0.002583
0.002079
0.001512
0.001134
0.001764
0.002079
0.004283
0.005732
0.005102
0.002079
0.003275
0.003590
0.004787
0.006173
0.003338
0.001827
0.003653
0.003023
0.003086
0.002268
0.002646
0.003464
0.001827
0.004031
0.003086
0.004472
0.005795
0.001386
0.004724
0.004094
0.005039
0.000819
0.002771
0.002205
0.000819
0.003716
0.001953
0.001701
0.005228
0.003023
0.002960
0.002394
0.010456
0.002834
0.002457
0.002960
0.002457
0.001890
0.004346
0.012661
0.002646
0.002016
0.005606
0.004283
0.001890
0.001386
0.004283
0.001260
0.002142
0.001512
0.001890
0.004409
0.002771
0.002771
0.004661
0.007496
0.002583
0.001953
0.006803
0.002771
0.004472
0.001827
0.003716
0.003842
0.002771
0.002331
0.004409
0.003590
0.008062
0.002520
0.006614
0.002646
0.002771
0.002771
0.012472
0.003275
0.001386
0.001260
0.002394
0.001575
0.001764
0.001386
0.002897
0.001827
0.003086
0.001323
0.007999
0.001764
0.001512
0.001512
0.003968
0.001323
0.002142
0.002520
0.006803
0.002771
0.004976
0.004535
0.002394
0.002394
0.002520
0.003716
0.004661
0.008125
0.003086
0.008377
0.003401
0.003653
0.000756
0.001071
0.001386
0.002016
0.001701
0.001953
0.003023
0.002016
0.001575
0.007244
0.002394
0.004724
0.000756
0.003023
0.002016
0.002520
0.002834
0.003905
0.002771
0.001764
0.002960
0.001953
0.004913
0.004661
0.011842
0.002708
0.002331
0.003086
0.003779
0.003401
0.003023
0.002834
0.001575
0.003401
0.001386
0.001890
0.004346
0.000630
0.002142
0.002079
0.005543
0.002079
0.004157
0.002897
0.001827
0.004346
0.003401
0.003905
0.002583
0.001512
0.002331
0.003716
0.002834
0.002834
0.003149
0.002960
