0.155959
0.004283
0.001890
0.004031
0.003653
0.002897
0.001512
0.002205
0.002079
0.001764
0.002520
0.001701
0.001701
0.002142
0.001827
0.003842
0.003023
0.001638
0.000504
0.004409
0.001197
0.001953
0.002268
0.000630
0.003212
0.001953
0.003590
0.004724
0.002771
0.002457
0.007937
0.010267
0.006677
0.006299
0.002897
0.003212
0.002016
0.005795
0.006425
0.000693
0.002079
0.001575
0.002394
0.001071
0.003338
0.001827
0.003905
0.000504
0.001512
0.001701
0.001764
0.001323
0.001890
0.001701
0.000756
0.000567
0.003716
0.005102
0.008944
0.002520
0.006803
0.004409
0.014046
0.002205
0.005354
0.004598
0.004220
0.005039
0.001764
0.009574
0.004031
0.001323
0.001323
0.005921
0.000882
0.002016
0.001575
0.008188
0.001575
0.003338
0.001701
0.003149
0.001449
0.001827
0.001449
0.001575
0.001197
0.001575
0.004724
0.014235
0.003023
0.001638
0.001512
0.007307
0.002834
0.005669
0.004976
0.004472
0.002834
0.005417
0.005354
0.003779
0.002079
0.003023
0.002520
0.004094
0.000756
0.002960
0.004913
0.002834
0.001953
0.001197
0.006236
0.001890
0.000819
0.002708
0.001197
0.005228
0.000567
0.000693
0.007937
0.007433
0.001260
0.002771
0.019778
0.005228
0.001764
0.002897
0.002771
0.002331
0.002016
0.010204
0.004094
0.002583
0.003149
0.003842
0.000945
0.001512
0.002268
0.000945
0.002771
0.001953
0.000504
0.004535
0.001827
0.002205
0.001134
0.002897
0.001764
0.001953
0.002079
0.001764
0.004724
0.002457
0.002079
0.002205
0.005039
0.004661
0.002583
0.003968
0.006173
0.004031
0.002960
0.002771
0.002960
0.004661
0.008566
0.002142
0.001827
0.001764
0.001008
0.000819
0.001890
0.002583
0.002331
0.001071
0.002771
0.001638
0.004535
0.001134
0.002142
0.001890
0.002520
0.000756
0.001953
0.006425
0.005921
0.001323
0.006992
0.006110
0.002897
0.003464
0.002646
0.005291
0.002394
0.004787
0.004220
0.013983
0.002960
0.002268
0.001701
0.001764
0.000819
0.001953
0.001323
0.003275
0.001134
0.001638
0.001323
0.005732
0.001323
0.002960
0.001827
0.004409
0.001386
0.001197
0.002583
0.009007
0.003653
0.002142
0.006110
0.004346
0.004283
0.004913
0.013983
0.005102
0.001638
0.002205
0.005228
0.005732
0.001890
0.002834
0.000945
0.005417
0.001134
0.000819
0.005795
0.001386
0.001701
0.002205
0.003590
0.002016
0.001134
0.001764
0.002142
0.003464
0.000945
0.002331
0.004598
0.004472
0.001449
0.002960
0.005732
0.005417
0.002583
0.004913
