0.184303
0.003716
0.004535
0.004472
0.002394
0.002394
0.002834
0.003842
0.001512
0.000882
0.003842
0.001449
0.001512
0.001701
0.003653
0.005606
0.001953
0.001764
0.001701
0.005228
0.000882
0.001449
0.004409
0.001575
0.002708
0.001260
0.005858
0.005417
0.001323
0.001638
0.010582
0.014613
0.004031
0.005480
0.004220
0.005228
0.001260
0.004094
0.008629
0.002205
0.001386
0.001701
0.003779
0.001512
0.002708
0.001134
0.005795
0.001386
0.001449
0.001008
0.002960
0.001953
0.000945
0.001512
0.002016
0.001890
0.002079
0.003338
0.009763
0.003086
0.004094
0.003464
0.010267
0.002394
0.003212
0.004346
0.005039
0.006992
0.001323
0.006425
0.005165
0.002016
0.000882
0.003905
0.001512
0.002834
0.000567
0.005291
0.001512
0.003023
0.001575
0.002646
0.002016
0.001575
0.001008
0.002016
0.001638
0.001449
0.001890
0.009763
0.005039
0.002771
0.002520
0.005795
0.004220
0.006740
0.004031
0.002834
0.002834
0.005228
0.002331
0.002708
0.002834
0.003023
0.001575
0.002771
0.001575
0.003716
0.003275
0.001701
0.002331
0.001575
0.003464
0.001197
0.001512
0.002708
0.000693
0.004535
0.001134
0.001386
0.003590
0.003968
0.002394
0.002960
0.012598
0.003590
0.001827
0.002708
0.002079
0.001890
0.004283
0.014298
0.001827
0.002205
0.005984
0.005291
0.001512
0.002016
0.003905
0.001197
0.001701
0.001386
0.001386
0.005039
0.001512
0.002016
0.002520
0.003653
0.001953
0.001512
0.003968
0.002268
0.002520
0.001764
0.002583
0.003968
0.002960
0.003527
0.004472
0.004661
0.005039
0.003968
0.005228
0.003338
0.001386
0.004031
0.012787
0.002834
0.001008
0.001512
0.001827
0.001449
0.001134
0.001764
0.002897
0.001701
0.001827
0.001512
0.005417
0.001512
0.001260
0.001323
0.003590
0.001449
0.001575
0.004346
0.008377
0.002646
0.004976
0.004598
0.004913
0.004787
0.002016
0.004724
0.004031
0.006047
0.001890
0.011464
0.004283
0.003464
0.001260
0.001890
0.001827
0.002142
0.001260
0.002646
0.002142
0.001764
0.001008
0.004346
0.001638
0.003968
0.000693
0.003023
0.002079
0.002583
0.001071
0.007307
0.004661
0.001638
0.003212
0.004094
0.006929
0.005732
0.008314
0.003275
0.001890
0.002897
0.002583
0.004031
0.002016
0.002708
0.000504
0.003968
0.001071
0.001323
0.003653
0.001008
0.001953
0.002331
0.002708
0.001386
0.001701
0.001512
0.000756
0.003275
0.001323
0.002960
0.002457
0.002646
0.002834
0.004283
0.003464
0.002897
0.003527
0.004976
