0.139645
0.002771
0.005480
0.006047
0.002583
0.001764
0.004472
0.003779
0.002016
0.001701
0.004850
0.003149
0.001512
0.001512
0.003905
0.008566
0.001197
0.000945
0.002016
0.005858
0.000756
0.001575
0.005795
0.000882
0.002394
0.001197
0.008440
0.006362
0.002268
0.001134
0.013668
0.014991
0.004283
0.003275
0.005228
0.005606
0.001449
0.002520
0.009196
0.002331
0.001764
0.001764
0.006173
0.001638
0.002520
0.001008
0.006110
0.001638
0.001890
0.001827
0.003653
0.001953
0.001071
0.001134
0.003086
0.001701
0.002205
0.002268
0.012787
0.002708
0.005039
0.001953
0.014928
0.002646
0.002331
0.002960
0.007181
0.006866
0.001512
0.004913
0.005291
0.001764
0.001071
0.004472
0.001890
0.002708
0.001008
0.005795
0.002268
0.004157
0.001323
0.002520
0.002834
0.002457
0.000945
0.001890
0.003023
0.002394
0.001890
0.006992
0.004913
0.003653
0.001323
0.003527
0.003968
0.005795
0.003401
0.002079
0.004472
0.005732
0.002520
0.001512
0.002583
0.003338
0.002142
0.002897
0.002646
0.003464
0.005984
0.001260
0.002331
0.001323
0.004472
0.000630
0.001764
0.002142
0.001071
0.004472
0.002708
0.000882
0.003212
0.003527
0.002897
0.003275
0.012094
0.001764
0.002520
0.002520
0.002331
0.001386
0.004409
0.014361
0.002457
0.002016
0.007874
0.005543
0.001449
0.001134
0.005795
0.001386
0.002520
0.001071
0.001953
0.006173
0.001701
0.001197
0.003527
0.004976
0.001827
0.001134
0.004724
0.003086
0.002142
0.001638
0.004913
0.004913
0.002897
0.003275
0.006488
0.005921
0.004157
0.001953
0.007999
0.003086
0.002079
0.002457
0.013228
0.004157
0.001260
0.001071
0.002142
0.001827
0.001323
0.001512
0.004283
0.001701
0.003275
0.001008
0.004976
0.001449
0.000945
0.001575
0.005291
0.001071
0.001134
0.003401
0.009637
0.002771
0.004724
0.003275
0.005291
0.005795
0.001575
0.003023
0.004976
0.004346
0.001071
0.008692
0.005417
0.004157
0.000504
0.001638
0.001701
0.001953
0.000693
0.002457
0.002834
0.002331
0.000945
0.003716
0.001575
0.004031
0.000441
0.002960
0.001890
0.002268
0.001449
0.005228
0.005228
0.002331
0.003590
0.002708
0.008251
0.006614
0.008629
0.002583
0.002205
0.003023
0.002897
0.003653
0.002520
0.002583
0.000567
0.002771
0.002834
0.001197
0.003338
0.001197
0.001827
0.002394
0.002897
0.001575
0.002457
0.001890
0.001701
0.003023
0.002771
0.002205
0.002142
0.001575
0.002771
0.003275
0.004157
0.002708
0.004220
0.005921
