0.141156
0.003275
0.006173
0.006236
0.002457
0.002016
0.004598
0.004409
0.002331
0.001134
0.004913
0.003527
0.001575
0.001764
0.003653
0.008062
0.001512
0.001197
0.002457
0.005102
0.000945
0.001260
0.005732
0.000945
0.002205
0.001008
0.007999
0.006110
0.001701
0.001008
0.010582
0.016377
0.004535
0.002834
0.004724
0.006677
0.001638
0.002520
0.009700
0.002268
0.001638
0.001638
0.005606
0.001134
0.002205
0.001386
0.007307
0.001449
0.001449
0.001260
0.004220
0.001386
0.001134
0.000756
0.002520
0.001323
0.001827
0.002331
0.012472
0.003212
0.006488
0.001953
0.012283
0.002960
0.003338
0.002142
0.007811
0.007496
0.001008
0.006551
0.004283
0.002016
0.000882
0.005228
0.002331
0.002331
0.000756
0.005606
0.002708
0.004094
0.001134
0.002142
0.002960
0.002583
0.000819
0.001890
0.002394
0.001764
0.001764
0.007433
0.005165
0.003716
0.001449
0.003086
0.004031
0.006362
0.002646
0.002708
0.005669
0.005669
0.002205
0.001764
0.003086
0.003086
0.001512
0.002394
0.002331
0.002771
0.006236
0.001260
0.002331
0.001890
0.004472
0.000630
0.001260
0.002520
0.000630
0.003905
0.001638
0.000945
0.004157
0.003590
0.003338
0.002331
0.016944
0.002268
0.002331
0.002583
0.001764
0.001197
0.006236
0.016629
0.002268
0.001449
0.007244
0.006425
0.001260
0.000945
0.005480
0.000819
0.001701
0.001638
0.002331
0.005039
0.001701
0.001071
0.002834
0.004787
0.002016
0.001134
0.005732
0.002079
0.002520
0.001512
0.005228
0.004850
0.003842
0.003086
0.006929
0.005858
0.003842
0.002142
0.006173
0.003086
0.001764
0.002268
0.013920
0.003716
0.001638
0.001008
0.002583
0.001197
0.001512
0.000945
0.003590
0.001701
0.002960
0.000945
0.007244
0.001260
0.000945
0.001260
0.005417
0.001134
0.000945
0.003023
0.010141
0.002394
0.003905
0.003716
0.005354
0.006299
0.001197
0.003023
0.004346
0.005480
0.001260
0.009196
0.005417
0.003401
0.000756
0.001260
0.001764
0.001701
0.001260
0.002268
0.002205
0.002708
0.001260
0.005039
0.001197
0.004157
0.000567
0.003590
0.002394
0.001638
0.000945
0.005228
0.005606
0.001890
0.003779
0.002583
0.007370
0.007685
0.008755
0.002457
0.001953
0.002583
0.002205
0.003212
0.002897
0.002331
0.000756
0.003086
0.002331
0.001134
0.003842
0.001071
0.001701
0.002268
0.002708
0.001134
0.001890
0.001764
0.001197
0.003212
0.002583
0.002205
0.002268
0.001575
0.002205
0.003716
0.003842
0.002331
0.004661
0.005732
