0.189153
0.003464
0.002520
0.002142
0.002205
0.004157
0.002205
0.002960
0.004535
0.002331
0.002771
0.001827
0.002897
0.003590
0.002960
0.003338
0.001701
0.001701
0.001386
0.005732
0.002708
0.001764
0.005543
0.001260
0.002268
0.002457
0.002897
0.004094
0.002646
0.002205
0.006299
0.005606
0.004724
0.005417
0.002520
0.003653
0.001512
0.004094
0.007055
0.003275
0.002520
0.002205
0.002520
0.001764
0.002079
0.001953
0.006488
0.001764
0.001386
0.002331
0.002834
0.003275
0.001260
0.002897
0.001827
0.001827
0.002268
0.005102
0.006110
0.006803
0.004409
0.006803
0.004031
0.003842
0.003905
0.001638
0.004724
0.006236
0.002457
0.007055
0.003905
0.002079
0.001260
0.003023
0.002520
0.001638
0.001260
0.004220
0.001638
0.002205
0.002457
0.001575
0.002834
0.001197
0.002079
0.001953
0.004724
0.001575
0.004787
0.007496
0.004850
0.002708
0.003779
0.002897
0.009385
0.004661
0.002268
0.002142
0.003968
0.003905
0.001890
0.001827
0.004724
0.003212
0.001638
0.003212
0.002708
0.002834
0.006047
0.001449
0.004157
0.002205
0.004157
0.000882
0.002268
0.001890
0.000567
0.004472
0.002583
0.002016
0.002897
0.002708
0.003023
0.001764
0.004472
0.003149
0.003338
0.002457
0.002646
0.003086
0.003653
0.008125
0.003149
0.002960
0.004535
0.003527
0.002960
0.001701
0.003086
0.001323
0.001764
0.002708
0.001512
0.003086
0.001764
0.001953
0.002708
0.005102
0.003275
0.001890
0.004724
0.001638
0.002520
0.003464
0.002205
0.002834
0.002897
0.003023
0.003023
0.001764
0.007874
0.004976
0.004094
0.002834
0.003401
0.004787
0.012535
0.003779
0.002268
0.002268
0.002205
0.001764
0.001197
0.001071
0.002457
0.001575
0.003401
0.002205
0.002960
0.002205
0.001701
0.002834
0.004535
0.001134
0.002142
0.004409
0.004976
0.003779
0.003338
0.005354
0.002331
0.003149
0.002268
0.002960
0.005102
0.007748
0.003275
0.011590
0.004850
0.003086
0.001953
0.001512
0.002708
0.002079
0.002016
0.001953
0.002268
0.001260
0.001575
0.003023
0.002583
0.004031
0.001638
0.003590
0.002583
0.001323
0.003716
0.004661
0.004661
0.002520
0.002520
0.002457
0.005606
0.003212
0.007559
0.002520
0.004535
0.003086
0.002771
0.004346
0.003527
0.003338
0.001197
0.003275
0.002520
0.002142
0.002646
0.001449
0.003275
0.002142
0.004409
0.001071
0.003842
0.001638
0.001890
0.004913
0.002583
0.003149
0.003716
0.001701
0.002897
0.002960
0.002394
0.002142
0.002771
0.003716
