0.123205
0.003716
0.002520
0.003842
0.004535
0.003527
0.003716
0.001953
0.004598
0.001449
0.002771
0.001701
0.003653
0.002771
0.001638
0.002457
0.002646
0.000882
0.002394
0.004472
0.001638
0.001701
0.004283
0.001260
0.004724
0.001260
0.004031
0.003842
0.004346
0.002520
0.005039
0.004283
0.008251
0.003464
0.004913
0.006425
0.003023
0.004031
0.007118
0.003275
0.001953
0.001260
0.002771
0.001512
0.002457
0.001386
0.002897
0.001386
0.003338
0.002897
0.002457
0.004472
0.001386
0.003023
0.002960
0.002834
0.003842
0.006236
0.005102
0.006425
0.005228
0.005732
0.004220
0.007055
0.005732
0.002331
0.005543
0.006803
0.003653
0.005921
0.004157
0.002268
0.001638
0.001764
0.002268
0.001260
0.002205
0.001512
0.002079
0.002834
0.004724
0.001260
0.004031
0.002016
0.004094
0.001512
0.003464
0.001260
0.008629
0.003527
0.007874
0.002520
0.006677
0.002897
0.006929
0.004283
0.003842
0.001323
0.004850
0.006488
0.002457
0.003023
0.004220
0.002583
0.001512
0.002394
0.003338
0.004598
0.002268
0.001260
0.004220
0.002394
0.004598
0.001071
0.002394
0.002142
0.002205
0.003653
0.002897
0.001260
0.003338
0.002708
0.002457
0.004409
0.004031
0.002834
0.003527
0.003023
0.003779
0.002897
0.004472
0.008440
0.003842
0.002771
0.006173
0.004031
0.003023
0.001953
0.002520
0.001764
0.004535
0.001890
0.002079
0.002079
0.001575
0.001449
0.002331
0.005732
0.001323
0.000819
0.006362
0.001512
0.003527
0.003212
0.002520
0.003527
0.005543
0.002142
0.004724
0.002708
0.010330
0.002771
0.006740
0.004031
0.002897
0.003527
0.012094
0.003023
0.002583
0.001890
0.002268
0.001827
0.002016
0.001575
0.004913
0.003023
0.003653
0.001890
0.003212
0.001764
0.001638
0.001890
0.002834
0.002079
0.003527
0.004220
0.003338
0.004094
0.004409
0.006992
0.005606
0.006488
0.005417
0.003212
0.004535
0.007685
0.004535
0.010582
0.005921
0.004283
0.002520
0.001008
0.002771
0.002016
0.002583
0.002457
0.002205
0.001260
0.002960
0.002268
0.003842
0.002583
0.001827
0.002960
0.002331
0.001701
0.004850
0.002079
0.004661
0.003086
0.007433
0.002834
0.006866
0.002771
0.009007
0.002897
0.003905
0.003968
0.003779
0.005102
0.004850
0.003779
0.001386
0.001512
0.002457
0.001827
0.002394
0.001260
0.003275
0.003275
0.004472
0.001575
0.001701
0.001575
0.001575
0.003338
0.002331
0.002331
0.002646
0.001512
0.003086
0.002394
0.004094
0.002771
0.004346
0.003464
