0.156400
0.003653
0.002646
0.005543
0.002520
0.002708
0.002897
0.004787
0.002897
0.002520
0.003086
0.004220
0.001953
0.003275
0.001764
0.006299
0.001260
0.002394
0.001449
0.006362
0.001512
0.002079
0.003653
0.001512
0.002834
0.002520
0.004850
0.006614
0.003275
0.002457
0.006236
0.010267
0.004850
0.003590
0.002897
0.004661
0.002016
0.002834
0.005165
0.002583
0.001953
0.002205
0.002646
0.002016
0.002520
0.002520
0.005291
0.002142
0.001512
0.002016
0.002016
0.002520
0.001323
0.002520
0.001953
0.001827
0.001890
0.004220
0.007999
0.005291
0.006110
0.003338
0.005039
0.004724
0.003338
0.002897
0.004094
0.006488
0.001890
0.006740
0.003086
0.002960
0.002142
0.004724
0.002079
0.002646
0.002016
0.007181
0.001512
0.003905
0.002268
0.003149
0.001701
0.003086
0.001197
0.002457
0.001827
0.001134
0.002771
0.007622
0.003653
0.003842
0.003401
0.003905
0.004220
0.007496
0.002771
0.003149
0.002142
0.005480
0.002016
0.002268
0.001953
0.004283
0.001890
0.003149
0.001890
0.003842
0.003590
0.002583
0.001764
0.003779
0.004598
0.001638
0.001260
0.002834
0.001134
0.004535
0.001512
0.001512
0.005921
0.004346
0.002016
0.002897
0.009259
0.003527
0.002708
0.004220
0.002646
0.003275
0.003779
0.012598
0.002583
0.002079
0.005732
0.006173
0.001890
0.002394
0.002834
0.001512
0.001638
0.002268
0.001386
0.004472
0.001638
0.003779
0.002205
0.006488
0.002016
0.001953
0.004535
0.002268
0.001953
0.003023
0.002205
0.004409
0.003653
0.003779
0.002520
0.006362
0.005984
0.003716
0.004220
0.004031
0.002960
0.003464
0.009448
0.003905
0.001701
0.001827
0.001197
0.001323
0.001008
0.000882
0.002268
0.002331
0.002583
0.002457
0.003527
0.001575
0.001575
0.001575
0.003212
0.001701
0.001449
0.002520
0.003779
0.002897
0.003779
0.004031
0.002771
0.004661
0.002834
0.004472
0.004094
0.007811
0.002960
0.010519
0.003842
0.004031
0.001512
0.002142
0.001890
0.002520
0.001575
0.003212
0.001386
0.002142
0.001260
0.006614
0.002016
0.005165
0.002394
0.004535
0.002142
0.002394
0.001890
0.005417
0.003149
0.002583
0.002834
0.003779
0.003842
0.005354
0.009070
0.004283
0.002205
0.003212
0.002897
0.004409
0.002394
0.003905
0.001449
0.003842
0.001197
0.001953
0.002960
0.002268
0.001764
0.002960
0.005228
0.002394
0.002520
0.003212
0.002331
0.004661
0.001197
0.002520
0.002520
0.002142
0.002394
0.004157
0.003149
0.003086
0.002834
0.005669
