0.178131
0.002771
0.004031
0.004913
0.002268
0.002394
0.005039
0.003275
0.001638
0.001638
0.006110
0.002771
0.002205
0.002268
0.003968
0.005102
0.001764
0.001134
0.001953
0.004787
0.000693
0.002708
0.004346
0.001134
0.002394
0.003086
0.007622
0.005480
0.003023
0.001890
0.008692
0.007370
0.005858
0.003905
0.003779
0.003401
0.002331
0.002897
0.006740
0.001575
0.003086
0.001575
0.005228
0.001134
0.004724
0.001071
0.005732
0.001323
0.003086
0.001638
0.003275
0.001953
0.001386
0.001449
0.003401
0.001134
0.003779
0.003716
0.010015
0.002646
0.006551
0.001890
0.006803
0.002268
0.002897
0.004031
0.002708
0.005354
0.001638
0.006614
0.003842
0.001827
0.001008
0.004913
0.002457
0.002834
0.001197
0.004157
0.002016
0.003590
0.001890
0.002520
0.002457
0.002457
0.000819
0.003275
0.002016
0.001512
0.001890
0.007937
0.004031
0.003590
0.001512
0.004661
0.002016
0.005732
0.004661
0.002331
0.003086
0.003275
0.002897
0.003275
0.003338
0.002394
0.001575
0.004472
0.001764
0.002142
0.004976
0.001701
0.001575
0.000945
0.004094
0.000756
0.001449
0.002016
0.000882
0.003842
0.001953
0.000693
0.003842
0.005165
0.003023
0.002268
0.007055
0.003464
0.002394
0.003212
0.003212
0.001134
0.004535
0.009574
0.002897
0.002646
0.006299
0.004472
0.001638
0.002205
0.003842
0.002079
0.001512
0.001575
0.002897
0.003905
0.002646
0.001449
0.001953
0.005102
0.002457
0.002331
0.006173
0.003023
0.003779
0.002960
0.003968
0.004535
0.003527
0.002771
0.004409
0.004787
0.007118
0.001701
0.006551
0.002268
0.004094
0.003401
0.009889
0.002457
0.002142
0.001764
0.003275
0.001386
0.003212
0.001449
0.004157
0.001638
0.003968
0.001638
0.004535
0.002079
0.002394
0.002205
0.005606
0.001512
0.001953
0.003275
0.007874
0.002394
0.005354
0.004598
0.004976
0.003779
0.002394
0.003590
0.001764
0.004598
0.001827
0.010456
0.004472
0.003590
0.000756
0.001764
0.001638
0.001953
0.001764
0.002457
0.002016
0.002331
0.001197
0.003842
0.001449
0.003779
0.001071
0.003968
0.002016
0.002079
0.001134
0.005480
0.003590
0.002331
0.003212
0.004598
0.004031
0.004598
0.007055
0.002646
0.002016
0.002834
0.003338
0.004220
0.003401
0.003527
0.001386
0.002897
0.002268
0.000693
0.004661
0.001575
0.001386
0.001890
0.004472
0.001953
0.002079
0.001827
0.002016
0.004913
0.002520
0.001575
0.002960
0.003212
0.002834
0.003527
0.004409
0.003023
0.002708
0.003653
