0.171139
0.002708
0.004724
0.005606
0.002331
0.002205
0.004598
0.004409
0.002834
0.001386
0.004094
0.003086
0.001827
0.001512
0.002520
0.007055
0.001638
0.001008
0.001260
0.006866
0.001008
0.001386
0.005858
0.000882
0.002457
0.001701
0.006236
0.006677
0.002016
0.001134
0.006173
0.015369
0.004787
0.002834
0.005480
0.005984
0.001449
0.003464
0.009511
0.002268
0.002079
0.001134
0.004787
0.001512
0.002646
0.001260
0.007118
0.000945
0.001386
0.001008
0.003212
0.002016
0.001260
0.001197
0.001449
0.001890
0.002079
0.002394
0.012913
0.004220
0.008692
0.002897
0.013605
0.002583
0.004094
0.003023
0.006614
0.007999
0.000945
0.005228
0.005102
0.002205
0.001386
0.004409
0.001953
0.002897
0.000945
0.006551
0.002142
0.004157
0.001197
0.002268
0.002205
0.002142
0.000882
0.001512
0.002016
0.001638
0.001575
0.007244
0.004157
0.003086
0.001260
0.002646
0.004157
0.005669
0.003023
0.002331
0.003968
0.004661
0.001323
0.001701
0.003086
0.003149
0.002016
0.002834
0.001827
0.002268
0.005039
0.000693
0.002394
0.002016
0.003653
0.001071
0.001386
0.002771
0.000945
0.003338
0.001764
0.000882
0.004724
0.002960
0.001827
0.003716
0.010645
0.002583
0.002142
0.003590
0.002708
0.001134
0.005102
0.016755
0.002331
0.001386
0.005732
0.004724
0.000945
0.001701
0.004787
0.001449
0.002331
0.001449
0.001134
0.005228
0.001764
0.001575
0.002457
0.004598
0.001701
0.001890
0.004661
0.002646
0.002016
0.001953
0.003905
0.004850
0.004157
0.003464
0.004850
0.006551
0.004787
0.002331
0.005669
0.002583
0.001701
0.002646
0.013291
0.003968
0.001512
0.001071
0.002079
0.001512
0.001386
0.001386
0.003338
0.001575
0.002960
0.001449
0.004598
0.002079
0.001323
0.001764
0.004913
0.001701
0.001323
0.002897
0.009322
0.002016
0.004094
0.003590
0.005291
0.006740
0.001512
0.002834
0.004535
0.005858
0.001764
0.009070
0.005102
0.003464
0.001197
0.001197
0.001764
0.001953
0.000756
0.002331
0.001890
0.001575
0.001008
0.003653
0.001386
0.002708
0.001008
0.003149
0.002646
0.002016
0.001260
0.004535
0.005291
0.001638
0.004031
0.003212
0.006929
0.007307
0.009133
0.001386
0.002268
0.003590
0.002646
0.003086
0.002394
0.002834
0.000630
0.003149
0.001701
0.001071
0.003338
0.001071
0.001827
0.002268
0.003527
0.001449
0.002142
0.001890
0.001575
0.002708
0.001827
0.001827
0.002960
0.001764
0.002394
0.004157
0.003590
0.002079
0.003968
0.004976
