0.163580
0.002771
0.004157
0.006299
0.002771
0.002646
0.004157
0.004346
0.002583
0.001953
0.003842
0.002708
0.002457
0.001638
0.003401
0.006110
0.002205
0.001701
0.001449
0.006362
0.001071
0.001323
0.004598
0.001323
0.001953
0.002016
0.008314
0.006047
0.002394
0.002079
0.007496
0.013794
0.004724
0.002520
0.005165
0.004724
0.001701
0.002457
0.008503
0.002583
0.001890
0.001449
0.004094
0.001575
0.003401
0.001197
0.006677
0.001764
0.001701
0.001386
0.003275
0.001701
0.001512
0.001323
0.001638
0.001575
0.002646
0.002897
0.010708
0.004031
0.006551
0.002268
0.007999
0.003464
0.002708
0.002771
0.004661
0.007181
0.000945
0.005228
0.004220
0.002708
0.001323
0.004535
0.001638
0.002646
0.000945
0.004283
0.001386
0.004535
0.001197
0.002708
0.002708
0.002394
0.000756
0.001953
0.001890
0.002016
0.002331
0.009385
0.005480
0.004283
0.002331
0.004409
0.004535
0.008062
0.003401
0.002897
0.003212
0.005039
0.002646
0.001764
0.002834
0.004157
0.001701
0.003842
0.000945
0.003401
0.003968
0.001638
0.003023
0.002708
0.003464
0.000819
0.001260
0.002771
0.000945
0.002771
0.001260
0.001701
0.004283
0.003464
0.002016
0.003905
0.012409
0.003590
0.001953
0.004031
0.001827
0.001827
0.004787
0.014550
0.001953
0.001764
0.006866
0.004976
0.000693
0.001386
0.003779
0.001323
0.002394
0.002079
0.001764
0.005921
0.001323
0.001449
0.002708
0.005039
0.002079
0.001638
0.003779
0.002079
0.002834
0.001701
0.004346
0.004283
0.003968
0.002646
0.004724
0.006236
0.006614
0.001638
0.005921
0.003086
0.002142
0.003275
0.011149
0.003905
0.001638
0.001008
0.002079
0.001764
0.001890
0.001449
0.003212
0.002520
0.002708
0.000756
0.004346
0.002331
0.001890
0.001323
0.003023
0.001890
0.001512
0.002520
0.006929
0.002268
0.004661
0.003338
0.004913
0.005732
0.002079
0.002834
0.004220
0.007307
0.001890
0.009952
0.004976
0.004661
0.000756
0.001638
0.001449
0.002457
0.000756
0.001953
0.002142
0.002268
0.001260
0.005165
0.001827
0.004724
0.000945
0.003590
0.001449
0.001701
0.001386
0.004913
0.005291
0.003086
0.002960
0.003338
0.006110
0.006929
0.007118
0.002583
0.002205
0.004094
0.003401
0.003716
0.001512
0.003023
0.000756
0.003590
0.001827
0.001512
0.002897
0.000882
0.001386
0.003338
0.003275
0.002079
0.001890
0.002016
0.002016
0.003086
0.001323
0.003023
0.002331
0.002646
0.002142
0.004031
0.003464
0.002457
0.003590
0.004031
