0.166100
0.003212
0.001953
0.004850
0.003590
0.004283
0.002457
0.003023
0.003401
0.002142
0.002834
0.002205
0.002646
0.002583
0.001953
0.003464
0.002394
0.002079
0.001197
0.003842
0.002079
0.001827
0.002897
0.001386
0.003212
0.001575
0.004283
0.005732
0.003590
0.002520
0.005732
0.005795
0.006236
0.005795
0.002897
0.003905
0.001827
0.004346
0.005039
0.003023
0.002457
0.001827
0.003086
0.001764
0.002394
0.001953
0.004094
0.001764
0.001827
0.002708
0.001701
0.002520
0.001701
0.002268
0.001701
0.002394
0.002897
0.005669
0.006803
0.005417
0.005732
0.005102
0.005921
0.004409
0.005102
0.004598
0.004409
0.005102
0.002834
0.005921
0.004283
0.002205
0.001197
0.003149
0.001764
0.002142
0.001764
0.003590
0.002016
0.002834
0.002771
0.002457
0.001827
0.002016
0.001575
0.001575
0.002834
0.001449
0.004913
0.007433
0.004094
0.002834
0.002960
0.004535
0.006677
0.006551
0.004283
0.002457
0.003401
0.005795
0.002708
0.002771
0.002834
0.003779
0.001512
0.003086
0.002394
0.003086
0.004283
0.001701
0.002331
0.002331
0.004535
0.001764
0.001953
0.002331
0.000945
0.003401
0.001323
0.001260
0.004787
0.004535
0.002771
0.003023
0.006803
0.004220
0.003212
0.003275
0.002708
0.002897
0.003779
0.009385
0.003905
0.003527
0.004409
0.004283
0.002457
0.001512
0.002960
0.001134
0.001512
0.002960
0.001197
0.003464
0.002646
0.002205
0.001890
0.004787
0.002205
0.001386
0.003905
0.001953
0.003086
0.002897
0.002771
0.003653
0.004472
0.002960
0.002394
0.003212
0.006992
0.005228
0.004283
0.004598
0.003464
0.003464
0.009511
0.005102
0.002016
0.002457
0.001008
0.001008
0.001701
0.002331
0.002079
0.002771
0.002583
0.002331
0.002834
0.002331
0.003212
0.002142
0.003842
0.001764
0.002520
0.004409
0.004913
0.002960
0.004976
0.004661
0.002834
0.003842
0.003464
0.004409
0.004346
0.008188
0.003653
0.011653
0.005165
0.003590
0.001638
0.001701
0.002142
0.001449
0.002268
0.002771
0.002394
0.001386
0.002079
0.003905
0.001827
0.003086
0.001323
0.003212
0.001575
0.001323
0.003653
0.005102
0.003968
0.002520
0.005354
0.004031
0.004409
0.004346
0.009700
0.002771
0.003149
0.003275
0.004220
0.004598
0.002079
0.003779
0.001512
0.002520
0.001638
0.002331
0.004031
0.001701
0.001386
0.002205
0.003212
0.002079
0.002205
0.001638
0.001953
0.003653
0.002016
0.002457
0.003401
0.002583
0.003212
0.004661
0.004472
0.003716
0.002583
0.004346
