0.174477
0.002834
0.002834
0.005984
0.002897
0.002142
0.002583
0.003086
0.002583
0.002205
0.002897
0.002457
0.003086
0.003590
0.002583
0.005543
0.002646
0.001638
0.001071
0.005102
0.000756
0.002834
0.004787
0.001197
0.003275
0.002205
0.005480
0.005984
0.002960
0.002142
0.006236
0.006992
0.006866
0.002771
0.002897
0.003590
0.002268
0.003086
0.006803
0.002268
0.001764
0.001386
0.003338
0.001512
0.003842
0.001953
0.005480
0.001575
0.002520
0.001449
0.002457
0.003086
0.001512
0.001071
0.001827
0.001827
0.003149
0.003527
0.008566
0.004472
0.006614
0.003086
0.006236
0.003968
0.002897
0.002960
0.003968
0.006362
0.001323
0.006173
0.002834
0.002142
0.001197
0.004724
0.001260
0.002960
0.001197
0.005543
0.002331
0.004787
0.001890
0.002016
0.001512
0.002834
0.001386
0.002331
0.002708
0.001575
0.003527
0.006362
0.004598
0.002771
0.002646
0.004409
0.005480
0.006110
0.004409
0.002142
0.003842
0.003590
0.002646
0.003023
0.002016
0.003716
0.002205
0.003212
0.002520
0.003149
0.005165
0.001071
0.002457
0.002897
0.005102
0.001260
0.001575
0.002897
0.000945
0.003401
0.001449
0.002079
0.005858
0.004031
0.002331
0.002142
0.011779
0.003149
0.002331
0.002960
0.004220
0.001764
0.003212
0.009448
0.003023
0.003464
0.006740
0.004724
0.001638
0.001449
0.003338
0.001323
0.003212
0.001827
0.001323
0.004787
0.002708
0.001764
0.002079
0.006866
0.002142
0.001890
0.004913
0.002079
0.003401
0.001638
0.002205
0.003716
0.003842
0.002771
0.002646
0.004535
0.007244
0.002142
0.004976
0.003338
0.002520
0.003842
0.010645
0.003716
0.001827
0.001449
0.001323
0.001386
0.002205
0.001386
0.002079
0.001449
0.004094
0.001638
0.004031
0.002331
0.002897
0.001827
0.003527
0.001953
0.002520
0.003653
0.005291
0.002394
0.004913
0.002960
0.002268
0.003275
0.003401
0.003527
0.004220
0.008251
0.002583
0.010015
0.004724
0.002646
0.001260
0.002394
0.001827
0.002394
0.001764
0.002016
0.001827
0.002142
0.001638
0.003779
0.001575
0.004724
0.001260
0.003968
0.001197
0.001953
0.001827
0.005543
0.004157
0.002583
0.003842
0.003590
0.003905
0.005039
0.009322
0.002016
0.002394
0.004031
0.004220
0.003653
0.003086
0.003464
0.000819
0.002960
0.001953
0.001701
0.004220
0.000882
0.001827
0.002016
0.005606
0.001701
0.002394
0.003527
0.001827
0.003716
0.002142
0.003212
0.003023
0.002960
0.002897
0.003212
0.004031
0.002583
0.003212
0.004031
