0.164714
0.003149
0.004409
0.004850
0.002394
0.001890
0.003653
0.004157
0.003212
0.001764
0.004094
0.001827
0.001386
0.002331
0.002708
0.004535
0.001890
0.001197
0.002142
0.005543
0.001134
0.001827
0.004535
0.001260
0.002394
0.001386
0.005732
0.006173
0.001890
0.002142
0.012661
0.012724
0.004346
0.003842
0.003779
0.004346
0.001008
0.003590
0.007937
0.002016
0.001701
0.001071
0.004976
0.001323
0.002708
0.001764
0.006929
0.001260
0.001449
0.001134
0.003716
0.001701
0.001827
0.001512
0.002771
0.001827
0.001953
0.003716
0.012787
0.003779
0.005732
0.002834
0.010456
0.003464
0.002771
0.002960
0.005732
0.007055
0.001008
0.005606
0.003842
0.001827
0.000882
0.004094
0.001890
0.002268
0.001386
0.005858
0.001386
0.003527
0.001134
0.002834
0.002079
0.002646
0.001386
0.001890
0.001323
0.001764
0.001512
0.010330
0.004346
0.003653
0.001638
0.005480
0.004724
0.007622
0.003023
0.002960
0.003968
0.005858
0.002771
0.001890
0.002960
0.003527
0.001071
0.003149
0.002079
0.003086
0.003905
0.001764
0.002079
0.001953
0.004220
0.000945
0.001827
0.002394
0.000756
0.003086
0.001260
0.000693
0.005606
0.003653
0.002897
0.003023
0.016377
0.002834
0.002771
0.002583
0.001512
0.001512
0.003275
0.014361
0.002142
0.002646
0.005480
0.004850
0.001512
0.002016
0.004409
0.000882
0.002771
0.001890
0.000945
0.005165
0.001071
0.001575
0.002708
0.003779
0.002268
0.000945
0.004094
0.002457
0.002834
0.001953
0.003842
0.004787
0.004346
0.003338
0.004724
0.003905
0.004661
0.002708
0.005795
0.003338
0.001764
0.002897
0.012535
0.003716
0.001575
0.001386
0.002394
0.001134
0.000945
0.001512
0.004094
0.002331
0.003212
0.001575
0.006299
0.001512
0.001638
0.001197
0.004094
0.001323
0.001827
0.003086
0.008566
0.002205
0.004472
0.003275
0.003905
0.004850
0.001512
0.003905
0.003779
0.006047
0.001890
0.010771
0.004913
0.003842
0.001134
0.001701
0.001449
0.001512
0.000819
0.002771
0.002268
0.002205
0.000630
0.005291
0.001512
0.003464
0.000945
0.003275
0.001764
0.002205
0.001323
0.005795
0.003905
0.002457
0.003653
0.003842
0.005795
0.006803
0.010708
0.002079
0.002268
0.003464
0.003716
0.002142
0.002708
0.002708
0.000567
0.003779
0.001449
0.001134
0.004220
0.000693
0.001890
0.002457
0.002708
0.001575
0.002331
0.002016
0.001323
0.003401
0.002205
0.002205
0.002520
0.001701
0.002520
0.003653
0.003212
0.002897
0.004472
0.005921
