0.164021
0.003464
0.002520
0.005228
0.002268
0.002960
0.002646
0.003023
0.003212
0.003149
0.003590
0.003086
0.002897
0.003401
0.003716
0.006488
0.002268
0.002016
0.001323
0.006551
0.000945
0.001638
0.003716
0.002142
0.002016
0.002520
0.005102
0.007811
0.002457
0.002646
0.005480
0.010141
0.003968
0.003338
0.002708
0.004535
0.001071
0.003527
0.004661
0.002708
0.002834
0.001575
0.003401
0.002142
0.003905
0.001386
0.004661
0.002331
0.002268
0.001575
0.001827
0.003023
0.001008
0.002142
0.001008
0.002646
0.002457
0.003716
0.006740
0.004661
0.004472
0.002583
0.006803
0.003842
0.002897
0.002646
0.004346
0.007055
0.001575
0.005543
0.002897
0.002771
0.001008
0.005165
0.001449
0.003086
0.001701
0.008314
0.001764
0.004976
0.002016
0.002394
0.001764
0.003149
0.001638
0.001575
0.002268
0.002520
0.002583
0.009952
0.003842
0.003968
0.002331
0.004031
0.003212
0.007118
0.003464
0.001953
0.001953
0.006614
0.002268
0.002708
0.002331
0.003338
0.001764
0.004283
0.001890
0.003464
0.003968
0.003023
0.002520
0.003149
0.004472
0.001323
0.001764
0.003086
0.001701
0.003590
0.000882
0.002016
0.004724
0.003842
0.001827
0.004094
0.011275
0.003527
0.001638
0.003275
0.002708
0.002960
0.004598
0.012094
0.002897
0.003023
0.004913
0.005669
0.001701
0.001827
0.003212
0.001260
0.001953
0.002331
0.001386
0.005480
0.002331
0.002394
0.003023
0.007496
0.002457
0.001953
0.004535
0.003275
0.002583
0.002583
0.001953
0.004283
0.003149
0.003905
0.003086
0.005606
0.004535
0.003338
0.004850
0.003968
0.002331
0.003401
0.007496
0.005102
0.001890
0.001764
0.001323
0.001575
0.002079
0.001890
0.001701
0.002205
0.002457
0.002708
0.003968
0.002520
0.001512
0.001638
0.002771
0.001764
0.001638
0.003527
0.004220
0.002457
0.003968
0.004598
0.002457
0.004472
0.001638
0.003149
0.003779
0.007811
0.002394
0.010393
0.003905
0.004472
0.001071
0.002205
0.001449
0.002708
0.001323
0.003023
0.002016
0.002646
0.001701
0.006614
0.001890
0.005291
0.001008
0.004220
0.002205
0.003779
0.001827
0.006929
0.002646
0.002457
0.003779
0.002457
0.004031
0.006362
0.007622
0.002520
0.002897
0.003149
0.003023
0.004031
0.001890
0.003779
0.000756
0.003779
0.001260
0.002142
0.004094
0.001260
0.001701
0.002771
0.004598
0.002897
0.002897
0.003338
0.001701
0.003275
0.001512
0.003275
0.002016
0.002079
0.002583
0.003338
0.002583
0.002457
0.002205
0.005417
