0.164462
0.003653
0.001701
0.004031
0.003149
0.003590
0.002079
0.003653
0.004409
0.003401
0.003149
0.002834
0.002834
0.003842
0.002520
0.004598
0.001953
0.002520
0.000882
0.003968
0.001890
0.002520
0.003968
0.001953
0.003149
0.003212
0.004913
0.004472
0.002016
0.003401
0.002394
0.006992
0.004787
0.003464
0.002016
0.003149
0.002394
0.004283
0.006110
0.002016
0.003149
0.002771
0.002960
0.001638
0.002960
0.002897
0.003086
0.001449
0.001638
0.002646
0.001575
0.002331
0.001701
0.003275
0.001827
0.001260
0.002897
0.004976
0.007622
0.004094
0.007433
0.004598
0.006173
0.003401
0.003023
0.002457
0.004535
0.003905
0.002268
0.007181
0.004535
0.002268
0.001827
0.004787
0.003401
0.002583
0.001260
0.005543
0.002708
0.003905
0.001701
0.002520
0.001638
0.001638
0.001449
0.002394
0.002646
0.002205
0.003086
0.007748
0.003653
0.003086
0.002394
0.003842
0.004094
0.007496
0.003149
0.003086
0.002268
0.004031
0.003716
0.003653
0.003086
0.003401
0.002897
0.005543
0.002394
0.003779
0.005228
0.001449
0.003149
0.002520
0.003779
0.001386
0.002079
0.002268
0.001827
0.004850
0.002142
0.002457
0.005921
0.004409
0.002520
0.002583
0.007433
0.002646
0.002457
0.002897
0.002520
0.003653
0.002960
0.009133
0.003590
0.003275
0.003779
0.003968
0.001764
0.003590
0.002708
0.001575
0.002205
0.002520
0.000882
0.004031
0.002394
0.003023
0.001449
0.005228
0.003527
0.003086
0.004157
0.002708
0.002834
0.002771
0.002457
0.004220
0.003527
0.003149
0.002016
0.004220
0.005417
0.004724
0.003212
0.002771
0.003023
0.004850
0.008440
0.004598
0.001701
0.002457
0.001764
0.001323
0.002331
0.001953
0.001827
0.001701
0.002897
0.002771
0.003275
0.001764
0.002646
0.002646
0.003086
0.001449
0.002205
0.003779
0.004409
0.003023
0.003779
0.003905
0.002205
0.003401
0.002079
0.004913
0.005165
0.006551
0.003023
0.011023
0.003464
0.003905
0.001953
0.001701
0.002646
0.001638
0.001638
0.001890
0.001827
0.001827
0.001197
0.004220
0.002457
0.003653
0.001512
0.005795
0.002142
0.002142
0.002268
0.006236
0.004157
0.002331
0.002583
0.003590
0.003275
0.005039
0.009259
0.002708
0.002520
0.003023
0.003905
0.005606
0.002897
0.004157
0.001071
0.004346
0.002268
0.002583
0.003779
0.001449
0.001764
0.002583
0.004850
0.002079
0.002897
0.002142
0.002268
0.005165
0.002268
0.003086
0.004283
0.003338
0.003653
0.003842
0.003086
0.003149
0.003338
0.003086
