0.168682
0.003527
0.004220
0.007433
0.002897
0.002646
0.003905
0.005228
0.001512
0.001827
0.005543
0.003023
0.001449
0.001764
0.001890
0.006992
0.002457
0.001764
0.001764
0.004976
0.001008
0.001386
0.003842
0.001638
0.002331
0.002771
0.007559
0.005417
0.002016
0.001449
0.005291
0.012283
0.004094
0.003653
0.004661
0.004787
0.002205
0.003590
0.007559
0.002142
0.001512
0.001890
0.004535
0.001638
0.002457
0.001260
0.003086
0.002016
0.002142
0.001764
0.002457
0.002331
0.001386
0.001323
0.002520
0.001260
0.002897
0.004598
0.009952
0.002960
0.005354
0.002268
0.004157
0.003275
0.003464
0.004472
0.004283
0.006236
0.000945
0.007748
0.004535
0.002771
0.000945
0.004346
0.001323
0.001764
0.000567
0.003968
0.001701
0.004220
0.001197
0.002646
0.001701
0.002897
0.000756
0.002016
0.001890
0.001764
0.002016
0.009952
0.005480
0.004094
0.001512
0.006488
0.002646
0.008251
0.005228
0.003905
0.002457
0.005291
0.002834
0.003590
0.003212
0.003275
0.000945
0.003653
0.001890
0.002520
0.004787
0.001764
0.001386
0.002960
0.003212
0.001386
0.001071
0.002897
0.000945
0.003401
0.002079
0.001449
0.005228
0.005480
0.002771
0.003212
0.010078
0.003590
0.001512
0.004094
0.002583
0.001827
0.003590
0.010330
0.002079
0.003149
0.006551
0.005228
0.001071
0.001701
0.003842
0.001260
0.002268
0.001134
0.001071
0.005606
0.001323
0.000945
0.002457
0.007055
0.001575
0.002016
0.003779
0.002079
0.002583
0.003086
0.005228
0.005039
0.004598
0.003968
0.003842
0.008755
0.003842
0.001701
0.003401
0.002771
0.002079
0.004787
0.011086
0.003086
0.001134
0.001512
0.002708
0.001827
0.001638
0.001575
0.003212
0.002016
0.002079
0.001134
0.003023
0.002520
0.001323
0.001953
0.003275
0.001764
0.001638
0.004346
0.006866
0.002394
0.003779
0.004157
0.003527
0.004220
0.001512
0.004913
0.003275
0.006110
0.001575
0.009133
0.004661
0.003842
0.001386
0.002394
0.001701
0.002142
0.001638
0.002960
0.001890
0.003653
0.001008
0.003653
0.002016
0.003968
0.000756
0.003275
0.002142
0.001764
0.001764
0.008314
0.004346
0.003401
0.003653
0.004157
0.004346
0.006362
0.008440
0.002079
0.001701
0.004283
0.002708
0.004472
0.002834
0.003212
0.000693
0.003023
0.001764
0.000693
0.002646
0.001386
0.000819
0.003212
0.003653
0.001449
0.001512
0.003338
0.001071
0.002771
0.001386
0.002079
0.004094
0.003590
0.003338
0.003086
0.004094
0.003023
0.003527
0.005417
