0.153502
0.002834
0.004031
0.005732
0.001827
0.002142
0.003464
0.004850
0.003212
0.001575
0.002960
0.003464
0.001764
0.002646
0.003149
0.009700
0.001827
0.001386
0.001260
0.006929
0.001260
0.001323
0.003968
0.001575
0.001701
0.002457
0.005102
0.007433
0.002394
0.001701
0.008755
0.013542
0.005102
0.003086
0.003527
0.004031
0.000945
0.002331
0.006110
0.001638
0.002268
0.001953
0.003401
0.001953
0.003527
0.000882
0.007748
0.001575
0.001827
0.002016
0.001953
0.002520
0.001260
0.001071
0.002079
0.001323
0.002583
0.003653
0.009196
0.003149
0.005606
0.002205
0.010897
0.002897
0.003401
0.003779
0.004283
0.007370
0.001386
0.005858
0.003338
0.002583
0.000567
0.004913
0.001827
0.003716
0.001386
0.008314
0.002079
0.005606
0.001134
0.003149
0.002079
0.003086
0.001008
0.001638
0.001323
0.003149
0.002142
0.008377
0.003968
0.004346
0.001575
0.005291
0.002834
0.006929
0.003338
0.002897
0.003275
0.004787
0.002960
0.002457
0.001764
0.003716
0.002897
0.003779
0.001764
0.002834
0.004976
0.002708
0.002142
0.002331
0.004283
0.000756
0.001071
0.003086
0.001260
0.003968
0.001071
0.001386
0.005354
0.003653
0.001890
0.003338
0.011842
0.003212
0.001701
0.003905
0.002646
0.001134
0.003275
0.016314
0.001953
0.002079
0.004472
0.005858
0.001323
0.001890
0.004220
0.002016
0.002079
0.001701
0.001197
0.005795
0.002079
0.002205
0.003023
0.006362
0.002457
0.002520
0.003653
0.003590
0.001890
0.001323
0.003590
0.005543
0.003275
0.003527
0.004220
0.005417
0.004283
0.001638
0.004535
0.003653
0.002646
0.003023
0.010204
0.002897
0.002205
0.000630
0.001638
0.001575
0.001701
0.001638
0.003464
0.002205
0.002583
0.001386
0.006110
0.001827
0.001512
0.001449
0.004787
0.001827
0.001071
0.002520
0.005795
0.002708
0.004598
0.003149
0.003590
0.003653
0.002457
0.004094
0.002331
0.007433
0.001953
0.009322
0.004409
0.004031
0.001197
0.001764
0.000882
0.002771
0.001071
0.003086
0.002016
0.002771
0.000693
0.006425
0.001449
0.005543
0.000882
0.005039
0.001638
0.002960
0.001260
0.005858
0.003212
0.002142
0.002331
0.004031
0.004409
0.006992
0.012661
0.001890
0.001449
0.003338
0.003338
0.004346
0.001827
0.003338
0.001134
0.003086
0.000693
0.001260
0.004409
0.000882
0.001764
0.002897
0.005921
0.002016
0.002834
0.003023
0.002268
0.003716
0.001827
0.003149
0.002583
0.002142
0.002268
0.003590
0.003716
0.003716
0.002016
0.004724
