0.163139
0.003212
0.002897
0.005543
0.002771
0.002268
0.002834
0.004472
0.002520
0.002016
0.003464
0.003149
0.001449
0.002331
0.002016
0.006803
0.001827
0.001512
0.001323
0.007433
0.000819
0.001323
0.003842
0.001764
0.001953
0.002331
0.005039
0.006866
0.002771
0.001827
0.005984
0.012283
0.005228
0.002960
0.003653
0.004724
0.001071
0.002834
0.006740
0.002205
0.002834
0.002205
0.003590
0.001701
0.002583
0.001701
0.007685
0.001512
0.001575
0.001764
0.002016
0.002646
0.001638
0.001449
0.001575
0.001449
0.002771
0.003779
0.008251
0.003842
0.005732
0.002646
0.009322
0.003464
0.002457
0.003653
0.004913
0.007307
0.001512
0.006488
0.003464
0.002079
0.000504
0.004976
0.002205
0.003968
0.001512
0.007685
0.002142
0.004157
0.001827
0.001953
0.002646
0.002897
0.001008
0.002142
0.001827
0.002708
0.002079
0.007748
0.004031
0.004661
0.002142
0.004724
0.002960
0.006740
0.004787
0.002394
0.002394
0.005102
0.002457
0.002897
0.002205
0.003653
0.002268
0.003086
0.001449
0.003212
0.004976
0.001764
0.001638
0.002457
0.005921
0.000693
0.001197
0.002960
0.000882
0.003401
0.001134
0.001953
0.004031
0.003401
0.001575
0.003149
0.011653
0.003149
0.002016
0.003275
0.002646
0.001134
0.003779
0.014487
0.001953
0.002142
0.005417
0.005732
0.001575
0.001701
0.003275
0.001953
0.002142
0.001512
0.001512
0.006551
0.001134
0.002394
0.002457
0.005984
0.002331
0.002268
0.003590
0.003653
0.002708
0.002016
0.002457
0.004976
0.003590
0.003653
0.003275
0.005291
0.006110
0.002142
0.004220
0.003905
0.001953
0.003527
0.010519
0.002771
0.001260
0.001071
0.001953
0.001764
0.001638
0.002016
0.003149
0.001638
0.002708
0.001323
0.006992
0.001827
0.001827
0.001512
0.004598
0.002142
0.001512
0.002708
0.005165
0.002205
0.005102
0.004220
0.003464
0.004472
0.002520
0.003842
0.002394
0.007181
0.003023
0.008314
0.003779
0.004724
0.000693
0.001575
0.001638
0.002708
0.001449
0.003149
0.002205
0.002394
0.001197
0.006614
0.001764
0.005228
0.000945
0.004598
0.002142
0.003086
0.001386
0.005732
0.003590
0.001953
0.002142
0.004157
0.005732
0.007559
0.010330
0.002016
0.001638
0.003590
0.003653
0.004787
0.002016
0.003023
0.001134
0.003401
0.001323
0.001827
0.004220
0.001008
0.001197
0.002771
0.004976
0.001953
0.002205
0.003275
0.002016
0.003653
0.001197
0.003275
0.002708
0.001827
0.002142
0.003905
0.003590
0.002834
0.002394
0.004850
