0.160242
0.004535
0.005102
0.006677
0.002834
0.001890
0.002897
0.004283
0.002520
0.001638
0.004031
0.002646
0.001323
0.001890
0.003464
0.005291
0.001323
0.001071
0.001764
0.006299
0.000882
0.000693
0.004472
0.001386
0.001701
0.002016
0.006110
0.006047
0.002205
0.002583
0.014613
0.015180
0.004094
0.004283
0.004409
0.004976
0.000756
0.003212
0.006866
0.002016
0.001071
0.001953
0.004850
0.001701
0.001890
0.001134
0.006740
0.002268
0.000882
0.001386
0.002646
0.002268
0.001008
0.001197
0.002016
0.002520
0.001197
0.003338
0.010771
0.004409
0.005291
0.003905
0.010393
0.003653
0.002079
0.004409
0.004850
0.009196
0.000630
0.006992
0.003842
0.002142
0.000882
0.003905
0.002016
0.003212
0.000630
0.006551
0.001386
0.004157
0.001008
0.002771
0.002708
0.002394
0.000630
0.001575
0.002268
0.001701
0.002520
0.010960
0.004976
0.003590
0.001197
0.006866
0.005165
0.006488
0.000756
0.002331
0.003968
0.006803
0.001008
0.001890
0.002834
0.003338
0.001512
0.003464
0.001008
0.002708
0.002834
0.001071
0.001890
0.001701
0.003842
0.000945
0.001575
0.002016
0.000504
0.004157
0.001008
0.001323
0.002457
0.003086
0.002520
0.003653
0.013291
0.003275
0.002079
0.003464
0.001386
0.002708
0.005732
0.017574
0.001197
0.002331
0.006047
0.006803
0.001512
0.001260
0.003590
0.001575
0.001260
0.002016
0.002394
0.005858
0.000882
0.001197
0.002897
0.006299
0.001953
0.000945
0.003968
0.002079
0.002268
0.001764
0.003905
0.004661
0.002960
0.004283
0.004283
0.005984
0.004157
0.002708
0.006299
0.003527
0.001323
0.003023
0.013228
0.003590
0.001701
0.001008
0.001638
0.001386
0.001260
0.001197
0.004598
0.002142
0.002079
0.000882
0.005165
0.001890
0.000819
0.002331
0.003653
0.001575
0.000756
0.002897
0.007811
0.003275
0.004220
0.004976
0.004535
0.004346
0.000945
0.003527
0.003842
0.007181
0.002205
0.011716
0.004913
0.003842
0.000504
0.001512
0.002142
0.002897
0.001260
0.002520
0.002142
0.002142
0.000504
0.005795
0.002583
0.004031
0.000567
0.002897
0.001638
0.001638
0.001134
0.006677
0.004094
0.003212
0.001638
0.004787
0.004787
0.007999
0.007685
0.002583
0.002457
0.003212
0.002331
0.003275
0.002834
0.003527
0.000693
0.004346
0.001386
0.001449
0.003086
0.000630
0.001827
0.001512
0.002771
0.001449
0.001953
0.001890
0.001071
0.002834
0.001701
0.002960
0.001260
0.002646
0.002897
0.004094
0.001764
0.002520
0.003779
0.006047
