0.194381
0.002583
0.001890
0.002583
0.003779
0.004409
0.002457
0.002520
0.003653
0.003212
0.003086
0.001449
0.002708
0.002834
0.001071
0.002771
0.002016
0.001764
0.001764
0.004661
0.002331
0.001890
0.005165
0.001260
0.003023
0.002834
0.002646
0.003653
0.002205
0.003086
0.005165
0.005669
0.004913
0.004787
0.002708
0.002331
0.001953
0.005228
0.006614
0.003527
0.002205
0.002142
0.002960
0.001449
0.001827
0.002205
0.003338
0.001512
0.001386
0.002457
0.002079
0.004787
0.001323
0.003716
0.002079
0.001701
0.002205
0.004409
0.006425
0.006299
0.003464
0.006551
0.013857
0.004472
0.002394
0.002708
0.004094
0.006047
0.002708
0.006992
0.003779
0.002268
0.001575
0.002834
0.002331
0.001827
0.001764
0.003842
0.002394
0.001575
0.003338
0.001512
0.003149
0.001512
0.001638
0.002142
0.004598
0.001449
0.004598
0.007118
0.004409
0.002771
0.003275
0.003086
0.007748
0.004031
0.002708
0.001890
0.004346
0.004094
0.002583
0.002394
0.004220
0.003527
0.001764
0.002583
0.002708
0.003212
0.002331
0.001323
0.005291
0.002142
0.003716
0.000819
0.002708
0.001638
0.001071
0.004031
0.002142
0.002016
0.003779
0.003023
0.002708
0.002016
0.006803
0.002646
0.002646
0.002142
0.002960
0.002520
0.003464
0.008566
0.002960
0.003842
0.005669
0.002457
0.002897
0.001953
0.003212
0.001638
0.002457
0.002142
0.001386
0.002897
0.001638
0.002142
0.002205
0.005417
0.002520
0.002079
0.004472
0.001764
0.003086
0.003401
0.002205
0.003086
0.003401
0.002520
0.002583
0.002583
0.007685
0.004598
0.004409
0.002708
0.003401
0.004283
0.011338
0.004787
0.002142
0.002268
0.001953
0.001638
0.001512
0.001071
0.001953
0.002142
0.004472
0.001764
0.003086
0.001575
0.001701
0.002205
0.004661
0.001764
0.001827
0.005102
0.004787
0.004661
0.003401
0.005039
0.003401
0.003464
0.002142
0.003590
0.005354
0.007433
0.002457
0.010141
0.004283
0.003212
0.001386
0.001197
0.002897
0.001764
0.001764
0.002394
0.002016
0.000945
0.002079
0.002897
0.002960
0.003212
0.001575
0.003401
0.002142
0.001701
0.003212
0.004787
0.005102
0.002142
0.003023
0.002897
0.006740
0.003842
0.007999
0.002331
0.003905
0.003401
0.002771
0.003590
0.002646
0.002771
0.001008
0.003023
0.002646
0.001890
0.003149
0.001260
0.002834
0.001890
0.004031
0.001512
0.003275
0.001638
0.001323
0.004724
0.002708
0.002079
0.002394
0.002268
0.004094
0.003086
0.002457
0.001764
0.003023
0.002960
