0.177123
0.002708
0.003779
0.004535
0.002331
0.003275
0.004409
0.003779
0.003023
0.002394
0.004409
0.002331
0.001764
0.003527
0.003212
0.004850
0.001827
0.001890
0.001512
0.004787
0.001449
0.001638
0.004031
0.001512
0.002331
0.002016
0.004472
0.006362
0.002520
0.002142
0.007622
0.011527
0.004598
0.002960
0.003023
0.004283
0.001764
0.002960
0.006929
0.002646
0.002205
0.001638
0.004283
0.001575
0.002771
0.001638
0.006488
0.002079
0.001953
0.001260
0.002960
0.002960
0.001071
0.002205
0.001701
0.001764
0.001512
0.004031
0.009637
0.004283
0.006488
0.003653
0.006866
0.003653
0.002771
0.002205
0.004283
0.005921
0.001638
0.005606
0.004661
0.002646
0.001638
0.002205
0.002394
0.002583
0.000819
0.005039
0.001890
0.003464
0.001953
0.001701
0.002708
0.001701
0.001386
0.002142
0.002520
0.001638
0.003590
0.008188
0.006047
0.004346
0.001827
0.003590
0.004787
0.006803
0.002331
0.001890
0.003779
0.004724
0.002331
0.002016
0.003338
0.002331
0.001638
0.003275
0.001890
0.003968
0.003968
0.002520
0.003086
0.001134
0.003716
0.001197
0.002079
0.002457
0.000693
0.003590
0.001449
0.002268
0.003338
0.003464
0.003149
0.003086
0.006110
0.002771
0.002394
0.002331
0.002520
0.002960
0.004472
0.011590
0.002205
0.003212
0.006614
0.005921
0.001827
0.000882
0.003464
0.001890
0.002205
0.002331
0.001575
0.004283
0.001575
0.002268
0.002268
0.006425
0.002520
0.002331
0.005228
0.002646
0.003212
0.002142
0.003149
0.003653
0.003212
0.002583
0.004346
0.003527
0.005921
0.003842
0.004976
0.002771
0.002079
0.002834
0.012787
0.004787
0.002205
0.002016
0.002268
0.001260
0.001323
0.001134
0.002960
0.002457
0.003338
0.002016
0.005417
0.002016
0.002331
0.001764
0.006299
0.001449
0.001260
0.002708
0.006614
0.003149
0.004031
0.003149
0.003842
0.003023
0.002834
0.003716
0.004157
0.008377
0.003086
0.009700
0.004850
0.004598
0.001575
0.001512
0.002583
0.002268
0.001764
0.002834
0.001701
0.001323
0.001701
0.004094
0.001827
0.004913
0.001134
0.003527
0.002583
0.002457
0.002079
0.004283
0.004409
0.002520
0.002834
0.002205
0.004976
0.005354
0.006929
0.002457
0.002583
0.003212
0.002646
0.004094
0.002897
0.004157
0.001260
0.002960
0.001701
0.002016
0.002646
0.001134
0.001701
0.002016
0.004661
0.002079
0.002142
0.002142
0.001953
0.004346
0.002646
0.003716
0.002771
0.001386
0.002016
0.002771
0.002079
0.002205
0.003338
0.004598
