0.139519
0.002583
0.006362
0.006929
0.002583
0.001827
0.004976
0.004787
0.002331
0.001008
0.005417
0.002646
0.001827
0.001890
0.003653
0.005732
0.001890
0.000945
0.002142
0.006236
0.000882
0.001701
0.005858
0.001260
0.002016
0.001386
0.007999
0.006803
0.002205
0.001827
0.009259
0.018393
0.004094
0.002897
0.004787
0.005228
0.000945
0.002708
0.008125
0.002457
0.001953
0.001260
0.006173
0.001512
0.002394
0.001008
0.006677
0.001449
0.001827
0.001575
0.003968
0.001701
0.001260
0.000630
0.002394
0.001701
0.002520
0.001890
0.013542
0.003527
0.005417
0.002142
0.011401
0.002960
0.002960
0.002331
0.007685
0.005921
0.000945
0.005039
0.004850
0.002646
0.000819
0.004535
0.002205
0.002331
0.000882
0.005480
0.002142
0.004787
0.001197
0.001638
0.002583
0.002583
0.000378
0.001764
0.002834
0.001827
0.001701
0.007685
0.005732
0.005102
0.001890
0.005417
0.004976
0.006803
0.003464
0.002583
0.003968
0.004472
0.002646
0.001827
0.002457
0.003716
0.001386
0.002583
0.001512
0.003086
0.004850
0.001827
0.002646
0.001701
0.003212
0.001134
0.002016
0.002897
0.000693
0.003905
0.002583
0.001008
0.004850
0.003338
0.003401
0.002520
0.010267
0.003023
0.002708
0.003779
0.002079
0.001827
0.005669
0.014046
0.001638
0.001512
0.007559
0.006047
0.001134
0.001386
0.004724
0.000945
0.002079
0.001323
0.001953
0.005921
0.001701
0.000945
0.003653
0.005165
0.001827
0.001008
0.005984
0.002268
0.002331
0.001512
0.006236
0.004283
0.003086
0.002646
0.006677
0.007496
0.004346
0.001890
0.007307
0.003590
0.002268
0.003086
0.012409
0.003275
0.001386
0.001260
0.002708
0.001449
0.001449
0.001449
0.003590
0.001638
0.002583
0.001386
0.004724
0.001323
0.001449
0.001701
0.005858
0.001260
0.001260
0.002520
0.009511
0.003149
0.004472
0.002897
0.005795
0.006362
0.000945
0.002771
0.004409
0.005732
0.001890
0.007874
0.005354
0.003779
0.001008
0.001323
0.001827
0.002771
0.001134
0.002708
0.002834
0.002771
0.001638
0.004472
0.001890
0.004283
0.000567
0.003716
0.002142
0.001638
0.001386
0.004724
0.005480
0.001638
0.003401
0.002583
0.006740
0.006551
0.008503
0.002142
0.003149
0.002708
0.002583
0.002897
0.003338
0.002079
0.000882
0.002897
0.002457
0.001575
0.003464
0.000945
0.001827
0.002457
0.003212
0.001638
0.002457
0.002142
0.001512
0.003968
0.002771
0.001449
0.002457
0.001890
0.002708
0.003527
0.003905
0.002771
0.003779
0.005228
