0.175044
0.002079
0.002708
0.004787
0.002583
0.001764
0.003149
0.004472
0.003401
0.002205
0.003590
0.002268
0.003716
0.003023
0.003905
0.005669
0.003338
0.001197
0.001638
0.006677
0.001701
0.002016
0.004472
0.001638
0.002331
0.000945
0.005606
0.005795
0.002708
0.001827
0.009322
0.017763
0.004787
0.002457
0.003842
0.004850
0.001701
0.002331
0.007496
0.002394
0.002457
0.000882
0.005102
0.001386
0.003905
0.001449
0.006929
0.002331
0.002331
0.001512
0.002394
0.002771
0.001512
0.001764
0.002834
0.001386
0.002079
0.002394
0.011023
0.003590
0.004535
0.001764
0.008440
0.002205
0.001953
0.002708
0.004598
0.006173
0.001071
0.004535
0.004787
0.001512
0.000630
0.003338
0.002457
0.003149
0.001953
0.005606
0.002834
0.004535
0.001071
0.001827
0.001701
0.001953
0.001071
0.001071
0.001764
0.002457
0.002394
0.007433
0.003275
0.002897
0.001008
0.003401
0.003590
0.006740
0.002708
0.001764
0.003023
0.004724
0.002394
0.002079
0.002079
0.003212
0.002646
0.002771
0.002646
0.003653
0.004472
0.001890
0.004157
0.004094
0.004976
0.001323
0.002708
0.002960
0.000819
0.003905
0.001890
0.001890
0.004094
0.002834
0.003149
0.003527
0.009763
0.002583
0.001953
0.003086
0.002708
0.001890
0.004535
0.016503
0.002646
0.001638
0.004724
0.004031
0.001827
0.001638
0.003779
0.001764
0.003212
0.001512
0.001890
0.004850
0.002960
0.001701
0.003212
0.007370
0.003338
0.001764
0.004913
0.002394
0.003653
0.001512
0.003275
0.004409
0.003968
0.001827
0.003527
0.005795
0.004472
0.001386
0.004850
0.003338
0.002142
0.002331
0.010771
0.003149
0.002142
0.001260
0.002708
0.001638
0.002331
0.001134
0.003464
0.001638
0.004535
0.001323
0.005795
0.002268
0.002646
0.001638
0.005543
0.001701
0.001575
0.002016
0.006488
0.002268
0.003527
0.002897
0.003212
0.005228
0.001449
0.002771
0.002583
0.007307
0.001701
0.009826
0.003905
0.002520
0.001071
0.001071
0.001071
0.002079
0.000945
0.001764
0.002583
0.001764
0.001071
0.005102
0.002646
0.003905
0.001575
0.003590
0.002331
0.002079
0.001323
0.004346
0.004850
0.001512
0.002646
0.001764
0.004535
0.005921
0.008188
0.001260
0.002016
0.003779
0.002834
0.003212
0.002897
0.004031
0.001323
0.002960
0.001386
0.001638
0.003968
0.001071
0.001827
0.002897
0.005354
0.002016
0.003212
0.002771
0.001890
0.004850
0.002960
0.003086
0.002897
0.001323
0.002268
0.003338
0.002331
0.001953
0.004094
0.005165
