0.173469
0.002646
0.002205
0.005291
0.003086
0.002394
0.003464
0.003842
0.002771
0.002834
0.003023
0.002520
0.002646
0.002142
0.003086
0.005543
0.002331
0.001386
0.001827
0.005795
0.001512
0.001386
0.003464
0.001323
0.003275
0.002079
0.006173
0.005921
0.003212
0.001575
0.010204
0.012724
0.004220
0.003653
0.002771
0.004787
0.001575
0.003212
0.007433
0.002394
0.002646
0.002016
0.003905
0.001701
0.002960
0.001449
0.004724
0.001575
0.001827
0.001197
0.002331
0.002268
0.001764
0.001638
0.001260
0.001197
0.002583
0.003590
0.008818
0.004157
0.005039
0.002897
0.007685
0.003716
0.003716
0.002205
0.005354
0.006236
0.001134
0.006173
0.003905
0.001890
0.001323
0.003338
0.002268
0.002205
0.001071
0.005858
0.002583
0.003401
0.002016
0.001827
0.002016
0.001386
0.001197
0.002394
0.002079
0.001449
0.002834
0.007748
0.004724
0.002583
0.002520
0.004031
0.005606
0.006803
0.004346
0.003401
0.002646
0.005165
0.002583
0.001827
0.003275
0.002960
0.001575
0.002646
0.001701
0.003149
0.005354
0.002016
0.002016
0.002142
0.004220
0.000945
0.002268
0.002016
0.001008
0.003212
0.001260
0.001386
0.005291
0.003653
0.002708
0.003716
0.012850
0.003023
0.002331
0.003212
0.002583
0.001638
0.003338
0.012472
0.003779
0.002079
0.007307
0.005795
0.001197
0.001575
0.002646
0.001701
0.002708
0.001638
0.001071
0.004913
0.001764
0.002079
0.003149
0.005858
0.002205
0.001512
0.005102
0.002897
0.002142
0.001512
0.003464
0.004661
0.004409
0.002520
0.003464
0.004661
0.005102
0.002268
0.004472
0.002646
0.003464
0.004976
0.012472
0.004787
0.001890
0.001638
0.001701
0.002142
0.001323
0.001008
0.002583
0.002079
0.004094
0.001701
0.004031
0.001764
0.002331
0.001701
0.003842
0.002079
0.001323
0.004409
0.005984
0.002646
0.004220
0.003716
0.003212
0.003527
0.001953
0.004913
0.004472
0.007370
0.001638
0.011212
0.005417
0.003716
0.001008
0.001260
0.001890
0.001827
0.001575
0.002142
0.002142
0.001638
0.001764
0.003905
0.002520
0.003212
0.001575
0.004031
0.002457
0.002520
0.001890
0.003779
0.004598
0.002142
0.002960
0.002520
0.005732
0.005354
0.009889
0.001638
0.001827
0.002331
0.003086
0.004094
0.002268
0.003149
0.001575
0.003338
0.001512
0.001260
0.003464
0.000945
0.001827
0.003149
0.004472
0.001701
0.001953
0.002268
0.002016
0.003653
0.001890
0.003212
0.003149
0.002016
0.002897
0.003212
0.003086
0.002394
0.002331
0.004409
