0.172714
0.003212
0.002583
0.003338
0.004094
0.003779
0.002520
0.003023
0.005606
0.003590
0.005228
0.003023
0.003527
0.004598
0.002897
0.004787
0.002897
0.002646
0.002205
0.005291
0.002079
0.002016
0.005228
0.002268
0.002520
0.002268
0.003212
0.003590
0.002331
0.002520
0.003716
0.005795
0.003968
0.003590
0.002079
0.003527
0.001701
0.003275
0.005354
0.002771
0.001827
0.001701
0.003527
0.002583
0.003338
0.001638
0.004598
0.001071
0.002646
0.002205
0.001890
0.003464
0.001764
0.003716
0.002268
0.002834
0.002331
0.002708
0.005858
0.004472
0.004472
0.005039
0.003716
0.002834
0.002834
0.002394
0.003653
0.004787
0.002520
0.005921
0.002646
0.001638
0.001386
0.003275
0.002142
0.002331
0.001575
0.003527
0.002331
0.003590
0.004094
0.001701
0.003464
0.001827
0.002268
0.001827
0.003968
0.001638
0.003527
0.006173
0.004409
0.002205
0.001953
0.002583
0.004787
0.004598
0.002520
0.002016
0.003527
0.003905
0.002457
0.002079
0.004157
0.004220
0.002771
0.003653
0.003401
0.005543
0.004724
0.002142
0.004913
0.003590
0.004724
0.002205
0.002834
0.003275
0.001764
0.003968
0.002394
0.002520
0.004346
0.003275
0.002960
0.002583
0.007118
0.002897
0.002771
0.002897
0.002646
0.001701
0.003086
0.009196
0.002457
0.002142
0.005480
0.002771
0.002960
0.002646
0.002771
0.002520
0.003527
0.003149
0.002646
0.003716
0.002520
0.003086
0.003527
0.008188
0.002646
0.002142
0.007055
0.003464
0.003653
0.002771
0.001764
0.004094
0.003527
0.003086
0.003401
0.003212
0.005669
0.002646
0.003590
0.002583
0.002205
0.003527
0.008062
0.002520
0.002268
0.003338
0.001827
0.002016
0.001575
0.002331
0.002960
0.002142
0.003716
0.001701
0.002583
0.002268
0.001827
0.002205
0.004157
0.002205
0.001953
0.002834
0.003779
0.003149
0.003968
0.004220
0.002897
0.003464
0.002457
0.003086
0.004346
0.006929
0.003716
0.008440
0.003905
0.002520
0.002331
0.001575
0.003338
0.002646
0.001638
0.002331
0.002771
0.001827
0.001890
0.003527
0.002897
0.003590
0.001953
0.003905
0.002646
0.002583
0.002520
0.003338
0.003023
0.001701
0.003149
0.002646
0.003968
0.003905
0.007685
0.001890
0.003779
0.003401
0.003716
0.004031
0.002646
0.003086
0.002520
0.003590
0.002394
0.002457
0.003653
0.001449
0.004472
0.003023
0.007118
0.002646
0.004535
0.002205
0.002708
0.005921
0.003023
0.003653
0.003086
0.001953
0.002079
0.003086
0.003086
0.002079
0.002897
0.003716
