0.153754
0.003212
0.002646
0.005921
0.002457
0.003212
0.003401
0.003023
0.003842
0.002583
0.003779
0.002520
0.004031
0.004094
0.002268
0.006488
0.003212
0.002079
0.001260
0.005165
0.001260
0.001323
0.003905
0.001827
0.001953
0.002708
0.003653
0.004724
0.004472
0.002771
0.007874
0.005858
0.005291
0.003464
0.003149
0.003779
0.000882
0.003464
0.004913
0.002142
0.002205
0.002079
0.002394
0.001764
0.003716
0.002331
0.002960
0.002142
0.001701
0.001890
0.001701
0.003653
0.001323
0.002331
0.001638
0.002331
0.002016
0.004220
0.007370
0.004724
0.004850
0.004346
0.005102
0.005102
0.003527
0.004346
0.003464
0.005606
0.002268
0.005858
0.003716
0.002016
0.001260
0.003527
0.001827
0.001827
0.001827
0.004913
0.001827
0.003275
0.002520
0.002520
0.001890
0.003212
0.001512
0.002583
0.002520
0.001071
0.003716
0.007937
0.006299
0.003464
0.003842
0.004976
0.005669
0.004661
0.003905
0.002708
0.002771
0.005606
0.002771
0.003275
0.002583
0.003338
0.002331
0.003401
0.001575
0.004283
0.005480
0.002079
0.002646
0.004094
0.005291
0.001323
0.001386
0.002834
0.001134
0.003527
0.001197
0.002016
0.004283
0.004283
0.002142
0.004346
0.008188
0.004472
0.003086
0.004283
0.003716
0.003086
0.003653
0.010519
0.002708
0.002834
0.003779
0.004535
0.001701
0.001638
0.002205
0.001638
0.002834
0.002016
0.001638
0.003464
0.003401
0.002771
0.002142
0.007937
0.002268
0.001764
0.005165
0.003149
0.003527
0.002268
0.002771
0.003464
0.004157
0.002331
0.003590
0.003842
0.005795
0.004157
0.004094
0.003779
0.001764
0.005606
0.012472
0.003716
0.001701
0.001890
0.001764
0.002142
0.001197
0.002079
0.002708
0.002583
0.003968
0.002583
0.003212
0.002268
0.001449
0.001953
0.002646
0.002142
0.001512
0.003527
0.004535
0.002394
0.003464
0.003779
0.003779
0.004850
0.004220
0.004472
0.004031
0.007811
0.002897
0.012409
0.005039
0.003905
0.002016
0.001260
0.002079
0.001575
0.002268
0.003527
0.001701
0.002457
0.002268
0.004157
0.001575
0.003653
0.001827
0.003401
0.002268
0.002079
0.002457
0.003968
0.003464
0.002268
0.003275
0.004661
0.004094
0.004220
0.009259
0.003401
0.002960
0.004220
0.003401
0.004283
0.001512
0.003842
0.001134
0.002646
0.001260
0.002394
0.003023
0.001764
0.001323
0.003401
0.006740
0.002646
0.001827
0.002771
0.001512
0.005354
0.001575
0.002268
0.002583
0.002268
0.002331
0.002331
0.003590
0.004157
0.002268
0.004283
