0.062222
0.001042
0.006111
0.005139
0.002153
0.003125
0.014444
0.006250
0.001528
0.001667
0.006250
0.003194
0.001736
0.002847
0.003333
0.012361
0.003472
0.000556
0.004028
0.005972
0.002222
0.002153
0.008472
0.006875
0.001181
0.002361
0.007361
0.003750
0.001458
0.002639
0.007292
0.008472
0.004444
0.000694
0.005764
0.004167
0.004653
0.000764
0.009375
0.001806
0.002153
0.003333
0.005694
0.001181
0.006806
0.001597
0.006667
0.001458
0.004444
0.000556
0.003819
0.001597
0.004653
0.001736
0.012153
0.002569
0.003056
0.000903
0.005347
0.001528
0.012292
0.002778
0.009236
0.001944
0.003819
0.000903
0.001667
0.006250
0.000833
0.006597
0.001250
0.007083
0.000903
0.004028
0.004097
0.004028
0.001250
0.006875
0.002083
0.009167
0.001250
0.001458
0.001319
0.004583
0.001806
0.009792
0.003194
0.004583
0.000764
0.003542
0.001806
0.004653
0.001597
0.004583
0.003194
0.011736
0.003333
0.001597
0.001111
0.001319
0.004514
0.008472
0.002569
0.002778
0.003056
0.004375
0.002153
0.001111
0.009722
0.004028
0.003472
0.001528
0.004722
0.001458
0.001875
0.003681
0.004236
0.006667
0.002292
0.002431
0.002222
0.004514
0.004861
0.001597
0.008542
0.004236
0.002569
0.001528
0.001528
0.001181
0.005486
0.004722
0.001806
0.004583
0.007917
0.006875
0.000972
0.001042
0.005694
0.002569
0.004931
0.000972
0.003750
0.006667
0.001181
0.001042
0.002500
0.006806
0.001528
0.003056
0.007153
0.005694
0.000972
0.000556
0.009028
0.003056
0.002292
0.001319
0.007639
0.007361
0.007083
0.001042
0.005000
0.002292
0.003264
0.002083
0.009097
0.001806
0.001667
0.000972
0.011042
0.001319
0.005069
0.001250
0.006111
0.001181
0.003056
0.000903
0.003889
0.001319
0.002361
0.004306
0.008333
0.001875
0.001458
0.001111
0.004583
0.001250
0.006528
0.000972
0.005278
0.004097
0.001667
0.001667
0.001944
0.007083
0.000556
0.006319
0.001875
0.006875
0.001944
0.006944
0.001806
0.003472
0.001319
0.003542
0.002569
0.007708
0.000486
0.001736
0.001250
0.002292
0.001458
0.007292
0.004583
0.004236
0.001458
0.003750
0.000417
0.003958
0.004167
0.002500
0.001389
0.007847
0.003889
0.002292
0.001667
0.001042
0.004236
0.006111
0.005903
0.001319
0.002222
0.003472
0.001597
0.001528
0.005069
0.001528
0.002153
0.003889
0.006319
0.001389
0.002153
0.001042
0.002917
0.006806
0.001806
0.002500
0.001875
0.006667
0.000972
0.001528
0.006389
0.002014
0.001458
0.002569
