0.069306
0.001944
0.002222
0.006319
0.003264
0.003472
0.007778
0.003889
0.001667
0.002778
0.002847
0.004167
0.001875
0.005278
0.002569
0.010694
0.004861
0.003472
0.001319
0.007500
0.001667
0.002639
0.005278
0.005069
0.001806
0.005208
0.003889
0.003403
0.001389
0.002708
0.003889
0.007569
0.005486
0.001597
0.001667
0.007153
0.002292
0.001806
0.003889
0.002917
0.000833
0.002917
0.003542
0.003125
0.004861
0.002222
0.002708
0.003819
0.003194
0.002153
0.000694
0.004167
0.002431
0.002153
0.009236
0.004375
0.001250
0.002639
0.002292
0.003056
0.009861
0.002986
0.002083
0.004583
0.005347
0.002083
0.002153
0.009236
0.002361
0.005625
0.001528
0.005208
0.001181
0.003472
0.004653
0.004028
0.002153
0.003750
0.002639
0.006875
0.003264
0.002222
0.002014
0.005625
0.003125
0.008819
0.002708
0.005347
0.001528
0.003889
0.002153
0.002569
0.002569
0.004653
0.003472
0.011736
0.002917
0.003264
0.001389
0.005000
0.001944
0.008611
0.001389
0.003819
0.000833
0.003125
0.001042
0.002222
0.009722
0.005208
0.003125
0.004792
0.006042
0.003681
0.001042
0.004861
0.001944
0.005069
0.000903
0.004097
0.002361
0.006319
0.002292
0.002569
0.003889
0.003056
0.002361
0.003681
0.001250
0.002500
0.002778
0.006250
0.002431
0.007083
0.004444
0.002778
0.001042
0.002014
0.001667
0.003472
0.006111
0.003750
0.002083
0.007361
0.001250
0.003819
0.002014
0.010208
0.000903
0.003681
0.004236
0.006736
0.002778
0.002986
0.006528
0.003125
0.001875
0.002361
0.004236
0.008194
0.008403
0.001667
0.001944
0.005556
0.001875
0.002222
0.002986
0.002708
0.002361
0.001319
0.009236
0.004375
0.002500
0.002361
0.002778
0.004931
0.002917
0.001250
0.001389
0.003472
0.001806
0.004653
0.004306
0.003472
0.002153
0.001042
0.002014
0.002569
0.005347
0.002569
0.003194
0.008472
0.002292
0.002639
0.001944
0.010764
0.002708
0.004375
0.002153
0.004444
0.001944
0.007778
0.002431
0.005208
0.002847
0.003889
0.002153
0.005486
0.000764
0.003403
0.002083
0.005764
0.001875
0.005417
0.005278
0.003819
0.001667
0.002708
0.001389
0.004375
0.005694
0.002986
0.002986
0.008542
0.004722
0.001389
0.000972
0.003333
0.002361
0.005833
0.003403
0.004375
0.001319
0.003681
0.001875
0.002778
0.004167
0.003681
0.002292
0.004028
0.008819
0.002917
0.001528
0.004028
0.001319
0.004167
0.000694
0.002986
0.003264
0.008889
0.001042
0.002847
0.004097
0.003819
0.002569
0.004931
