0.073958
0.002917
0.004167
0.006736
0.001736
0.003194
0.009583
0.004583
0.001875
0.002778
0.005417
0.002569
0.002014
0.003056
0.004861
0.010139
0.003681
0.001944
0.002639
0.007639
0.002014
0.002083
0.004444
0.005625
0.001250
0.004097
0.006389
0.003125
0.001944
0.002639
0.004792
0.005972
0.004097
0.001875
0.003333
0.005903
0.002500
0.001875
0.005556
0.003056
0.003056
0.002431
0.007778
0.003333
0.003750
0.002153
0.004444
0.002847
0.002361
0.001181
0.002569
0.005278
0.002778
0.002986
0.010069
0.004028
0.002431
0.002708
0.003264
0.002639
0.008056
0.002361
0.003750
0.003889
0.003542
0.002083
0.003958
0.007917
0.001736
0.004792
0.002500
0.005139
0.001944
0.004792
0.005069
0.002569
0.001806
0.002083
0.003750
0.007014
0.002500
0.001250
0.002778
0.005764
0.003542
0.005417
0.004028
0.003819
0.001736
0.004375
0.003681
0.003819
0.002778
0.002153
0.005208
0.008819
0.002292
0.001250
0.002222
0.005556
0.003542
0.007778
0.002292
0.005903
0.002153
0.002500
0.003333
0.002292
0.006597
0.002083
0.003125
0.003472
0.003264
0.001458
0.002986
0.006181
0.002083
0.002917
0.002986
0.004028
0.001667
0.005278
0.003611
0.002569
0.004028
0.002361
0.003819
0.002639
0.001111
0.001181
0.003750
0.005903
0.001389
0.005278
0.006111
0.005139
0.001875
0.001111
0.004514
0.004583
0.004444
0.001736
0.003750
0.008750
0.002083
0.000833
0.003542
0.009514
0.001389
0.002431
0.005208
0.005556
0.001528
0.001528
0.008472
0.004375
0.002014
0.002153
0.004444
0.005903
0.008542
0.001181
0.003958
0.003750
0.002153
0.002986
0.003958
0.003264
0.001806
0.001528
0.011458
0.003264
0.003125
0.001597
0.003472
0.005556
0.002569
0.001042
0.002917
0.003472
0.002569
0.003611
0.005069
0.003542
0.002778
0.001319
0.002986
0.002569
0.004861
0.001597
0.002569
0.006319
0.001667
0.002569
0.002569
0.010000
0.001042
0.005556
0.004514
0.003611
0.002361
0.008472
0.003264
0.003264
0.001528
0.002083
0.003472
0.006389
0.001319
0.001111
0.001528
0.005903
0.002083
0.003264
0.005556
0.003264
0.001944
0.002708
0.002014
0.002431
0.004514
0.002153
0.004375
0.006458
0.002778
0.002014
0.001806
0.002292
0.002431
0.005000
0.004097
0.003264
0.001250
0.004514
0.001250
0.002708
0.003819
0.002569
0.002639
0.005833
0.006875
0.001597
0.002778
0.004028
0.003264
0.002639
0.003889
0.002222
0.002361
0.008542
0.001736
0.004514
0.003958
0.001806
0.002708
0.004028
