0.026667
0.003750
0.002083
0.006458
0.002014
0.003403
0.007847
0.005139
0.000903
0.005694
0.005972
0.004444
0.000764
0.004167
0.003750
0.010347
0.002083
0.003056
0.002361
0.008194
0.001667
0.002778
0.007639
0.006042
0.000556
0.005000
0.004792
0.003542
0.000833
0.003056
0.004097
0.007292
0.003819
0.002986
0.002431
0.003125
0.001181
0.001806
0.004861
0.003194
0.000347
0.006458
0.007014
0.004167
0.003333
0.003542
0.003125
0.001528
0.000972
0.002014
0.001458
0.003611
0.000556
0.005278
0.008819
0.005139
0.000417
0.005139
0.003472
0.003681
0.007361
0.004375
0.003819
0.003819
0.003194
0.004722
0.003194
0.009306
0.001458
0.008472
0.002014
0.005486
0.000764
0.011111
0.005347
0.004236
0.000764
0.006875
0.002153
0.005764
0.001458
0.003681
0.001736
0.005208
0.001389
0.012847
0.004097
0.005278
0.001111
0.009444
0.002569
0.003611
0.001389
0.006111
0.003681
0.009167
0.001181
0.004306
0.001319
0.004306
0.001736
0.010069
0.002500
0.004583
0.000278
0.007917
0.003472
0.003333
0.006458
0.005208
0.002569
0.002222
0.003056
0.003125
0.001111
0.003333
0.000833
0.006528
0.002361
0.002292
0.000486
0.010347
0.002431
0.002639
0.002500
0.004931
0.002014
0.002847
0.000417
0.003333
0.001806
0.007222
0.001389
0.005347
0.005625
0.004444
0.000417
0.003403
0.005347
0.005208
0.002083
0.003542
0.002361
0.005694
0.000972
0.003472
0.001736
0.010347
0.000417
0.005972
0.006111
0.006250
0.001042
0.002222
0.007500
0.003958
0.001319
0.003958
0.004167
0.004444
0.007500
0.003264
0.002292
0.002569
0.000625
0.004306
0.003333
0.003194
0.000486
0.002708
0.009306
0.003681
0.001806
0.002361
0.002153
0.003194
0.000694
0.002431
0.001389
0.002708
0.000347
0.007083
0.005417
0.003611
0.000764
0.002708
0.004028
0.002292
0.002986
0.003264
0.003958
0.003611
0.000764
0.006667
0.002778
0.011181
0.001250
0.007639
0.002639
0.005417
0.000625
0.013125
0.003819
0.004444
0.000903
0.004653
0.002361
0.003750
0.000764
0.006111
0.001944
0.004306
0.001319
0.012292
0.005903
0.005417
0.000347
0.007778
0.002361
0.004861
0.004306
0.005278
0.001875
0.008194
0.000972
0.006319
0.001944
0.002361
0.000625
0.005972
0.002986
0.003611
0.000625
0.005972
0.001597
0.002153
0.001667
0.004028
0.002361
0.004306
0.005972
0.004375
0.001319
0.002778
0.000625
0.008056
0.001944
0.003125
0.000486
0.011458
0.002153
0.002778
0.002639
0.004792
0.000903
0.003264
