0.060972
0.001875
0.002500
0.005208
0.003750
0.001736
0.006597
0.003542
0.002569
0.002847
0.004306
0.001667
0.003542
0.003056
0.003750
0.007153
0.002361
0.001319
0.003194
0.006042
0.002500
0.002569
0.005903
0.005625
0.002153
0.002222
0.005625
0.002986
0.003819
0.002431
0.004653
0.005833
0.006042
0.002361
0.003611
0.005000
0.004722
0.002014
0.004931
0.003472
0.003542
0.003681
0.006111
0.003472
0.006389
0.002708
0.003333
0.003681
0.002847
0.001875
0.002500
0.002639
0.003681
0.003611
0.008681
0.004444
0.002639
0.003333
0.003194
0.002431
0.008264
0.004375
0.004861
0.003819
0.003333
0.002292
0.003264
0.006875
0.002986
0.004097
0.002431
0.004306
0.002708
0.006319
0.004931
0.003403
0.002778
0.003750
0.002778
0.005069
0.003194
0.001806
0.002708
0.003611
0.004583
0.006875
0.003958
0.003403
0.002986
0.002778
0.003542
0.002639
0.003958
0.002292
0.005486
0.010417
0.003472
0.001806
0.003542
0.004722
0.002708
0.005972
0.002917
0.004028
0.002917
0.004583
0.004167
0.003125
0.008403
0.002639
0.003056
0.003403
0.005278
0.001250
0.002153
0.004514
0.004167
0.003056
0.003194
0.002778
0.002986
0.004583
0.004028
0.002361
0.003819
0.002361
0.003264
0.002431
0.002708
0.002917
0.003056
0.006042
0.002569
0.002708
0.004097
0.004028
0.002222
0.002292
0.004375
0.002778
0.004028
0.002708
0.003542
0.006111
0.002153
0.001528
0.003264
0.007847
0.003333
0.002986
0.005972
0.003264
0.002292
0.001944
0.006944
0.003333
0.002708
0.002014
0.003958
0.005208
0.009722
0.001736
0.004306
0.002778
0.003403
0.002222
0.003056
0.003056
0.003750
0.002014
0.011458
0.003403
0.002986
0.002917
0.003889
0.003194
0.002847
0.001389
0.002986
0.002361
0.003472
0.005347
0.006389
0.002986
0.002708
0.001528
0.003333
0.002708
0.006806
0.002500
0.003681
0.005208
0.002708
0.002639
0.003264
0.009792
0.003264
0.002986
0.002569
0.003681
0.002222
0.008889
0.003403
0.002639
0.003472
0.003403
0.002708
0.004167
0.002292
0.002083
0.002431
0.003403
0.004028
0.004583
0.007014
0.003333
0.001667
0.003056
0.001597
0.003333
0.004375
0.002431
0.005000
0.006389
0.004722
0.003056
0.003056
0.002292
0.002153
0.002847
0.004514
0.003611
0.002083
0.004167
0.001944
0.001944
0.004375
0.001250
0.004028
0.004306
0.008333
0.001806
0.002014
0.002361
0.003194
0.003681
0.002292
0.003819
0.002083
0.007014
0.001111
0.002361
0.004653
0.002569
0.002847
0.003819
