0.072153
0.002431
0.003125
0.003750
0.002292
0.003681
0.008611
0.002986
0.001042
0.004097
0.004861
0.003472
0.002083
0.003264
0.004861
0.005972
0.003333
0.001944
0.003889
0.004861
0.002431
0.003125
0.005417
0.006111
0.000764
0.004236
0.008819
0.003333
0.001042
0.002500
0.005139
0.008472
0.003681
0.002431
0.003472
0.003333
0.002083
0.002361
0.005833
0.002222
0.000764
0.005139
0.006736
0.002986
0.004306
0.002847
0.005764
0.002153
0.002083
0.001667
0.003472
0.003333
0.002222
0.003750
0.009028
0.002917
0.001181
0.003611
0.005486
0.002431
0.007153
0.003819
0.003333
0.003611
0.003264
0.003264
0.002222
0.006389
0.001528
0.006042
0.002708
0.003750
0.000972
0.007014
0.003125
0.004514
0.001944
0.004444
0.003750
0.005694
0.001042
0.003472
0.002847
0.003819
0.002083
0.011389
0.003681
0.005000
0.000833
0.004792
0.003125
0.002917
0.001250
0.005903
0.004375
0.008403
0.002292
0.003333
0.001875
0.003472
0.001458
0.007778
0.002986
0.004375
0.001042
0.004722
0.002222
0.003125
0.008056
0.003681
0.005903
0.003056
0.003958
0.002708
0.002153
0.004861
0.001944
0.006667
0.002431
0.003264
0.001597
0.005972
0.005139
0.002153
0.003194
0.003819
0.003194
0.002569
0.001042
0.002500
0.004028
0.005972
0.001944
0.004792
0.006528
0.002569
0.001111
0.002361
0.005069
0.003750
0.004931
0.002431
0.004097
0.005278
0.002153
0.001944
0.006181
0.005417
0.001319
0.003472
0.005278
0.004792
0.000903
0.001944
0.010486
0.002292
0.000694
0.003264
0.002986
0.005903
0.005764
0.003264
0.003403
0.002153
0.002569
0.003819
0.005139
0.002014
0.001875
0.002569
0.011806
0.002222
0.004236
0.002292
0.002847
0.003472
0.002500
0.001458
0.004236
0.002222
0.002292
0.005625
0.006736
0.004583
0.001389
0.002083
0.005000
0.002361
0.002431
0.003958
0.001806
0.003194
0.001250
0.003333
0.002986
0.007431
0.001736
0.005417
0.004097
0.003819
0.000972
0.010694
0.003194
0.003333
0.001458
0.004028
0.002639
0.005069
0.000833
0.002917
0.001875
0.002847
0.001111
0.006736
0.005000
0.004306
0.000972
0.003333
0.002639
0.001944
0.003125
0.004653
0.002917
0.006944
0.002917
0.003264
0.001944
0.001875
0.002014
0.006944
0.004444
0.002569
0.001389
0.004236
0.002778
0.002153
0.003542
0.001875
0.002500
0.004097
0.006181
0.003056
0.002708
0.003333
0.002083
0.005833
0.004097
0.003958
0.001667
0.008681
0.003333
0.002361
0.002500
0.003056
0.002778
0.003611
