0.060972
0.001042
0.006806
0.006667
0.002847
0.002778
0.013264
0.006458
0.001250
0.002361
0.006111
0.005208
0.001736
0.002153
0.004236
0.011389
0.003611
0.000417
0.004514
0.006042
0.002222
0.002500
0.009375
0.006875
0.001111
0.002569
0.007222
0.002778
0.001875
0.002222
0.008264
0.008542
0.005486
0.000625
0.005278
0.004236
0.003681
0.000694
0.010208
0.001458
0.002292
0.003056
0.006458
0.000972
0.005625
0.001875
0.008125
0.001944
0.004722
0.000972
0.003125
0.001528
0.004444
0.001528
0.013472
0.002222
0.003542
0.001111
0.005972
0.001528
0.011806
0.003194
0.008542
0.001597
0.003611
0.000903
0.001389
0.006042
0.000625
0.006042
0.001528
0.007083
0.000972
0.005208
0.004375
0.003611
0.001111
0.007153
0.001944
0.008681
0.000833
0.001667
0.001806
0.005417
0.001806
0.009792
0.002917
0.004861
0.000625
0.003403
0.001736
0.004514
0.001528
0.004653
0.002639
0.010972
0.003958
0.001667
0.001181
0.001181
0.003403
0.008403
0.002153
0.001944
0.002083
0.003333
0.001806
0.000694
0.010625
0.004583
0.003194
0.002431
0.004236
0.001319
0.001319
0.003611
0.005069
0.007083
0.002500
0.002500
0.003056
0.004514
0.004792
0.001181
0.009514
0.004444
0.002431
0.002014
0.001389
0.000833
0.005556
0.005556
0.001736
0.004861
0.007778
0.005972
0.001458
0.000556
0.006667
0.002569
0.005000
0.000833
0.003958
0.005903
0.000764
0.001528
0.003194
0.007639
0.001667
0.002292
0.006944
0.005764
0.000833
0.000208
0.009375
0.002153
0.001806
0.000833
0.007361
0.007361
0.007500
0.001042
0.004861
0.002083
0.002847
0.002222
0.008403
0.001875
0.001111
0.001528
0.010833
0.001597
0.005000
0.000903
0.005833
0.001597
0.002917
0.001042
0.004306
0.000972
0.002778
0.003889
0.007847
0.001806
0.001597
0.000694
0.004792
0.001319
0.006389
0.000764
0.005347
0.004444
0.001319
0.001736
0.001875
0.008264
0.001042
0.005139
0.002222
0.007986
0.001528
0.007431
0.001528
0.002917
0.000833
0.004236
0.002153
0.007500
0.000625
0.002083
0.001250
0.002917
0.001389
0.006667
0.004931
0.004028
0.000972
0.005278
0.000694
0.003333
0.003750
0.002431
0.001944
0.007222
0.003889
0.001944
0.001528
0.001042
0.004375
0.006042
0.004792
0.001736
0.002500
0.003681
0.001389
0.001458
0.005486
0.002222
0.002778
0.003958
0.006736
0.001528
0.002083
0.001181
0.002083
0.007639
0.002222
0.002431
0.001319
0.006042
0.000833
0.000764
0.006319
0.001111
0.000972
0.001806
