0.074444
0.003333
0.003264
0.004097
0.003889
0.002847
0.008194
0.002292
0.003194
0.003681
0.002917
0.002361
0.003611
0.002917
0.001944
0.006042
0.006042
0.002292
0.002153
0.003264
0.003542
0.002500
0.006528
0.004167
0.003056
0.004653
0.003333
0.002153
0.002917
0.003194
0.003889
0.006319
0.004097
0.002917
0.003403
0.003819
0.004514
0.002292
0.004444
0.002917
0.003819
0.005278
0.005764
0.002014
0.005347
0.003958
0.003056
0.001944
0.004514
0.002639
0.002431
0.003056
0.004306
0.002292
0.008125
0.003819
0.002431
0.002847
0.003333
0.001667
0.008403
0.003125
0.004861
0.005139
0.003750
0.002083
0.003472
0.006250
0.002014
0.003958
0.002639
0.002500
0.004097
0.005764
0.004792
0.002639
0.002431
0.003333
0.002014
0.005278
0.003819
0.003125
0.002500
0.003194
0.003889
0.009514
0.003403
0.003403
0.002222
0.003611
0.002708
0.002500
0.003264
0.003194
0.002917
0.010486
0.002708
0.002500
0.003403
0.003472
0.003264
0.008472
0.002361
0.002292
0.003194
0.004722
0.002361
0.001944
0.008681
0.002778
0.003125
0.002708
0.005625
0.001528
0.002569
0.002569
0.003472
0.005486
0.004097
0.002639
0.002014
0.004375
0.003819
0.002083
0.004375
0.004167
0.003681
0.002847
0.002569
0.003056
0.003611
0.004306
0.002917
0.004444
0.004653
0.001667
0.002639
0.002639
0.003264
0.002569
0.005347
0.002361
0.003056
0.004306
0.002569
0.001806
0.001736
0.004861
0.003056
0.004097
0.004306
0.001944
0.002708
0.002153
0.005972
0.002431
0.003889
0.003403
0.006528
0.004097
0.006319
0.003333
0.003681
0.002847
0.003333
0.004167
0.004653
0.002083
0.003681
0.002986
0.009375
0.002222
0.004653
0.003819
0.002708
0.002778
0.004236
0.002431
0.003056
0.002153
0.004097
0.004722
0.006181
0.002778
0.002292
0.001736
0.002917
0.002500
0.004583
0.003542
0.005486
0.005417
0.001875
0.002708
0.003056
0.007083
0.002917
0.003958
0.002569
0.001319
0.003194
0.010278
0.003333
0.003194
0.004167
0.003125
0.002639
0.002639
0.001528
0.002639
0.001736
0.002083
0.003264
0.007639
0.003889
0.003611
0.001944
0.002778
0.002083
0.002014
0.004861
0.002569
0.004375
0.006528
0.004583
0.004028
0.002847
0.002014
0.003194
0.006806
0.003958
0.001597
0.003542
0.003333
0.003125
0.002708
0.006736
0.002500
0.002569
0.003681
0.007778
0.002639
0.002222
0.001736
0.003889
0.005486
0.003681
0.002292
0.002847
0.007361
0.001667
0.001528
0.004028
0.002569
0.003264
0.002778
