0.056875
0.001806
0.002917
0.007569
0.004861
0.005278
0.009097
0.004722
0.001111
0.003056
0.003542
0.004097
0.003333
0.004514
0.003681
0.012917
0.003333
0.001736
0.001806
0.008542
0.001806
0.002222
0.005486
0.007917
0.002083
0.008125
0.004931
0.004236
0.002153
0.002569
0.004583
0.010208
0.004931
0.001458
0.002431
0.004861
0.003819
0.002014
0.003819
0.002778
0.002014
0.003750
0.006111
0.001944
0.004375
0.002083
0.003611
0.002431
0.003611
0.001319
0.001806
0.002361
0.002569
0.002083
0.009861
0.004514
0.002083
0.003889
0.003681
0.001736
0.008611
0.002778
0.005278
0.005417
0.003750
0.003056
0.001528
0.006389
0.002014
0.007153
0.002986
0.005694
0.001667
0.003542
0.004444
0.002083
0.001875
0.005069
0.002778
0.009583
0.001528
0.001736
0.001389
0.004792
0.002361
0.009097
0.002500
0.005764
0.001458
0.004861
0.002639
0.003611
0.004306
0.003750
0.002986
0.011250
0.002847
0.002500
0.001875
0.003611
0.003125
0.009583
0.003542
0.004236
0.001389
0.003125
0.003750
0.001389
0.009583
0.003472
0.003958
0.002917
0.003472
0.001250
0.001875
0.005556
0.002500
0.004514
0.002153
0.003264
0.002292
0.006875
0.006458
0.001944
0.003681
0.004236
0.002500
0.001944
0.001250
0.001667
0.002847
0.007708
0.002500
0.009583
0.004375
0.003472
0.001042
0.002569
0.003889
0.005278
0.004514
0.003333
0.003056
0.008819
0.002292
0.002569
0.002292
0.009167
0.002083
0.001667
0.005764
0.004931
0.001806
0.003056
0.007986
0.003819
0.003194
0.001458
0.004306
0.009028
0.005278
0.001667
0.002014
0.003194
0.001944
0.003542
0.004792
0.002153
0.001944
0.001250
0.008819
0.002708
0.003889
0.001111
0.003403
0.003819
0.002014
0.001319
0.002014
0.000972
0.001319
0.004167
0.005417
0.001319
0.002500
0.001736
0.003125
0.001944
0.004514
0.001597
0.003264
0.004583
0.002014
0.002431
0.002708
0.008403
0.002708
0.006875
0.002708
0.003125
0.001111
0.008056
0.001875
0.003819
0.002569
0.003194
0.001528
0.007778
0.000972
0.002778
0.001458
0.003819
0.001944
0.004861
0.005764
0.003333
0.001389
0.002361
0.002431
0.003056
0.005208
0.002361
0.002083
0.007083
0.003194
0.002917
0.001181
0.001319
0.002222
0.006597
0.006111
0.002569
0.001667
0.003403
0.002986
0.002014
0.003611
0.002708
0.002708
0.005139
0.005972
0.003194
0.004097
0.002292
0.001042
0.005000
0.002847
0.002361
0.002708
0.007361
0.003819
0.003125
0.003264
0.002500
0.002569
0.002847
