0.116250
0.001597
0.004028
0.003194
0.003056
0.001458
0.011042
0.002847
0.002847
0.001389
0.007014
0.001944
0.001806
0.001597
0.005347
0.006458
0.003403
0.000625
0.004306
0.004722
0.004236
0.002014
0.012639
0.002917
0.001458
0.003333
0.009514
0.002431
0.002569
0.001597
0.005625
0.005347
0.003819
0.001319
0.003472
0.004375
0.004097
0.001458
0.007986
0.002292
0.002500
0.004306
0.006597
0.001111
0.006111
0.002014
0.004514
0.001944
0.003542
0.001319
0.004236
0.004097
0.005764
0.002292
0.014583
0.003333
0.002222
0.001806
0.004444
0.001875
0.007847
0.002708
0.005278
0.002292
0.004236
0.002014
0.004028
0.005694
0.001736
0.003819
0.003194
0.003403
0.001944
0.004028
0.005625
0.002014
0.001389
0.001042
0.003611
0.002778
0.002014
0.000903
0.002639
0.001806
0.003125
0.006875
0.003472
0.002083
0.001736
0.001944
0.005069
0.001389
0.003264
0.001319
0.005139
0.006597
0.004028
0.000972
0.002569
0.003681
0.002778
0.010208
0.002708
0.003264
0.002569
0.002222
0.004444
0.001944
0.005625
0.000833
0.003681
0.001181
0.003542
0.001736
0.003542
0.001875
0.006181
0.003750
0.004236
0.002847
0.002778
0.002847
0.004583
0.000903
0.004028
0.001944
0.005347
0.001736
0.002014
0.001528
0.003542
0.003819
0.003403
0.004444
0.007431
0.002083
0.002778
0.001597
0.005833
0.003472
0.002431
0.001458
0.004097
0.005069
0.002014
0.001597
0.003750
0.005764
0.003750
0.002014
0.007222
0.002083
0.001250
0.000972
0.010069
0.002361
0.003194
0.001875
0.004306
0.003750
0.006042
0.002153
0.003889
0.001806
0.003125
0.001736
0.005069
0.001667
0.003542
0.001319
0.011736
0.003194
0.003472
0.001111
0.003403
0.003403
0.002639
0.001250
0.004653
0.001389
0.002986
0.005972
0.010764
0.002569
0.001458
0.001528
0.005069
0.003194
0.005694
0.001875
0.004306
0.004583
0.002569
0.001944
0.003611
0.008403
0.001389
0.002708
0.004167
0.001319
0.002917
0.008194
0.004167
0.002222
0.002014
0.001875
0.002778
0.003125
0.002361
0.001458
0.002986
0.000833
0.003125
0.003333
0.005278
0.002014
0.001806
0.001042
0.004236
0.002292
0.005625
0.001736
0.003403
0.006319
0.003333
0.001389
0.002847
0.001875
0.003125
0.003542
0.005069
0.001944
0.003056
0.001806
0.003125
0.002847
0.003958
0.001528
0.004792
0.002847
0.006458
0.001111
0.003750
0.001181
0.003194
0.003056
0.005694
0.001875
0.001736
0.005833
0.004792
0.002153
0.005278
0.002083
0.003125
0.004097
