0.061806
0.000972
0.004722
0.002986
0.001667
0.002500
0.012778
0.004653
0.000764
0.002569
0.005139
0.004167
0.002014
0.002500
0.006597
0.010208
0.004306
0.001736
0.005625
0.005208
0.001667
0.001389
0.008333
0.004236
0.002083
0.002222
0.007708
0.003472
0.001736
0.001250
0.006319
0.006319
0.004375
0.000208
0.003125
0.004375
0.004375
0.001458
0.007986
0.002847
0.001667
0.002778
0.006250
0.001806
0.005278
0.001806
0.005556
0.002708
0.004444
0.000903
0.005208
0.002986
0.004861
0.001250
0.009583
0.003264
0.002708
0.002292
0.005833
0.002778
0.011806
0.002083
0.004861
0.004236
0.003750
0.000625
0.002431
0.004861
0.001667
0.006736
0.003264
0.007153
0.000833
0.003125
0.004028
0.004028
0.000625
0.002431
0.003056
0.007778
0.001250
0.001944
0.003056
0.004861
0.001458
0.008611
0.004167
0.004306
0.001181
0.002569
0.005486
0.004236
0.002431
0.003889
0.004514
0.009653
0.007639
0.000833
0.003264
0.002986
0.003194
0.007639
0.003403
0.003958
0.001736
0.002569
0.003681
0.001667
0.009861
0.003056
0.003889
0.002917
0.004792
0.000972
0.003542
0.004583
0.004306
0.004444
0.002917
0.002431
0.002708
0.003125
0.005069
0.003194
0.010347
0.003194
0.003125
0.002431
0.001111
0.001111
0.003264
0.004167
0.001319
0.003264
0.006181
0.004653
0.001181
0.001736
0.003750
0.003125
0.005347
0.002083
0.006250
0.006389
0.001111
0.002639
0.005069
0.006875
0.000972
0.002014
0.006597
0.003750
0.000764
0.001597
0.008403
0.000903
0.002639
0.001181
0.004653
0.005208
0.008056
0.001181
0.003681
0.002292
0.001875
0.002569
0.005694
0.003611
0.001111
0.001111
0.009653
0.001736
0.005417
0.001458
0.006111
0.003681
0.002222
0.001944
0.005000
0.002292
0.002431
0.002778
0.006528
0.002917
0.001806
0.001458
0.004097
0.001250
0.007708
0.001181
0.006181
0.005278
0.001597
0.001250
0.002639
0.007431
0.001319
0.004306
0.003750
0.005000
0.001736
0.005417
0.003125
0.004167
0.002292
0.001319
0.003264
0.005000
0.001736
0.001736
0.002778
0.004861
0.001528
0.004236
0.005764
0.003889
0.000972
0.002222
0.002639
0.003403
0.004514
0.000764
0.004236
0.005417
0.007778
0.002083
0.002986
0.001389
0.001944
0.005556
0.005764
0.004097
0.001528
0.001319
0.002431
0.002292
0.006944
0.002014
0.003889
0.005764
0.006389
0.001736
0.002986
0.003125
0.003750
0.003542
0.003542
0.002292
0.001944
0.005833
0.003750
0.003194
0.005694
0.001667
0.003403
0.002639
