0.065417
0.000972
0.002500
0.006111
0.001736
0.002708
0.013472
0.004514
0.000764
0.001111
0.005556
0.003264
0.002083
0.001528
0.005972
0.011667
0.003958
0.001319
0.002292
0.006458
0.001736
0.001042
0.006875
0.006806
0.001528
0.002361
0.006458
0.002500
0.000903
0.001319
0.006944
0.011458
0.004097
0.001389
0.002569
0.003611
0.003472
0.002708
0.006667
0.001528
0.001528
0.003264
0.007708
0.000694
0.008958
0.002292
0.004236
0.001389
0.004653
0.000903
0.003889
0.001389
0.004306
0.001667
0.010903
0.002778
0.002778
0.001944
0.006389
0.001389
0.010000
0.002153
0.004861
0.002014
0.004028
0.001806
0.001736
0.005972
0.001389
0.006597
0.001458
0.007778
0.001250
0.004931
0.004444
0.002431
0.001944
0.006458
0.002222
0.008542
0.001528
0.003403
0.001111
0.005625
0.002500
0.011111
0.004306
0.004167
0.000486
0.004653
0.002361
0.002431
0.001319
0.006319
0.003056
0.010972
0.004375
0.003194
0.001389
0.001528
0.004514
0.010486
0.002569
0.002222
0.002569
0.005625
0.002847
0.000764
0.014792
0.003889
0.001736
0.002361
0.007361
0.002778
0.001250
0.003681
0.006042
0.007500
0.002014
0.002778
0.001944
0.004722
0.003889
0.001389
0.006181
0.007986
0.002014
0.001528
0.000764
0.000764
0.003472
0.007847
0.001736
0.003472
0.007431
0.003194
0.000972
0.000972
0.004375
0.003472
0.004444
0.000903
0.002569
0.008194
0.001875
0.000694
0.003125
0.007778
0.000833
0.001389
0.009236
0.002917
0.001250
0.001111
0.007431
0.001944
0.001389
0.001806
0.004514
0.008056
0.005764
0.001319
0.003958
0.002222
0.005000
0.002222
0.006389
0.001944
0.002222
0.000556
0.010486
0.000694
0.007153
0.001736
0.003889
0.002292
0.003333
0.001181
0.003125
0.000139
0.002986
0.004444
0.006806
0.002014
0.002431
0.001389
0.003472
0.000625
0.005069
0.001528
0.003611
0.005278
0.001181
0.002292
0.001181
0.008333
0.000764
0.006042
0.002986
0.003194
0.000903
0.008333
0.002083
0.002500
0.001389
0.003472
0.001528
0.008542
0.000694
0.001944
0.001389
0.003194
0.000833
0.005417
0.005764
0.002708
0.000556
0.003750
0.000903
0.002708
0.005347
0.005833
0.002569
0.007569
0.005069
0.002361
0.001597
0.000417
0.004514
0.005833
0.005417
0.001111
0.003750
0.003681
0.001806
0.000972
0.008750
0.003750
0.001458
0.004792
0.007917
0.002222
0.001528
0.001389
0.003472
0.006528
0.002639
0.001944
0.001875
0.006944
0.001181
0.002153
0.006528
0.005903
0.001111
0.002569
