0.068264
0.000972
0.003542
0.005764
0.001736
0.002569
0.009306
0.004097
0.002014
0.002917
0.003472
0.004306
0.002153
0.002361
0.004097
0.009653
0.004028
0.000764
0.002083
0.008056
0.002986
0.001319
0.004375
0.004514
0.001250
0.003958
0.006389
0.001667
0.002153
0.001667
0.004861
0.007222
0.006597
0.000764
0.003056
0.004167
0.003542
0.001597
0.007917
0.002361
0.002847
0.003889
0.005833
0.002847
0.006250
0.001458
0.005556
0.001875
0.004514
0.000833
0.001806
0.002639
0.004444
0.001667
0.009792
0.003958
0.002153
0.001944
0.004167
0.001250
0.012917
0.002847
0.006528
0.002431
0.002500
0.001458
0.002847
0.007361
0.001736
0.003542
0.002569
0.003819
0.001944
0.005625
0.002153
0.003889
0.001806
0.004028
0.002222
0.007917
0.002014
0.001181
0.001736
0.005000
0.002847
0.009375
0.002500
0.006528
0.001528
0.003264
0.003611
0.004097
0.002431
0.003750
0.003750
0.010625
0.006458
0.001250
0.002083
0.003750
0.004583
0.007847
0.001875
0.002014
0.003333
0.003472
0.002431
0.002292
0.008611
0.002083
0.003125
0.002917
0.005972
0.000764
0.001597
0.003403
0.007708
0.005486
0.002153
0.003125
0.001528
0.003125
0.003472
0.001458
0.008542
0.005417
0.003819
0.001389
0.001597
0.001667
0.004236
0.004861
0.002569
0.003889
0.006319
0.002569
0.001250
0.002153
0.004583
0.003958
0.002917
0.001458
0.003472
0.007639
0.002292
0.000972
0.003264
0.011944
0.002292
0.002222
0.003333
0.005000
0.001667
0.001458
0.007639
0.001181
0.003333
0.001528
0.004236
0.003681
0.010000
0.001944
0.003403
0.002986
0.004444
0.002153
0.005903
0.002014
0.002986
0.001528
0.008056
0.004236
0.005278
0.001181
0.004028
0.002778
0.003819
0.001111
0.003889
0.001806
0.003958
0.003681
0.005694
0.003819
0.002639
0.000764
0.005903
0.000764
0.007500
0.001597
0.003333
0.003403
0.001736
0.002153
0.003611
0.010139
0.002847
0.005139
0.002847
0.003056
0.003264
0.006875
0.002917
0.003611
0.002917
0.002708
0.002708
0.006528
0.001667
0.000903
0.001181
0.007708
0.001597
0.005625
0.002778
0.004583
0.001250
0.001667
0.002153
0.003819
0.002917
0.002083
0.002222
0.008056
0.006806
0.003333
0.001389
0.002500
0.004097
0.005208
0.003333
0.001736
0.007361
0.003194
0.001875
0.001389
0.007361
0.001528
0.003264
0.003819
0.009306
0.001181
0.002986
0.002361
0.005833
0.003958
0.002292
0.003264
0.002778
0.004722
0.002361
0.001944
0.005486
0.002222
0.001458
0.002917
