0.068125
0.002778
0.002014
0.002847
0.004375
0.004028
0.007222
0.002292
0.002292
0.003542
0.002222
0.000764
0.004792
0.003333
0.002639
0.007153
0.004931
0.002708
0.003542
0.004375
0.003750
0.003264
0.004653
0.002153
0.002847
0.002778
0.004236
0.001111
0.004792
0.002847
0.003403
0.003194
0.007292
0.003889
0.002083
0.004653
0.004444
0.002917
0.005069
0.003333
0.003472
0.005208
0.003403
0.001597
0.006389
0.003125
0.002500
0.001806
0.005278
0.002292
0.003194
0.003125
0.004861
0.003264
0.009514
0.002708
0.005417
0.002708
0.003194
0.001806
0.008472
0.003264
0.002569
0.002292
0.004375
0.004583
0.001667
0.004444
0.003889
0.005833
0.001667
0.001667
0.003958
0.005972
0.003611
0.001111
0.004653
0.003333
0.001667
0.002639
0.005556
0.003472
0.002569
0.003750
0.004722
0.009306
0.001944
0.002986
0.003472
0.003472
0.002431
0.002361
0.003819
0.004514
0.002708
0.007778
0.005000
0.004444
0.001528
0.003611
0.005903
0.008194
0.002778
0.002292
0.003333
0.004792
0.001806
0.001806
0.008264
0.004167
0.002292
0.001597
0.006875
0.004861
0.002917
0.005139
0.004583
0.006458
0.001667
0.003056
0.003681
0.005417
0.003819
0.002292
0.006667
0.003403
0.002292
0.001944
0.003125
0.002917
0.001528
0.003542
0.003611
0.003125
0.004653
0.001667
0.002847
0.002292
0.001736
0.001528
0.005139
0.003194
0.003889
0.004167
0.002986
0.002083
0.002431
0.005278
0.003125
0.003750
0.004236
0.002222
0.002708
0.003125
0.006181
0.002153
0.004722
0.003333
0.003056
0.004306
0.007778
0.002708
0.001806
0.001667
0.004375
0.002778
0.003681
0.001806
0.002639
0.002917
0.008125
0.001806
0.005486
0.003611
0.003611
0.002708
0.005556
0.002361
0.003056
0.001389
0.003333
0.005556
0.004236
0.002083
0.003472
0.001875
0.003472
0.001528
0.006667
0.003889
0.003264
0.005903
0.003681
0.003611
0.001389
0.005556
0.004444
0.004583
0.002361
0.002500
0.004514
0.009861
0.000903
0.001806
0.004583
0.006250
0.001875
0.003750
0.003194
0.002639
0.002083
0.001597
0.002639
0.006944
0.004375
0.001458
0.003611
0.004167
0.001111
0.001806
0.005347
0.004583
0.002153
0.004444
0.004861
0.003194
0.000694
0.001458
0.005278
0.005139
0.004861
0.002014
0.003542
0.004236
0.000972
0.002014
0.006528
0.006042
0.002431
0.005764
0.009792
0.003681
0.002153
0.001736
0.005208
0.004861
0.001736
0.001944
0.003750
0.006181
0.000694
0.001806
0.006875
0.005069
0.002083
0.002847
