0.064861
0.001111
0.005486
0.006458
0.002014
0.001806
0.012639
0.006597
0.000764
0.000903
0.008333
0.003750
0.002847
0.002014
0.004861
0.015486
0.002639
0.000972
0.003125
0.008681
0.001944
0.002361
0.007708
0.005417
0.001389
0.003333
0.007847
0.002708
0.002083
0.001944
0.007569
0.008750
0.005069
0.001111
0.004444
0.004653
0.003333
0.001250
0.008194
0.001875
0.001042
0.003750
0.008681
0.002569
0.003750
0.000625
0.007847
0.002917
0.002986
0.000625
0.003889
0.003611
0.002431
0.001042
0.013056
0.002986
0.001944
0.002153
0.005417
0.001667
0.010972
0.001250
0.006181
0.003472
0.002986
0.001250
0.003681
0.009583
0.001181
0.010278
0.001875
0.010347
0.000903
0.004931
0.005903
0.004375
0.000486
0.004306
0.002361
0.011250
0.001458
0.002292
0.002222
0.006250
0.000903
0.012639
0.003056
0.007222
0.000486
0.004236
0.002083
0.005069
0.001736
0.003681
0.003611
0.011389
0.002500
0.000694
0.001250
0.003542
0.001736
0.007847
0.002917
0.003611
0.000625
0.001458
0.003125
0.002361
0.007292
0.000556
0.003333
0.001806
0.004097
0.000764
0.001736
0.003681
0.002986
0.005278
0.002014
0.002778
0.001875
0.003889
0.002708
0.001181
0.005347
0.004653
0.002847
0.001458
0.000972
0.001806
0.005000
0.008125
0.001389
0.003125
0.007986
0.003750
0.000903
0.000694
0.009167
0.003472
0.003056
0.000625
0.005000
0.008403
0.001250
0.001389
0.002847
0.008958
0.000833
0.002083
0.009097
0.005903
0.002153
0.000764
0.009722
0.002639
0.001528
0.001806
0.005278
0.005139
0.006181
0.000972
0.004097
0.002569
0.002083
0.001875
0.005208
0.002083
0.001111
0.000833
0.014097
0.002361
0.004375
0.000694
0.006111
0.004167
0.003333
0.001181
0.003819
0.001736
0.001528
0.003611
0.007431
0.002708
0.002986
0.000972
0.005625
0.001806
0.004514
0.000833
0.004167
0.004167
0.000833
0.002431
0.002500
0.011181
0.000486
0.006250
0.002917
0.006806
0.001181
0.009028
0.002778
0.004931
0.001042
0.001806
0.002917
0.007569
0.000972
0.002847
0.001944
0.008125
0.000694
0.005208
0.005556
0.006042
0.000347
0.003403
0.001042
0.004306
0.004167
0.002569
0.002708
0.006806
0.003056
0.001111
0.001389
0.001042
0.001181
0.004653
0.004583
0.001736
0.001111
0.001250
0.001597
0.001875
0.002569
0.001042
0.002500
0.004167
0.004028
0.000625
0.001667
0.002153
0.002014
0.002222
0.003194
0.002708
0.001181
0.005903
0.000764
0.002153
0.004375
0.002014
0.002153
0.003333
