0.065139
0.001181
0.002986
0.004861
0.002153
0.001806
0.011528
0.004028
0.000208
0.002153
0.007153
0.002083
0.001875
0.003264
0.005000
0.010417
0.004028
0.001458
0.002569
0.004097
0.001806
0.001389
0.009583
0.006528
0.001181
0.003958
0.009653
0.002014
0.002014
0.002083
0.007361
0.005972
0.004792
0.001389
0.003264
0.002500
0.003958
0.001389
0.008194
0.001319
0.001042
0.003056
0.009583
0.001250
0.005208
0.002014
0.006111
0.001181
0.005278
0.001111
0.003194
0.001875
0.004167
0.001875
0.010486
0.002292
0.002917
0.001319
0.006181
0.001667
0.010347
0.002986
0.004653
0.001250
0.003472
0.002639
0.000972
0.005556
0.001944
0.008403
0.002708
0.004653
0.000486
0.005972
0.004861
0.001667
0.001042
0.007500
0.002431
0.008125
0.001875
0.002500
0.001597
0.005903
0.001528
0.011597
0.002639
0.004583
0.000903
0.005972
0.003750
0.001458
0.002083
0.006042
0.003056
0.011250
0.004514
0.003611
0.000694
0.001528
0.004583
0.012778
0.003333
0.002083
0.000694
0.004375
0.003611
0.001250
0.009931
0.006042
0.002986
0.002639
0.005069
0.002431
0.002292
0.004028
0.004306
0.009028
0.001875
0.002847
0.002569
0.005903
0.004583
0.000833
0.009167
0.006389
0.002500
0.001111
0.000833
0.000833
0.003958
0.004306
0.002014
0.004583
0.009792
0.002569
0.000833
0.000139
0.005347
0.002361
0.004167
0.001250
0.002500
0.006181
0.001111
0.001250
0.002153
0.007014
0.001250
0.002292
0.010000
0.003472
0.001667
0.001319
0.008125
0.002153
0.002014
0.000833
0.004028
0.006458
0.005972
0.000625
0.003056
0.001250
0.002847
0.001667
0.009236
0.001250
0.002917
0.000972
0.010000
0.000972
0.006389
0.000694
0.004028
0.001667
0.003542
0.000972
0.004375
0.000833
0.003056
0.005000
0.009583
0.002639
0.003264
0.000764
0.003542
0.000764
0.006042
0.001667
0.004653
0.003681
0.001319
0.002778
0.001458
0.006458
0.001111
0.007708
0.003958
0.003125
0.001042
0.007986
0.001528
0.002222
0.002014
0.004236
0.001944
0.009306
0.000972
0.002431
0.001528
0.003819
0.000972
0.006736
0.005417
0.002917
0.001042
0.002292
0.000972
0.003056
0.004792
0.003819
0.001597
0.007639
0.003958
0.002847
0.001458
0.000903
0.002917
0.007153
0.005833
0.001181
0.001458
0.003611
0.001111
0.001528
0.008403
0.003958
0.001736
0.004097
0.007083
0.002292
0.002153
0.001875
0.002222
0.008750
0.004097
0.002361
0.002014
0.007153
0.001944
0.001319
0.006111
0.004028
0.001389
0.002014
