0.087778
0.002014
0.003403
0.005556
0.002222
0.004097
0.009375
0.004028
0.002153
0.003194
0.005625
0.003958
0.002361
0.004514
0.005208
0.010764
0.003611
0.001944
0.003194
0.007708
0.001389
0.002569
0.006667
0.002986
0.001042
0.003333
0.007639
0.001667
0.001736
0.002847
0.005417
0.006736
0.003403
0.001944
0.003194
0.004653
0.001806
0.001667
0.005764
0.002639
0.000486
0.002847
0.007083
0.003403
0.004722
0.002500
0.004097
0.003125
0.002500
0.002986
0.002917
0.004931
0.001319
0.002222
0.009306
0.004097
0.002222
0.003542
0.004931
0.002222
0.007153
0.002778
0.004028
0.002222
0.002847
0.002083
0.003194
0.006667
0.001111
0.006389
0.002569
0.002917
0.000556
0.005069
0.005278
0.003889
0.001667
0.005208
0.003333
0.007361
0.001042
0.003333
0.002778
0.004306
0.001944
0.007708
0.003125
0.003333
0.001042
0.003611
0.004375
0.001875
0.001319
0.003194
0.005417
0.007708
0.001458
0.002292
0.001944
0.003194
0.001806
0.009444
0.003472
0.004167
0.000903
0.001944
0.003819
0.001458
0.008264
0.002500
0.004514
0.003403
0.002986
0.002917
0.002500
0.004792
0.002083
0.003194
0.003403
0.003472
0.002361
0.007500
0.004514
0.002569
0.002847
0.002431
0.003958
0.003125
0.000903
0.002431
0.004444
0.004722
0.001389
0.004167
0.007222
0.002292
0.000764
0.001597
0.005417
0.003819
0.004167
0.001944
0.005208
0.007083
0.001597
0.002917
0.003750
0.009653
0.002083
0.003681
0.005833
0.003681
0.000833
0.002014
0.009306
0.002847
0.001458
0.002083
0.004097
0.004861
0.007847
0.001319
0.004167
0.002361
0.002708
0.003403
0.005556
0.002986
0.001111
0.001597
0.012083
0.002917
0.002778
0.002153
0.005278
0.005208
0.002292
0.002431
0.003750
0.001250
0.001875
0.003125
0.005417
0.003403
0.001181
0.001875
0.004861
0.001528
0.002986
0.001667
0.003403
0.003403
0.001389
0.002639
0.004097
0.011111
0.000764
0.003611
0.004444
0.002014
0.000972
0.009931
0.003611
0.002917
0.001111
0.003542
0.002778
0.005417
0.001042
0.002917
0.002083
0.003333
0.001389
0.006806
0.005625
0.003819
0.000972
0.005347
0.001806
0.003056
0.002986
0.002361
0.003194
0.007292
0.003611
0.001667
0.001806
0.001597
0.002083
0.006111
0.004653
0.002500
0.001389
0.002778
0.001458
0.001667
0.003750
0.001667
0.003750
0.004444
0.005972
0.003472
0.003056
0.002083
0.002778
0.003958
0.004306
0.003056
0.001875
0.010972
0.002222
0.003056
0.002917
0.002917
0.002500
0.004444
