0.069444
0.001667
0.002083
0.006528
0.001667
0.002778
0.008264
0.006250
0.002708
0.002500
0.001528
0.002986
0.001875
0.002292
0.003125
0.010833
0.004653
0.002708
0.001458
0.006944
0.002222
0.002361
0.006042
0.005486
0.001806
0.004097
0.003611
0.003750
0.001944
0.001458
0.002083
0.004444
0.007708
0.000972
0.002917
0.006875
0.003264
0.001458
0.007986
0.004236
0.001806
0.004722
0.004028
0.001319
0.005347
0.001944
0.004028
0.002917
0.005000
0.001597
0.001458
0.004792
0.005278
0.002778
0.009861
0.005069
0.002292
0.001875
0.003264
0.001736
0.007083
0.002361
0.004375
0.004028
0.005486
0.003681
0.000833
0.008681
0.003264
0.005417
0.001736
0.007708
0.002014
0.004653
0.003403
0.002917
0.002222
0.003611
0.001806
0.008472
0.004097
0.004236
0.000833
0.005972
0.003750
0.010764
0.001875
0.006806
0.002569
0.002986
0.002222
0.002292
0.002639
0.003542
0.003056
0.010625
0.005625
0.003056
0.001458
0.004514
0.003889
0.006667
0.003333
0.004514
0.001806
0.005208
0.001736
0.001875
0.009444
0.002014
0.002222
0.003472
0.006042
0.002569
0.001389
0.004097
0.004444
0.006875
0.001667
0.003056
0.002569
0.003125
0.004167
0.001597
0.006389
0.003542
0.002083
0.002639
0.002292
0.001389
0.002014
0.005069
0.002222
0.004722
0.004236
0.003125
0.002153
0.001736
0.001597
0.002431
0.005694
0.003264
0.001319
0.004653
0.001736
0.002083
0.001736
0.009028
0.002361
0.002986
0.005139
0.004306
0.001806
0.002153
0.005903
0.005069
0.004792
0.002917
0.002014
0.007292
0.006806
0.001042
0.002569
0.003333
0.003542
0.002014
0.006875
0.002014
0.002708
0.002361
0.007708
0.001806
0.003750
0.002639
0.003056
0.005069
0.002153
0.001597
0.001389
0.002083
0.002917
0.004306
0.004722
0.003125
0.002292
0.002083
0.002917
0.002569
0.006389
0.002569
0.002153
0.008958
0.003333
0.003056
0.001181
0.008750
0.002708
0.003333
0.001181
0.005000
0.002917
0.010000
0.001042
0.005417
0.003125
0.004097
0.001667
0.005278
0.001736
0.002917
0.001458
0.004028
0.003750
0.005347
0.005347
0.004444
0.001806
0.003542
0.001528
0.003472
0.007153
0.003403
0.002222
0.009167
0.005486
0.002500
0.001458
0.002292
0.003819
0.003611
0.004444
0.003403
0.002847
0.002847
0.001458
0.002361
0.005764
0.002222
0.002153
0.004097
0.006875
0.001111
0.001736
0.001944
0.003611
0.003264
0.002153
0.001528
0.001806
0.006111
0.002153
0.002639
0.005417
0.004097
0.001597
0.003819
