0.065556
0.002361
0.001875
0.005208
0.002917
0.003194
0.007708
0.005069
0.002222
0.002569
0.004167
0.004792
0.003542
0.003958
0.004375
0.010903
0.005208
0.001944
0.002500
0.008611
0.002083
0.002778
0.005000
0.004236
0.001667
0.004861
0.004861
0.004514
0.001736
0.002986
0.005417
0.003958
0.003611
0.002153
0.002986
0.003819
0.003819
0.002083
0.004306
0.003889
0.001806
0.003681
0.005000
0.004306
0.006319
0.002917
0.003194
0.004236
0.004653
0.001250
0.002014
0.004514
0.003333
0.001319
0.008750
0.004236
0.003056
0.002778
0.004028
0.002986
0.007986
0.001736
0.003681
0.002708
0.003056
0.002361
0.001806
0.007917
0.001389
0.007292
0.002153
0.007014
0.001528
0.005625
0.003333
0.007014
0.000972
0.003958
0.002569
0.007917
0.001389
0.002361
0.002292
0.007083
0.002500
0.007778
0.002500
0.004236
0.001528
0.003611
0.002292
0.005833
0.002986
0.003056
0.004583
0.008958
0.002153
0.001389
0.001875
0.003194
0.003403
0.007431
0.002014
0.003958
0.001458
0.003542
0.002986
0.003889
0.008889
0.002153
0.003681
0.004097
0.005208
0.002153
0.003125
0.005694
0.002153
0.002917
0.001944
0.003611
0.002153
0.004306
0.004236
0.004375
0.003125
0.002778
0.003333
0.003403
0.001458
0.001736
0.002153
0.006389
0.002292
0.005764
0.005139
0.004653
0.001875
0.001528
0.002986
0.003611
0.005000
0.002222
0.004444
0.007778
0.002431
0.001528
0.002639
0.009514
0.001806
0.004792
0.004653
0.005139
0.002292
0.003611
0.004792
0.003611
0.002014
0.002431
0.002708
0.005208
0.006458
0.001667
0.003611
0.002639
0.003333
0.002778
0.005139
0.004028
0.002361
0.001458
0.009375
0.003194
0.004722
0.001528
0.002500
0.003194
0.004722
0.001806
0.002569
0.003750
0.002569
0.004931
0.004722
0.003958
0.003542
0.002014
0.003125
0.003403
0.004583
0.001458
0.002431
0.005694
0.002083
0.002639
0.002500
0.008611
0.001528
0.005486
0.003542
0.007083
0.001250
0.007847
0.002708
0.004583
0.002431
0.002639
0.002153
0.007292
0.000764
0.002569
0.001250
0.005486
0.001042
0.005694
0.006736
0.005556
0.001458
0.003403
0.001389
0.004306
0.004097
0.002292
0.002431
0.006736
0.003819
0.001667
0.001528
0.002153
0.002431
0.003403
0.004792
0.005069
0.001597
0.002778
0.002569
0.003542
0.004375
0.001111
0.002431
0.006042
0.008403
0.002083
0.001319
0.004375
0.001944
0.004653
0.002569
0.002292
0.002778
0.005625
0.000972
0.002917
0.003333
0.001319
0.001875
0.003750
