0.073403
0.001944
0.005000
0.004931
0.003125
0.002361
0.011875
0.002917
0.000694
0.003056
0.004653
0.001389
0.002014
0.003472
0.004097
0.008403
0.002500
0.002431
0.003611
0.005833
0.001181
0.002917
0.008264
0.004514
0.001458
0.004722
0.007222
0.000972
0.001736
0.002708
0.006042
0.007778
0.005000
0.001597
0.005833
0.005486
0.002986
0.001042
0.008264
0.002778
0.001875
0.004722
0.007639
0.001944
0.003542
0.002778
0.004722
0.002361
0.001458
0.002431
0.004028
0.003681
0.002500
0.002986
0.011250
0.004306
0.001319
0.001389
0.006319
0.001250
0.009236
0.002292
0.004167
0.003750
0.004931
0.003264
0.004722
0.007153
0.002222
0.006875
0.002639
0.004653
0.000903
0.005069
0.004167
0.002153
0.001389
0.004306
0.002222
0.005833
0.001806
0.002639
0.002083
0.005208
0.003750
0.010833
0.004653
0.004375
0.001319
0.003542
0.003125
0.002361
0.002014
0.003264
0.003958
0.010208
0.002986
0.002986
0.002917
0.004444
0.001042
0.008611
0.003958
0.003750
0.001042
0.003403
0.003264
0.002153
0.004653
0.001458
0.002708
0.003333
0.004375
0.002431
0.002431
0.004444
0.002986
0.006806
0.002361
0.002847
0.000972
0.005625
0.005556
0.001250
0.003125
0.003611
0.002014
0.002569
0.000625
0.002222
0.002569
0.005417
0.001944
0.005417
0.006528
0.002778
0.001250
0.001667
0.005764
0.002083
0.002778
0.002708
0.004236
0.006181
0.001111
0.001389
0.002778
0.005417
0.001389
0.002778
0.005625
0.002014
0.001389
0.002153
0.011806
0.001389
0.002361
0.002361
0.006597
0.006736
0.007917
0.001944
0.004097
0.002917
0.001667
0.003125
0.006597
0.002431
0.002778
0.002431
0.011181
0.003403
0.002708
0.002222
0.005556
0.004028
0.001875
0.001181
0.002708
0.001875
0.003333
0.005625
0.007500
0.003472
0.001250
0.001389
0.005278
0.002639
0.005069
0.001667
0.007639
0.005972
0.000833
0.003958
0.003125
0.006667
0.001319
0.005486
0.003194
0.003542
0.001736
0.008333
0.004236
0.002847
0.002292
0.003819
0.002708
0.005347
0.000833
0.001944
0.001250
0.001111
0.002014
0.004375
0.005764
0.002917
0.000625
0.002708
0.001875
0.003681
0.006111
0.003819
0.003958
0.008403
0.002847
0.002569
0.001736
0.002639
0.000486
0.004722
0.005625
0.003056
0.000972
0.002986
0.002917
0.002847
0.002917
0.002639
0.002292
0.005903
0.004306
0.002778
0.002014
0.001944
0.002292
0.004722
0.003403
0.002361
0.001319
0.007292
0.002292
0.002639
0.004028
0.003125
0.002431
0.004236
