0.089236
0.002639
0.002778
0.004444
0.002500
0.003681
0.007639
0.002986
0.002361
0.003889
0.004931
0.002778
0.003472
0.003264
0.003472
0.007986
0.003333
0.003056
0.002292
0.008333
0.002639
0.002222
0.004792
0.002847
0.002222
0.002778
0.006458
0.002222
0.002986
0.003819
0.003403
0.004167
0.005764
0.002292
0.003472
0.004028
0.003542
0.002778
0.005417
0.003403
0.002847
0.002639
0.007014
0.002292
0.003681
0.002569
0.002569
0.002986
0.002847
0.003194
0.002986
0.004236
0.002986
0.003125
0.007222
0.003611
0.002708
0.003542
0.002500
0.002917
0.007639
0.003750
0.003056
0.004167
0.002153
0.002292
0.002222
0.006597
0.002153
0.004653
0.002847
0.004653
0.002431
0.005694
0.005347
0.003125
0.002222
0.003194
0.003264
0.005486
0.003125
0.001944
0.002708
0.003403
0.002708
0.008681
0.003958
0.004375
0.002847
0.002847
0.003056
0.002431
0.002569
0.004167
0.003472
0.009167
0.002778
0.001667
0.002083
0.003056
0.002778
0.006042
0.003264
0.003056
0.002639
0.003194
0.003472
0.002500
0.007986
0.002292
0.003542
0.003611
0.004236
0.002361
0.002361
0.003611
0.003264
0.005417
0.002639
0.002986
0.002014
0.005764
0.003819
0.002361
0.004931
0.004931
0.002569
0.003403
0.001875
0.002361
0.001736
0.005903
0.001736
0.004236
0.004931
0.003056
0.001667
0.001806
0.004097
0.003472
0.003819
0.002639
0.003056
0.006319
0.001319
0.001944
0.001944
0.010764
0.003056
0.004167
0.005764
0.003403
0.001875
0.002361
0.007083
0.002639
0.003681
0.002639
0.002708
0.004236
0.008472
0.002847
0.003125
0.002431
0.003542
0.004236
0.004375
0.003542
0.002917
0.002083
0.008819
0.002569
0.002847
0.002708
0.003403
0.003542
0.003750
0.002361
0.002500
0.002292
0.002153
0.004583
0.005347
0.002986
0.002569
0.002569
0.004306
0.003125
0.005069
0.002778
0.002361
0.005625
0.002222
0.003333
0.002153
0.010278
0.002014
0.003819
0.003194
0.004167
0.001667
0.009028
0.002500
0.003403
0.003056
0.002708
0.004306
0.003472
0.002153
0.002292
0.001667
0.004028
0.002222
0.005903
0.005556
0.003264
0.002014
0.003403
0.001944
0.002708
0.003611
0.002708
0.003194
0.006250
0.003472
0.003125
0.001389
0.002431
0.002917
0.004583
0.004722
0.003819
0.001181
0.004306
0.001944
0.002361
0.004653
0.002153
0.002639
0.004028
0.007500
0.001597
0.002361
0.001875
0.002917
0.003681
0.003125
0.002222
0.002222
0.007361
0.002222
0.002569
0.003819
0.003750
0.002986
0.003889
