0.054653
0.000764
0.003194
0.004653
0.003125
0.002361
0.010556
0.005139
0.001250
0.001319
0.005000
0.003611
0.002778
0.002361
0.008542
0.010417
0.002917
0.000972
0.004583
0.005278
0.001389
0.001458
0.007083
0.004375
0.000764
0.003403
0.007431
0.002569
0.001458
0.001042
0.007361
0.005972
0.002986
0.000764
0.004792
0.004028
0.005556
0.001250
0.008750
0.002153
0.000833
0.003889
0.007569
0.001528
0.005903
0.002153
0.007222
0.001528
0.005139
0.001319
0.004792
0.003403
0.003403
0.002639
0.009653
0.002569
0.001042
0.002153
0.008889
0.001250
0.008819
0.002639
0.005069
0.002500
0.004028
0.002222
0.002361
0.005625
0.002083
0.009236
0.002014
0.005556
0.000833
0.006458
0.003819
0.002083
0.000903
0.007153
0.003750
0.007917
0.001597
0.002500
0.002708
0.006250
0.001528
0.010764
0.003819
0.003819
0.000556
0.005764
0.003889
0.003403
0.000694
0.006389
0.003611
0.008472
0.003681
0.002222
0.002569
0.002778
0.002778
0.009097
0.003542
0.004306
0.000556
0.005625
0.002986
0.001944
0.006389
0.005347
0.004444
0.003403
0.004375
0.001736
0.003056
0.003681
0.003611
0.007222
0.002361
0.002986
0.000833
0.008333
0.005694
0.001875
0.004236
0.007083
0.002361
0.001875
0.001042
0.000764
0.005139
0.002778
0.001181
0.004097
0.008403
0.002778
0.000625
0.000764
0.003750
0.001806
0.004653
0.001319
0.005833
0.007083
0.001597
0.001944
0.005069
0.007292
0.001597
0.001597
0.006528
0.002639
0.001389
0.001250
0.008333
0.002639
0.002778
0.000625
0.004028
0.004514
0.005208
0.001042
0.004306
0.001944
0.001806
0.002222
0.007083
0.003681
0.000417
0.000903
0.010764
0.001319
0.006944
0.001389
0.006250
0.003056
0.002361
0.001667
0.005625
0.001736
0.001389
0.005556
0.007708
0.001806
0.001944
0.001042
0.007986
0.000972
0.005903
0.001111
0.002639
0.003819
0.000972
0.003264
0.002639
0.007083
0.000903
0.006458
0.003333
0.003611
0.000972
0.009236
0.002778
0.002847
0.002361
0.005208
0.003958
0.006667
0.000694
0.004444
0.002639
0.002778
0.001111
0.006667
0.004653
0.002153
0.001042
0.003264
0.002500
0.003403
0.003750
0.003889
0.003750
0.006944
0.003056
0.002222
0.001597
0.001319
0.000486
0.006875
0.006667
0.002917
0.000486
0.002917
0.002153
0.002569
0.005694
0.003750
0.003889
0.005347
0.003681
0.003125
0.002778
0.001806
0.002222
0.007431
0.003611
0.002361
0.001806
0.007778
0.003681
0.002708
0.003333
0.005278
0.001944
0.002361
