0.061667
0.002153
0.003403
0.002569
0.002639
0.003958
0.007431
0.002014
0.002014
0.005069
0.004097
0.002500
0.003056
0.003889
0.005278
0.008125
0.005069
0.002153
0.001597
0.003194
0.002639
0.003889
0.005486
0.001736
0.001944
0.006042
0.006736
0.002292
0.003125
0.003750
0.005556
0.005486
0.006875
0.002708
0.002222
0.003056
0.003403
0.002986
0.007222
0.001389
0.002153
0.004306
0.006111
0.002222
0.004792
0.002917
0.004444
0.001944
0.003056
0.002014
0.002222
0.001528
0.005486
0.003889
0.008264
0.001667
0.002014
0.005069
0.004028
0.001458
0.008264
0.002986
0.007569
0.002778
0.006042
0.002222
0.001875
0.003472
0.002986
0.008333
0.002222
0.002431
0.001667
0.006250
0.005278
0.002014
0.002639
0.005833
0.002014
0.006597
0.003542
0.001736
0.001875
0.003819
0.004236
0.007569
0.003958
0.002153
0.001806
0.005139
0.003958
0.002222
0.003889
0.004861
0.002986
0.007917
0.006181
0.003125
0.002014
0.002222
0.005069
0.009097
0.003611
0.002292
0.002222
0.005903
0.003056
0.001389
0.010625
0.004236
0.004028
0.002014
0.005486
0.002986
0.001528
0.003056
0.004097
0.005903
0.002639
0.002222
0.003194
0.008472
0.004653
0.001458
0.007778
0.004792
0.003403
0.001806
0.002153
0.003819
0.002569
0.003750
0.002083
0.007847
0.006667
0.001528
0.001875
0.001875
0.003125
0.001458
0.007708
0.002917
0.002847
0.003403
0.001389
0.002639
0.002847
0.006528
0.002917
0.005764
0.005208
0.003194
0.002083
0.002708
0.006042
0.000764
0.003611
0.002014
0.004375
0.002639
0.007500
0.002014
0.003333
0.001597
0.002847
0.005139
0.005764
0.001458
0.002917
0.002569
0.009861
0.001875
0.005833
0.002639
0.003542
0.001736
0.002083
0.002847
0.003333
0.000972
0.001806
0.004861
0.005903
0.001944
0.001389
0.001875
0.002917
0.000694
0.006806
0.002500
0.003472
0.004306
0.002917
0.003611
0.001875
0.006736
0.002153
0.006389
0.003958
0.002153
0.003125
0.008542
0.001250
0.002153
0.003125
0.003611
0.002083
0.002847
0.001528
0.002569
0.002083
0.002083
0.002569
0.005417
0.006528
0.003125
0.001875
0.005069
0.002431
0.001319
0.006389
0.004861
0.002153
0.003472
0.004375
0.003125
0.002222
0.001111
0.003264
0.009931
0.006319
0.002361
0.003056
0.005139
0.002292
0.001250
0.006528
0.003403
0.002014
0.003889
0.006806
0.003403
0.001528
0.001111
0.002778
0.006528
0.003333
0.001944
0.003819
0.006597
0.001458
0.000972
0.006250
0.004444
0.002361
0.002014
