0.070347
0.001736
0.003611
0.005208
0.002986
0.003819
0.010903
0.004792
0.000833
0.002569
0.003750
0.002292
0.003194
0.004861
0.005347
0.010139
0.004931
0.001736
0.002847
0.006597
0.001319
0.001389
0.007569
0.004167
0.001667
0.005625
0.006319
0.003125
0.001458
0.002778
0.004306
0.006736
0.004931
0.001528
0.003542
0.006111
0.003125
0.001528
0.005694
0.003125
0.001736
0.003542
0.006528
0.001875
0.007292
0.002708
0.002361
0.002431
0.003819
0.002222
0.002292
0.004931
0.002431
0.002431
0.009722
0.003958
0.001389
0.001944
0.002361
0.002431
0.009097
0.003542
0.002847
0.002847
0.004931
0.002153
0.003681
0.005278
0.002222
0.004514
0.002500
0.005208
0.001389
0.004028
0.005139
0.001806
0.002708
0.003472
0.003056
0.003681
0.002153
0.003542
0.002431
0.005833
0.003750
0.006736
0.003056
0.003472
0.002014
0.003264
0.003264
0.002847
0.003889
0.001875
0.004792
0.007083
0.004931
0.002431
0.002361
0.004097
0.002986
0.008819
0.003056
0.005000
0.001806
0.002708
0.002431
0.001528
0.012708
0.003681
0.002847
0.004583
0.005833
0.002639
0.002153
0.006597
0.004097
0.003542
0.001458
0.002431
0.001875
0.006528
0.003472
0.002500
0.007569
0.004375
0.002500
0.002639
0.001181
0.001736
0.003681
0.006181
0.002708
0.006667
0.005000
0.003403
0.001181
0.001597
0.005417
0.002708
0.005764
0.002917
0.003125
0.006528
0.001181
0.002292
0.002708
0.008681
0.001736
0.002917
0.005833
0.004444
0.002014
0.002361
0.006944
0.003542
0.002500
0.001875
0.003264
0.005833
0.007986
0.001667
0.002292
0.003681
0.001667
0.002778
0.004722
0.002917
0.002083
0.001389
0.010347
0.003125
0.003958
0.002431
0.002292
0.003333
0.002569
0.001875
0.002569
0.003056
0.001875
0.003542
0.005833
0.002708
0.001597
0.001597
0.002847
0.002917
0.006667
0.002014
0.002778
0.005903
0.002153
0.002778
0.002917
0.007153
0.002222
0.004583
0.002500
0.002361
0.002847
0.006181
0.002222
0.001458
0.002292
0.003542
0.001458
0.006111
0.001875
0.002917
0.001736
0.002917
0.002292
0.003819
0.006181
0.002847
0.002500
0.002778
0.001528
0.004167
0.005972
0.002847
0.003819
0.004583
0.004375
0.002153
0.001944
0.002778
0.001944
0.005069
0.005694
0.003472
0.003264
0.002500
0.001319
0.001597
0.006736
0.002014
0.001806
0.007778
0.008264
0.002292
0.001944
0.001875
0.003889
0.004167
0.002083
0.002361
0.003194
0.007083
0.001111
0.003750
0.008611
0.002778
0.001736
0.002708
