0.076319
0.002639
0.004028
0.003611
0.003750
0.002083
0.008333
0.003819
0.001389
0.002500
0.004236
0.003056
0.002708
0.001736
0.002986
0.009931
0.004931
0.001389
0.003125
0.004097
0.002292
0.001944
0.005972
0.006042
0.001389
0.003056
0.004931
0.002361
0.002083
0.002917
0.003194
0.007361
0.004931
0.003264
0.003403
0.004931
0.005000
0.001944
0.005139
0.002639
0.003333
0.004653
0.005278
0.002917
0.005764
0.002014
0.004097
0.002292
0.005069
0.001528
0.002847
0.003125
0.003819
0.003333
0.008958
0.004028
0.002917
0.001667
0.003750
0.002292
0.007014
0.004653
0.005347
0.003472
0.003889
0.004375
0.003264
0.004722
0.003056
0.005556
0.002153
0.003681
0.001389
0.005139
0.003611
0.002708
0.003056
0.002847
0.003264
0.006181
0.004097
0.002222
0.002847
0.003819
0.002153
0.012778
0.002917
0.004514
0.001597
0.002986
0.002569
0.002153
0.002222
0.003819
0.003542
0.010139
0.003611
0.005000
0.001458
0.002778
0.003681
0.008264
0.002431
0.002431
0.002639
0.003264
0.002847
0.001667
0.009653
0.002500
0.003403
0.003056
0.005625
0.002153
0.001389
0.003611
0.004097
0.006806
0.002361
0.003264
0.001528
0.003125
0.003264
0.002222
0.005278
0.005417
0.002986
0.002569
0.001667
0.001528
0.002847
0.004028
0.002847
0.003750
0.005764
0.002778
0.002639
0.001319
0.003194
0.003889
0.005417
0.002431
0.002986
0.005972
0.001806
0.001111
0.003125
0.006875
0.002361
0.002361
0.004514
0.004236
0.002500
0.002014
0.006250
0.002361
0.003819
0.002847
0.004375
0.004792
0.005347
0.002917
0.003472
0.002292
0.004514
0.001944
0.003819
0.003403
0.002778
0.002292
0.006736
0.002708
0.005278
0.001250
0.003333
0.003750
0.002500
0.001806
0.002222
0.002917
0.002917
0.005000
0.005694
0.002569
0.003194
0.001667
0.003611
0.001875
0.005069
0.003611
0.004931
0.004167
0.002431
0.003403
0.003264
0.007500
0.001736
0.004375
0.003125
0.003750
0.003403
0.010556
0.003750
0.002500
0.003542
0.002917
0.002153
0.005000
0.001806
0.001806
0.001667
0.003403
0.002778
0.006042
0.004097
0.003681
0.002917
0.002917
0.002500
0.001667
0.004236
0.004097
0.003403
0.007083
0.004375
0.003819
0.002014
0.002569
0.003403
0.004028
0.003611
0.002778
0.002639
0.002500
0.002292
0.002014
0.006736
0.002431
0.002222
0.004167
0.008333
0.001806
0.002569
0.002014
0.002986
0.005139
0.002847
0.002639
0.003472
0.006319
0.002569
0.002361
0.005694
0.004514
0.002778
0.003611
