0.029444
0.001111
0.003958
0.006736
0.004444
0.001042
0.009861
0.002986
0.003403
0.001597
0.006042
0.002500
0.002917
0.001875
0.005278
0.007153
0.005000
0.000764
0.003819
0.004236
0.003472
0.000972
0.008194
0.004653
0.003333
0.002014
0.008056
0.002431
0.003264
0.001250
0.005139
0.007778
0.011458
0.000556
0.004375
0.005139
0.006736
0.000417
0.006389
0.002431
0.004375
0.003472
0.009444
0.002986
0.008750
0.001319
0.005139
0.002361
0.008958
0.000972
0.004306
0.003403
0.005972
0.001667
0.008611
0.003264
0.003819
0.001597
0.004931
0.001528
0.012639
0.001458
0.005278
0.004167
0.006458
0.000139
0.004167
0.006458
0.003333
0.003750
0.001597
0.003194
0.002778
0.004236
0.004167
0.001944
0.001875
0.001319
0.002847
0.005625
0.004861
0.000486
0.003472
0.003403
0.004514
0.007153
0.003403
0.003750
0.001875
0.001042
0.003333
0.002014
0.005347
0.000764
0.005486
0.009028
0.008194
0.000278
0.003056
0.003889
0.004583
0.007014
0.002153
0.003056
0.005000
0.001319
0.003958
0.001528
0.009861
0.001597
0.004167
0.002569
0.009653
0.000625
0.002708
0.002500
0.005069
0.002708
0.002847
0.002083
0.003264
0.003333
0.003750
0.001389
0.006597
0.000625
0.003056
0.002153
0.003403
0.000556
0.005000
0.006319
0.003264
0.002153
0.006181
0.002569
0.003403
0.000556
0.006111
0.001875
0.005208
0.001042
0.004167
0.006250
0.002708
0.001458
0.004306
0.007847
0.002986
0.001389
0.004444
0.004167
0.003472
0.001181
0.009861
0.001806
0.006528
0.000694
0.005833
0.006389
0.011597
0.000625
0.004028
0.003681
0.004792
0.001042
0.004653
0.002917
0.006250
0.000625
0.010694
0.003125
0.006944
0.001111
0.005694
0.002778
0.008333
0.000347
0.004236
0.002014
0.004653
0.004028
0.007778
0.002014
0.005417
0.000278
0.005278
0.001944
0.012083
0.001528
0.005625
0.005833
0.002569
0.000694
0.003403
0.008819
0.002778
0.001667
0.002708
0.002014
0.002986
0.008194
0.002500
0.002431
0.003750
0.000764
0.003056
0.003750
0.002500
0.000556
0.002708
0.004375
0.003403
0.002917
0.003472
0.003681
0.002222
0.000972
0.002847
0.001181
0.007222
0.000208
0.003403
0.005347
0.006458
0.000625
0.002500
0.001597
0.004167
0.001597
0.002986
0.002431
0.006250
0.000278
0.002222
0.001389
0.007431
0.000694
0.003819
0.002639
0.011528
0.000486
0.002569
0.001944
0.003958
0.002847
0.003750
0.001111
0.004653
0.006181
0.002431
0.001528
0.007500
0.000625
0.004306
0.002292
