0.096839
0.001821
0.003967
0.004878
0.003707
0.002276
0.008130
0.003772
0.002406
0.003057
0.005398
0.002276
0.002992
0.002601
0.004878
0.006439
0.003447
0.001821
0.003902
0.005073
0.003122
0.001561
0.008065
0.004227
0.002862
0.002992
0.007674
0.002862
0.002732
0.002406
0.007089
0.007089
0.005723
0.001951
0.004097
0.003837
0.003642
0.001626
0.006634
0.002797
0.002471
0.003772
0.006634
0.003122
0.004553
0.002211
0.004813
0.002146
0.002797
0.001821
0.002992
0.002666
0.003447
0.002666
0.008390
0.002992
0.002601
0.002797
0.004488
0.002276
0.007609
0.003642
0.005398
0.003772
0.004292
0.001886
0.002927
0.005463
0.002406
0.003317
0.003252
0.003512
0.002536
0.005463
0.004292
0.002471
0.002146
0.002797
0.003577
0.004553
0.002927
0.002016
0.003252
0.003317
0.004227
0.005593
0.004488
0.002992
0.002276
0.002927
0.003707
0.002471
0.003057
0.002797
0.004618
0.008520
0.003252
0.002471
0.002211
0.003317
0.003317
0.005333
0.002862
0.003252
0.002927
0.002797
0.003772
0.001756
0.006439
0.002211
0.003187
0.002927
0.004878
0.001951
0.001886
0.003057
0.002406
0.003772
0.003772
0.001951
0.001886
0.004813
0.003902
0.002146
0.005073
0.003577
0.003382
0.002536
0.002732
0.002992
0.004748
0.005853
0.003382
0.003967
0.006634
0.002797
0.002797
0.001756
0.006048
0.002927
0.003057
0.001756
0.003187
0.003902
0.002992
0.002081
0.002732
0.006699
0.003252
0.002601
0.005853
0.002797
0.002732
0.003317
0.007544
0.002471
0.002927
0.001756
0.004032
0.004878
0.007479
0.002146
0.004748
0.003707
0.001951
0.002732
0.004292
0.002927
0.003447
0.002081
0.008975
0.002862
0.004878
0.002081
0.004097
0.002862
0.003187
0.001951
0.003902
0.001691
0.003057
0.004748
0.007024
0.002732
0.002797
0.002081
0.003772
0.001626
0.005658
0.002862
0.003577
0.004357
0.003772
0.002536
0.003902
0.007479
0.002146
0.003447
0.004097
0.002992
0.002471
0.007544
0.003967
0.002927
0.003122
0.002016
0.002081
0.003382
0.002341
0.001691
0.002601
0.003707
0.003057
0.004422
0.005203
0.003252
0.002211
0.002862
0.002146
0.002406
0.003902
0.001951
0.003707
0.004357
0.005073
0.001691
0.002927
0.002081
0.002341
0.004292
0.004488
0.002536
0.002797
0.003707
0.002927
0.001756
0.004032
0.002081
0.003512
0.002732
0.005398
0.001626
0.003512
0.002211
0.003057
0.002992
0.002797
0.003642
0.002471
0.005788
0.002927
0.002276
0.003122
0.002471
0.003122
0.002601
