0.140088
0.001691
0.001561
0.004227
0.002211
0.003382
0.006699
0.004943
0.001236
0.004227
0.003382
0.002862
0.002601
0.003772
0.002732
0.010731
0.003447
0.002211
0.002406
0.008780
0.002016
0.002016
0.004943
0.003642
0.001821
0.004683
0.004683
0.002797
0.001951
0.002341
0.002927
0.005268
0.003577
0.001951
0.000976
0.005268
0.002797
0.002992
0.003902
0.003057
0.000976
0.005268
0.003642
0.002927
0.003577
0.002341
0.002276
0.002471
0.003057
0.002276
0.001756
0.003837
0.002341
0.002341
0.006374
0.003837
0.001236
0.004553
0.002666
0.002211
0.007284
0.002146
0.001431
0.002081
0.003642
0.001561
0.001561
0.006048
0.001951
0.008715
0.001236
0.005268
0.000976
0.006504
0.003837
0.002927
0.001041
0.003642
0.001886
0.007869
0.002471
0.002081
0.001886
0.005073
0.002146
0.008195
0.002471
0.003447
0.001106
0.006113
0.003187
0.003707
0.002146
0.002536
0.003252
0.009365
0.002601
0.001301
0.001366
0.003772
0.002666
0.010926
0.002211
0.004422
0.001366
0.004618
0.002862
0.002797
0.007934
0.003122
0.002536
0.003837
0.004032
0.002536
0.001691
0.003837
0.002471
0.004748
0.001691
0.003122
0.000976
0.007609
0.003772
0.002992
0.004097
0.003707
0.002276
0.002276
0.001821
0.002146
0.002146
0.007219
0.001561
0.004748
0.004748
0.003642
0.001756
0.002666
0.002927
0.003187
0.003837
0.002797
0.002536
0.007674
0.002016
0.005268
0.002536
0.007934
0.002276
0.004097
0.003187
0.003317
0.002016
0.002992
0.006634
0.003317
0.002341
0.001756
0.002016
0.005333
0.005528
0.002797
0.000976
0.001821
0.002211
0.005073
0.003057
0.002276
0.001236
0.002927
0.006894
0.003187
0.002862
0.002666
0.001951
0.004813
0.002276
0.002536
0.001821
0.002862
0.001496
0.003512
0.004618
0.002276
0.001691
0.002341
0.002146
0.002992
0.003642
0.002276
0.001496
0.004878
0.001561
0.002276
0.002081
0.008260
0.001756
0.006243
0.003317
0.004488
0.001756
0.008975
0.001886
0.002992
0.003252
0.002341
0.002341
0.005138
0.001236
0.003707
0.002341
0.005983
0.001431
0.006634
0.004227
0.002341
0.000976
0.004683
0.002341
0.004748
0.003707
0.002341
0.001626
0.006764
0.004422
0.002211
0.001236
0.002081
0.001691
0.007089
0.003837
0.002732
0.001756
0.004162
0.001821
0.002471
0.004488
0.002081
0.001821
0.004162
0.005723
0.003252
0.002341
0.004032
0.001951
0.005788
0.004553
0.002732
0.001236
0.007609
0.002016
0.003252
0.003252
0.001626
0.001431
0.004097
