0.066727
0.002471
0.002797
0.001496
0.003837
0.003447
0.007219
0.000845
0.002211
0.003382
0.003382
0.001561
0.002666
0.003837
0.002666
0.004422
0.003317
0.002211
0.001821
0.002341
0.004097
0.002992
0.007479
0.003122
0.002536
0.004618
0.005073
0.000585
0.002797
0.002406
0.005333
0.004032
0.008260
0.003642
0.002601
0.002666
0.006243
0.002081
0.010666
0.001366
0.003512
0.004618
0.007024
0.001366
0.010146
0.002081
0.005008
0.000650
0.004357
0.002406
0.003967
0.001236
0.006113
0.004618
0.011381
0.002536
0.003967
0.003577
0.004357
0.001236
0.008975
0.005268
0.003772
0.002927
0.004618
0.004292
0.001886
0.004227
0.002666
0.008390
0.001236
0.002081
0.003317
0.006048
0.003447
0.001756
0.002406
0.005138
0.000911
0.002732
0.002797
0.003902
0.001496
0.001431
0.005528
0.010016
0.004097
0.002016
0.002471
0.004878
0.002211
0.001041
0.004097
0.006699
0.003707
0.004813
0.005203
0.004748
0.002211
0.002016
0.005853
0.011121
0.003447
0.001756
0.002797
0.005268
0.002992
0.001366
0.009040
0.003317
0.003122
0.001626
0.005723
0.002406
0.002081
0.001951
0.005333
0.008780
0.002146
0.000845
0.003122
0.007414
0.002927
0.001041
0.006113
0.006048
0.002992
0.001236
0.001691
0.002471
0.002601
0.003447
0.003967
0.004618
0.004422
0.001236
0.002016
0.002862
0.004227
0.001366
0.003642
0.002016
0.002146
0.001886
0.003317
0.003057
0.002211
0.004032
0.003122
0.003382
0.005073
0.002276
0.003902
0.003317
0.006048
0.000585
0.003317
0.002732
0.002797
0.002146
0.007804
0.003772
0.004878
0.002211
0.005658
0.003577
0.006829
0.001106
0.004748
0.004748
0.008845
0.001626
0.006959
0.002146
0.004097
0.001236
0.004943
0.001366
0.003967
0.000585
0.004292
0.005203
0.008520
0.001951
0.004683
0.002471
0.003057
0.000455
0.008715
0.002992
0.002927
0.003317
0.004292
0.005788
0.002536
0.005788
0.001886
0.006504
0.002016
0.002146
0.004032
0.010991
0.002732
0.002081
0.002797
0.003577
0.001366
0.001431
0.001886
0.004357
0.001561
0.001171
0.003772
0.006959
0.003772
0.000976
0.002471
0.005333
0.001691
0.001821
0.005658
0.005333
0.002146
0.003252
0.005528
0.004748
0.001886
0.001041
0.003057
0.006699
0.003772
0.001431
0.004618
0.004943
0.001561
0.000845
0.006243
0.002471
0.002341
0.002146
0.005918
0.003642
0.002081
0.000976
0.003057
0.005398
0.003252
0.001496
0.003512
0.009951
0.002732
0.000845
0.004878
0.004813
0.002146
0.001496
