0.108676
0.002211
0.002992
0.002797
0.003902
0.003447
0.008845
0.003447
0.002732
0.002862
0.003577
0.003707
0.002666
0.004097
0.003057
0.009625
0.002536
0.003707
0.002992
0.003707
0.001951
0.002536
0.005333
0.004422
0.003317
0.004422
0.004878
0.002862
0.001886
0.003317
0.003512
0.005788
0.002927
0.003902
0.003252
0.004683
0.002797
0.002536
0.006634
0.002601
0.002211
0.004748
0.004553
0.003317
0.004488
0.002927
0.004488
0.002471
0.002016
0.002927
0.003252
0.001561
0.003122
0.003252
0.007739
0.004292
0.002862
0.003187
0.003642
0.002732
0.006894
0.003317
0.004032
0.004683
0.004227
0.003252
0.003642
0.003837
0.001821
0.005333
0.003382
0.004292
0.002732
0.004553
0.003382
0.002601
0.002471
0.003057
0.002081
0.005723
0.002797
0.002666
0.002992
0.002927
0.002797
0.009040
0.002536
0.003642
0.002146
0.002862
0.003642
0.003512
0.002471
0.003837
0.003382
0.009951
0.002471
0.002471
0.002601
0.002016
0.002406
0.007609
0.004357
0.004097
0.002927
0.003057
0.003447
0.002862
0.005333
0.002666
0.004618
0.002471
0.002341
0.002016
0.003317
0.004292
0.002406
0.004162
0.003187
0.002862
0.002016
0.004032
0.004357
0.003512
0.003447
0.003707
0.002081
0.002666
0.001366
0.001951
0.002797
0.005008
0.003512
0.004422
0.006243
0.003382
0.001756
0.003252
0.003512
0.003057
0.003772
0.003642
0.002862
0.005528
0.001886
0.004683
0.002601
0.005983
0.002601
0.004097
0.004422
0.004097
0.003512
0.002341
0.007024
0.003317
0.003317
0.002732
0.003447
0.003642
0.004227
0.003772
0.003122
0.002862
0.002276
0.003772
0.004748
0.003057
0.001886
0.003187
0.005788
0.003902
0.002732
0.003447
0.002406
0.003707
0.001951
0.002276
0.003447
0.001886
0.001756
0.004553
0.006243
0.003187
0.002211
0.002341
0.005203
0.002211
0.004032
0.002732
0.002927
0.004097
0.002471
0.002732
0.003187
0.006243
0.002211
0.003837
0.003447
0.003187
0.003967
0.008585
0.003447
0.002927
0.003187
0.001756
0.003122
0.002927
0.001756
0.002797
0.002211
0.002601
0.001691
0.004878
0.004488
0.003642
0.002536
0.002797
0.002211
0.003187
0.003317
0.003187
0.003057
0.006048
0.003057
0.002406
0.002732
0.002016
0.002927
0.006113
0.004618
0.004097
0.001691
0.002601
0.001691
0.002666
0.005008
0.002797
0.003382
0.003122
0.004032
0.002016
0.004227
0.002862
0.001756
0.003447
0.002666
0.003382
0.002536
0.005463
0.004488
0.004227
0.002992
0.002146
0.002276
0.003967
