0.085068
0.001691
0.004748
0.002406
0.002211
0.004488
0.011186
0.004292
0.001951
0.002862
0.003642
0.003187
0.001496
0.003317
0.005138
0.009690
0.002536
0.002732
0.002601
0.004227
0.002341
0.002536
0.010861
0.004683
0.002016
0.005593
0.006374
0.002081
0.001366
0.002601
0.004162
0.004357
0.003057
0.002797
0.003252
0.003252
0.001626
0.002276
0.006699
0.001626
0.001951
0.003317
0.005593
0.003252
0.002862
0.002927
0.003837
0.002992
0.001691
0.002016
0.002927
0.002666
0.002146
0.002992
0.012227
0.002146
0.002732
0.003057
0.003902
0.001691
0.008520
0.002992
0.004162
0.002276
0.002601
0.003317
0.003252
0.003967
0.001431
0.011772
0.002797
0.005918
0.002406
0.006309
0.004618
0.002016
0.001496
0.007219
0.001951
0.008520
0.001366
0.003447
0.002666
0.003122
0.002536
0.011186
0.004357
0.003772
0.001756
0.006634
0.003707
0.002992
0.002146
0.003707
0.004162
0.008260
0.001431
0.001886
0.002406
0.002666
0.002276
0.011707
0.002927
0.004032
0.002081
0.003707
0.003707
0.002016
0.006374
0.003772
0.003252
0.003512
0.002862
0.002536
0.002276
0.004162
0.002146
0.007219
0.003447
0.001886
0.001756
0.007609
0.003382
0.002601
0.003447
0.002666
0.002732
0.002016
0.001236
0.002276
0.003382
0.003837
0.002146
0.005723
0.009235
0.002797
0.001821
0.002471
0.005528
0.002927
0.002471
0.001951
0.003382
0.007219
0.001821
0.004683
0.002862
0.005398
0.002732
0.004162
0.005658
0.002797
0.002146
0.002927
0.008195
0.002406
0.002992
0.002276
0.003187
0.003252
0.004422
0.003122
0.002471
0.002406
0.001301
0.003707
0.005593
0.003317
0.002211
0.002471
0.008650
0.003317
0.002276
0.001496
0.002666
0.003642
0.001496
0.002081
0.002732
0.001561
0.001561
0.004553
0.007544
0.001626
0.002211
0.002081
0.004748
0.001561
0.004292
0.001886
0.003382
0.003122
0.001756
0.002666
0.004227
0.004618
0.001821
0.008715
0.004943
0.003512
0.002927
0.008065
0.005398
0.002406
0.002016
0.003642
0.002666
0.005463
0.001756
0.004357
0.002862
0.003707
0.002016
0.007869
0.004553
0.002341
0.000780
0.008130
0.002862
0.002276
0.002732
0.002601
0.002601
0.005398
0.001951
0.002276
0.002601
0.001236
0.001431
0.007999
0.004618
0.003057
0.001756
0.002927
0.002601
0.002016
0.004422
0.002146
0.002732
0.004032
0.004032
0.002797
0.003252
0.002536
0.001691
0.005138
0.003642
0.003187
0.001951
0.007544
0.003577
0.002992
0.001821
0.001756
0.002862
0.002536
