0.108088
0.003653
0.003338
0.003968
0.002646
0.004094
0.002205
0.003275
0.004220
0.003590
0.006047
0.002708
0.002834
0.003590
0.003149
0.007181
0.003716
0.004220
0.002520
0.006110
0.002771
0.002834
0.003968
0.002771
0.002960
0.003527
0.004535
0.004283
0.002646
0.003086
0.002771
0.005732
0.003275
0.004031
0.002457
0.004157
0.001953
0.003968
0.003905
0.002834
0.002520
0.003086
0.004283
0.002897
0.002834
0.002834
0.002646
0.003653
0.001449
0.002834
0.003149
0.003212
0.001827
0.002708
0.001764
0.003527
0.002583
0.004598
0.005795
0.004976
0.004220
0.004094
0.002960
0.003338
0.003338
0.003590
0.003527
0.004850
0.002079
0.004787
0.003653
0.002708
0.001827
0.005732
0.002268
0.003023
0.002457
0.005291
0.003086
0.005795
0.003653
0.003527
0.003023
0.002708
0.001701
0.002708
0.002708
0.002708
0.002394
0.008377
0.004472
0.003842
0.002016
0.004031
0.003149
0.007496
0.002708
0.003779
0.003275
0.005291
0.001323
0.002646
0.003590
0.003086
0.001449
0.007055
0.003275
0.005669
0.005291
0.003023
0.002834
0.004913
0.004220
0.003212
0.002771
0.004283
0.002520
0.004724
0.003842
0.003338
0.002583
0.005417
0.002583
0.002646
0.003968
0.002583
0.002897
0.003338
0.002708
0.002771
0.003212
0.007496
0.002771
0.003275
0.002771
0.002897
0.002205
0.003401
0.004976
0.002834
0.004094
0.004220
0.001890
0.006173
0.002457
0.004346
0.003086
0.005354
0.003401
0.003842
0.003464
0.002897
0.002771
0.004031
0.002646
0.002520
0.003275
0.004598
0.003212
0.004535
0.003401
0.003527
0.002583
0.003590
0.002394
0.004094
0.006803
0.004094
0.002079
0.002897
0.002583
0.002897
0.002394
0.002583
0.002771
0.003779
0.002708
0.001701
0.003590
0.003527
0.001512
0.002646
0.002897
0.002960
0.002079
0.004157
0.004409
0.003968
0.003338
0.003968
0.003338
0.004346
0.002142
0.003905
0.004409
0.005543
0.003527
0.008440
0.002708
0.002268
0.002897
0.003212
0.003149
0.002079
0.002897
0.003653
0.003212
0.002834
0.001953
0.003464
0.002960
0.003464
0.001575
0.003716
0.002897
0.003338
0.002205
0.005858
0.003338
0.003590
0.003464
0.003968
0.004472
0.004913
0.005543
0.003653
0.002771
0.003527
0.002142
0.003590
0.002142
0.003086
0.002268
0.005354
0.003401
0.002771
0.003716
0.002646
0.002457
0.004472
0.004850
0.002960
0.003212
0.004787
0.001764
0.004220
0.003149
0.004283
0.002834
0.003590
0.003716
0.004472
0.003086
0.002583
0.003653
0.005417
