0.169615
0.001106
0.002927
0.001756
0.004813
0.003967
0.024519
0.008195
0.000911
0.001171
0.002927
0.001561
0.005528
0.003512
0.012292
0.018145
0.003122
0.002406
0.005853
0.005983
0.001366
0.001366
0.005463
0.002276
0.002797
0.001626
0.009105
0.002797
0.001106
0.001236
0.002927
0.003642
0.001171
0.000650
0.002601
0.001236
0.003447
0.001236
0.023023
0.002862
0.000520
0.000325
0.003382
0.000845
0.006178
0.000780
0.010991
0.002536
0.002797
0.000845
0.006699
0.002341
0.000845
0.000455
0.007024
0.000911
0.003382
0.000650
0.008845
0.001366
0.000976
0.000260
0.002797
0.001106
0.000325
0.001171
0.001041
0.002666
0.001951
0.006699
0.003577
0.008845
0.000325
0.000520
0.001431
0.001236
0.001366
0.005138
0.002797
0.010276
0.000976
0.002666
0.002146
0.005528
0.000455
0.001756
0.001171
0.001756
0.000260
0.001041
0.001951
0.002081
0.000390
0.000585
0.001106
0.006113
0.000390
0.000780
0.002341
0.002276
0.003317
0.008260
0.009690
0.006959
0.001041
0.000455
0.002536
0.001756
0.005528
0.002666
0.011056
0.005918
0.001171
0.002016
0.003252
0.005073
0.000845
0.001106
0.002081
0.001561
0.001886
0.001561
0.007934
0.002992
0.000715
0.000650
0.002211
0.001821
0.001366
0.000455
0.002797
0.004097
0.002211
0.002211
0.011056
0.003382
0.001236
0.000650
0.003642
0.002016
0.003122
0.002146
0.004618
0.007284
0.006243
0.005528
0.009625
0.014308
0.001171
0.000845
0.003707
0.001561
0.006374
0.005073
0.016454
0.006504
0.001496
0.001171
0.002732
0.002341
0.000715
0.000260
0.002016
0.000976
0.001821
0.001236
0.009170
0.002601
0.000911
0.000650
0.005268
0.001756
0.003382
0.000845
0.005983
0.003057
0.004357
0.001756
0.010926
0.002927
0.000585
0.000325
0.005658
0.000325
0.006178
0.001041
0.014568
0.002732
0.001041
0.000455
0.002081
0.001496
0.000585
0.000845
0.001171
0.004683
0.000520
0.002081
0.002666
0.002016
0.000325
0.001106
0.001366
0.001366
0.001106
0.001951
0.002862
0.005138
0.001106
0.005073
0.003577
0.006113
0.000260
0.001171
0.001106
0.000845
0.001301
0.002276
0.003382
0.005918
0.000195
0.000715
0.000976
0.003187
0.000325
0.001236
0.001301
0.001496
0.000911
0.002992
0.008195
0.003122
0.000845
0.000780
0.002536
0.002211
0.002536
0.001301
0.005268
0.005723
0.003382
0.004227
0.008650
0.009235
0.000390
0.000845
0.002732
0.002471
0.003707
0.002146
0.008065
0.005658
0.000780
0.000780
0.002016
0.002341
