0.143535
0.001431
0.002471
0.004813
0.002797
0.002146
0.009755
0.003057
0.001691
0.001626
0.004357
0.004488
0.002927
0.001951
0.002797
0.005138
0.003252
0.001821
0.001691
0.004553
0.001171
0.001431
0.010016
0.007674
0.001821
0.003707
0.005333
0.001561
0.001886
0.001756
0.004813
0.009170
0.005073
0.001691
0.001756
0.003707
0.003512
0.001886
0.007154
0.001496
0.002211
0.002146
0.005658
0.001951
0.006374
0.000845
0.004422
0.000976
0.002862
0.000976
0.002276
0.001756
0.003707
0.001821
0.011121
0.002797
0.001886
0.001821
0.005268
0.001431
0.008390
0.002081
0.003252
0.002211
0.003902
0.003902
0.001756
0.005788
0.001496
0.018535
0.001431
0.002927
0.001301
0.005463
0.004488
0.002211
0.001301
0.005528
0.001756
0.002992
0.002016
0.003837
0.000976
0.002862
0.002797
0.010601
0.001756
0.004032
0.001171
0.005788
0.002471
0.001821
0.002146
0.003772
0.002211
0.008910
0.003382
0.002341
0.001691
0.001431
0.003317
0.010991
0.003642
0.002927
0.002797
0.003512
0.002797
0.001106
0.008325
0.003512
0.002666
0.001561
0.004357
0.002146
0.001431
0.001951
0.004748
0.006634
0.001626
0.000911
0.002211
0.005268
0.004162
0.001301
0.008585
0.004553
0.001821
0.001171
0.001366
0.001236
0.002666
0.006374
0.002406
0.003317
0.006569
0.001821
0.001366
0.001041
0.003902
0.003902
0.003122
0.001886
0.002211
0.005138
0.003317
0.002406
0.002666
0.003317
0.001756
0.001496
0.006374
0.004488
0.002276
0.003967
0.007219
0.001626
0.002276
0.001691
0.002862
0.006504
0.006569
0.002536
0.002211
0.003057
0.002927
0.002601
0.005333
0.001821
0.002471
0.002211
0.008780
0.002081
0.004422
0.001366
0.003122
0.001951
0.002862
0.000585
0.003187
0.001496
0.001756
0.002016
0.007479
0.001561
0.002797
0.000455
0.005398
0.001561
0.004813
0.000911
0.002016
0.004032
0.002211
0.003317
0.002276
0.006894
0.001626
0.010146
0.001886
0.002862
0.001886
0.007739
0.002146
0.002927
0.001691
0.004357
0.001756
0.002146
0.001691
0.003707
0.001236
0.002471
0.001626
0.005138
0.004032
0.002276
0.001366
0.008455
0.000976
0.001886
0.003837
0.002666
0.001431
0.005528
0.005463
0.003447
0.001821
0.001236
0.002862
0.006634
0.004683
0.001691
0.003837
0.003577
0.001886
0.001236
0.006178
0.002211
0.001561
0.001886
0.007089
0.001496
0.001821
0.001366
0.002927
0.004227
0.002666
0.001821
0.005333
0.009105
0.002862
0.001821
0.005853
0.002406
0.001626
0.002276
