0.070044
0.001366
0.002732
0.006113
0.002666
0.004943
0.004748
0.005268
0.001691
0.003707
0.003772
0.002927
0.001756
0.004422
0.003317
0.009820
0.003122
0.002666
0.002992
0.007739
0.001496
0.002211
0.007284
0.007219
0.001366
0.004878
0.004488
0.002732
0.001301
0.002536
0.003577
0.010796
0.005853
0.002146
0.002536
0.005983
0.002601
0.001951
0.002666
0.001626
0.001041
0.004813
0.004422
0.001366
0.003642
0.002927
0.004032
0.001691
0.002341
0.002471
0.002471
0.002992
0.002601
0.003122
0.004748
0.004553
0.002016
0.002862
0.002927
0.002341
0.007089
0.004032
0.003317
0.005853
0.003837
0.002341
0.001756
0.007479
0.001756
0.011446
0.001756
0.003707
0.001301
0.007869
0.003512
0.002732
0.002016
0.005398
0.002276
0.007804
0.001821
0.003577
0.001886
0.004422
0.002536
0.009105
0.002927
0.003967
0.001041
0.005268
0.002081
0.002666
0.003772
0.004097
0.002666
0.008910
0.003057
0.002471
0.001236
0.003057
0.001756
0.009625
0.003252
0.004553
0.001236
0.004878
0.001756
0.001756
0.005983
0.004618
0.004227
0.003057
0.003837
0.002797
0.001366
0.004227
0.002666
0.007609
0.002732
0.003187
0.001496
0.007934
0.002406
0.002406
0.005008
0.004553
0.001886
0.003057
0.001561
0.001431
0.005853
0.008650
0.002341
0.004878
0.004422
0.004813
0.001431
0.001756
0.004878
0.004683
0.003837
0.003057
0.003122
0.005398
0.001561
0.003317
0.003902
0.008130
0.001041
0.003512
0.005463
0.005788
0.002016
0.002536
0.006504
0.003317
0.001691
0.002016
0.003577
0.008130
0.008455
0.001171
0.002601
0.004553
0.002211
0.003447
0.003382
0.002211
0.001691
0.002276
0.006309
0.002732
0.002927
0.001626
0.003382
0.002601
0.003122
0.002016
0.003382
0.001951
0.001366
0.005008
0.004097
0.002797
0.003057
0.002211
0.004618
0.001886
0.004097
0.002666
0.001951
0.005528
0.002536
0.002927
0.004357
0.008715
0.001431
0.008130
0.002081
0.002992
0.001561
0.009560
0.003772
0.003967
0.001756
0.003902
0.002601
0.005723
0.001496
0.004357
0.001431
0.003512
0.001756
0.007804
0.003902
0.003057
0.001431
0.006569
0.002081
0.003187
0.004878
0.002276
0.002341
0.006569
0.005593
0.001886
0.001496
0.001886
0.001561
0.007999
0.003252
0.003317
0.003057
0.005788
0.001496
0.003187
0.003447
0.002406
0.001626
0.004553
0.007479
0.004032
0.002146
0.002146
0.001821
0.006439
0.001691
0.002862
0.002341
0.008520
0.003187
0.003187
0.003317
0.002927
0.001626
0.002992
