0.107050
0.002016
0.003447
0.003382
0.004553
0.003967
0.006634
0.002992
0.003707
0.003772
0.002927
0.002471
0.004032
0.003057
0.003512
0.006309
0.004162
0.003382
0.003967
0.005463
0.002406
0.002276
0.004553
0.002732
0.004162
0.004162
0.007479
0.002992
0.002927
0.002276
0.004357
0.003902
0.005398
0.002471
0.002927
0.004292
0.003772
0.001951
0.005918
0.002992
0.001171
0.002927
0.005138
0.001951
0.004943
0.002341
0.003187
0.002341
0.003512
0.003057
0.004097
0.003642
0.002862
0.003252
0.005203
0.003317
0.003447
0.003317
0.003057
0.004032
0.004943
0.002797
0.002471
0.002666
0.002146
0.002211
0.003057
0.005203
0.002601
0.003317
0.002666
0.002797
0.002732
0.003967
0.003187
0.003057
0.003057
0.002016
0.003837
0.003512
0.003967
0.001951
0.003187
0.002601
0.003447
0.004097
0.004422
0.002862
0.003187
0.002341
0.004422
0.002862
0.002081
0.001821
0.003707
0.005203
0.002797
0.001951
0.003772
0.004162
0.003642
0.007154
0.004878
0.003577
0.002732
0.002276
0.003902
0.003057
0.006829
0.002732
0.004683
0.002927
0.007349
0.002406
0.004488
0.003967
0.002732
0.002862
0.002732
0.002471
0.003512
0.004292
0.005073
0.002992
0.003837
0.001301
0.003577
0.002732
0.002797
0.002471
0.003447
0.005463
0.004292
0.004748
0.005918
0.002732
0.002927
0.002341
0.004553
0.002666
0.004878
0.004097
0.003707
0.004162
0.004422
0.002862
0.003252
0.007024
0.003512
0.002666
0.003577
0.002732
0.004162
0.003447
0.007739
0.003122
0.003837
0.003447
0.003187
0.003252
0.005268
0.002666
0.002341
0.002536
0.002732
0.002862
0.004097
0.003642
0.002211
0.001821
0.007024
0.002211
0.004553
0.002601
0.003187
0.003772
0.003642
0.002341
0.003252
0.002666
0.002862
0.003382
0.004292
0.003317
0.002927
0.002536
0.005398
0.002992
0.004032
0.002797
0.002406
0.003577
0.001821
0.001561
0.004097
0.007804
0.003447
0.002081
0.005333
0.002146
0.003187
0.005333
0.003252
0.002536
0.004422
0.001821
0.003707
0.002601
0.002341
0.001756
0.003967
0.002666
0.003837
0.003122
0.003447
0.002406
0.002927
0.002992
0.003382
0.002471
0.003122
0.002016
0.003187
0.004748
0.004553
0.001821
0.003382
0.002016
0.003512
0.004748
0.005073
0.004357
0.003057
0.002146
0.002341
0.003057
0.005528
0.001496
0.004097
0.004357
0.007544
0.001691
0.003707
0.003447
0.002016
0.002862
0.004618
0.002211
0.003187
0.006894
0.004553
0.003707
0.002927
0.001691
0.003837
0.003317
