0.203011
0.002520
0.002646
0.003653
0.002205
0.001764
0.001512
0.003086
0.003338
0.002142
0.004094
0.002646
0.002646
0.003275
0.002268
0.006425
0.003149
0.001512
0.001512
0.004976
0.002457
0.001953
0.002520
0.000945
0.003086
0.001701
0.003842
0.004661
0.003527
0.002142
0.003905
0.009007
0.003842
0.003464
0.002646
0.003401
0.002331
0.002708
0.003653
0.002331
0.002583
0.001827
0.004661
0.002394
0.003275
0.001764
0.003464
0.001197
0.002708
0.001953
0.002394
0.002834
0.001197
0.001386
0.002394
0.001134
0.003842
0.003401
0.006803
0.003653
0.007559
0.003590
0.004409
0.002394
0.004787
0.003149
0.003086
0.004976
0.001827
0.003779
0.003527
0.001764
0.002205
0.003716
0.001197
0.002708
0.001764
0.004472
0.001323
0.004409
0.002583
0.002646
0.001575
0.001512
0.001764
0.001260
0.001512
0.002079
0.003023
0.006551
0.003086
0.002708
0.003338
0.003716
0.003527
0.007685
0.004283
0.004535
0.001764
0.004976
0.004535
0.003086
0.001953
0.002771
0.003149
0.003590
0.002583
0.003779
0.008314
0.001890
0.003401
0.003023
0.004661
0.002016
0.001827
0.003149
0.002205
0.003212
0.002457
0.001260
0.005480
0.004913
0.002016
0.002834
0.012409
0.003086
0.002394
0.003086
0.003968
0.002394
0.002897
0.010267
0.003149
0.002079
0.002897
0.003149
0.002142
0.002205
0.003464
0.001197
0.003527
0.001827
0.001953
0.006047
0.003086
0.002834
0.001953
0.004472
0.003842
0.002520
0.003023
0.002268
0.003212
0.002016
0.002520
0.003275
0.004913
0.002646
0.002205
0.003905
0.005480
0.003212
0.002897
0.002016
0.003086
0.003905
0.006614
0.003023
0.002016
0.001827
0.002016
0.000756
0.002646
0.002268
0.002016
0.002960
0.003149
0.001701
0.003149
0.001071
0.002205
0.001827
0.002016
0.002331
0.002268
0.002142
0.003590
0.002394
0.005480
0.003527
0.002394
0.004409
0.003527
0.002960
0.002583
0.005984
0.003149
0.006677
0.002897
0.002583
0.001638
0.002520
0.001764
0.001890
0.002583
0.002331
0.002016
0.002016
0.002142
0.003968
0.001890
0.002897
0.001071
0.002897
0.002205
0.002016
0.001701
0.004913
0.002646
0.001449
0.004661
0.002520
0.002960
0.005858
0.010267
0.003779
0.001827
0.002771
0.003275
0.003905
0.002016
0.001953
0.001764
0.004094
0.001764
0.002331
0.004724
0.001701
0.001953
0.003464
0.006299
0.002331
0.002646
0.003338
0.002268
0.003464
0.002960
0.003401
0.002834
0.003464
0.003149
0.003212
0.005858
0.003401
0.002834
0.004598
