0.142365
0.000780
0.003122
0.004943
0.001366
0.004162
0.005073
0.004422
0.001236
0.002601
0.004422
0.002341
0.001561
0.003512
0.002081
0.009495
0.003382
0.002211
0.002081
0.005333
0.001171
0.001886
0.006504
0.005333
0.001041
0.004357
0.002992
0.002666
0.001366
0.001821
0.004357
0.009625
0.003902
0.001301
0.002016
0.004878
0.004097
0.001886
0.002992
0.002536
0.003902
0.003317
0.005138
0.001431
0.015609
0.001691
0.002276
0.001431
0.004683
0.001366
0.001236
0.002016
0.004032
0.002601
0.009040
0.003057
0.003187
0.002211
0.002276
0.001626
0.007089
0.002146
0.003642
0.002536
0.001756
0.002601
0.002471
0.006243
0.001301
0.009170
0.001626
0.004813
0.001886
0.005658
0.003577
0.002081
0.001366
0.005723
0.001171
0.009170
0.002016
0.004292
0.001561
0.004227
0.001496
0.009560
0.001756
0.004032
0.000976
0.005983
0.001236
0.002927
0.001301
0.004097
0.002276
0.012422
0.002471
0.002862
0.001366
0.002601
0.002406
0.009235
0.001561
0.002601
0.002797
0.004618
0.002536
0.001626
0.008975
0.004422
0.002601
0.002016
0.004748
0.003252
0.000911
0.003187
0.003967
0.007674
0.001431
0.001431
0.001756
0.006113
0.001301
0.002276
0.005723
0.006048
0.001756
0.001756
0.001366
0.002016
0.003967
0.006048
0.001561
0.003382
0.003577
0.003252
0.001626
0.001366
0.003642
0.003902
0.003057
0.002471
0.001821
0.006894
0.004292
0.003642
0.001821
0.007414
0.001301
0.002081
0.005268
0.003902
0.001821
0.002992
0.003642
0.002276
0.001691
0.001691
0.002732
0.006243
0.005918
0.000911
0.001431
0.002992
0.002862
0.002732
0.002732
0.002276
0.002797
0.001756
0.006699
0.003252
0.008260
0.000845
0.001431
0.002081
0.007024
0.001366
0.001236
0.001496
0.002797
0.003187
0.005723
0.002016
0.002927
0.001886
0.002341
0.001691
0.005268
0.001496
0.001951
0.004618
0.001496
0.003252
0.002536
0.007024
0.000845
0.006959
0.002341
0.003707
0.002211
0.008325
0.003122
0.003317
0.002016
0.003902
0.001821
0.005398
0.001366
0.004878
0.000976
0.004553
0.001236
0.006309
0.003837
0.002862
0.000455
0.005788
0.000976
0.003772
0.002146
0.003122
0.001756
0.007154
0.003967
0.003447
0.001301
0.001691
0.002406
0.007024
0.001171
0.002406
0.002016
0.003447
0.001691
0.001951
0.006504
0.003382
0.001951
0.002862
0.010471
0.004032
0.001626
0.002797
0.002601
0.006309
0.002471
0.001756
0.002081
0.005658
0.001171
0.002601
0.003837
0.003382
0.000845
0.003382
