0.172542
0.001626
0.002536
0.003707
0.003122
0.001886
0.006178
0.002341
0.001821
0.002406
0.004292
0.004553
0.002146
0.002146
0.002732
0.009170
0.003642
0.001106
0.002601
0.003837
0.001756
0.002276
0.004488
0.004878
0.002666
0.002406
0.003187
0.002406
0.002601
0.002601
0.003122
0.005918
0.003967
0.002601
0.003187
0.004813
0.002992
0.000845
0.005788
0.002016
0.003252
0.004162
0.005398
0.003187
0.004878
0.001496
0.003057
0.003122
0.003252
0.001561
0.002081
0.002862
0.003772
0.003382
0.008520
0.003902
0.002732
0.002016
0.002666
0.002341
0.008520
0.002471
0.003642
0.004032
0.003837
0.002471
0.002601
0.005788
0.001496
0.003577
0.002601
0.002927
0.002081
0.003382
0.005853
0.004553
0.002211
0.002276
0.001821
0.006439
0.002862
0.002016
0.001821
0.003902
0.002732
0.007284
0.003902
0.004292
0.001951
0.001626
0.002992
0.003642
0.003187
0.002666
0.003252
0.010796
0.003252
0.002471
0.001561
0.003902
0.002666
0.005268
0.002471
0.002081
0.003122
0.002797
0.003837
0.001951
0.006504
0.002732
0.002081
0.003382
0.004032
0.001496
0.002341
0.002732
0.003577
0.004097
0.001756
0.003122
0.002081
0.002601
0.003512
0.002016
0.005463
0.002081
0.002536
0.002211
0.001561
0.001366
0.003057
0.006048
0.002016
0.002862
0.004488
0.002211
0.002536
0.001496
0.003187
0.003642
0.003512
0.001691
0.002146
0.005268
0.002406
0.003382
0.001496
0.005528
0.002927
0.002862
0.005398
0.004097
0.003382
0.001821
0.002992
0.002081
0.002797
0.001951
0.003577
0.006178
0.006309
0.002992
0.002862
0.003057
0.002797
0.002536
0.003772
0.002666
0.003122
0.003902
0.006569
0.004097
0.003122
0.001431
0.002732
0.003707
0.002211
0.001171
0.002341
0.001496
0.003837
0.004097
0.006764
0.004292
0.002406
0.001561
0.001756
0.001951
0.006243
0.002406
0.002797
0.006178
0.002992
0.002016
0.004488
0.008325
0.002471
0.002797
0.002927
0.003057
0.002797
0.006374
0.004032
0.003772
0.002927
0.001951
0.002862
0.004292
0.001366
0.002276
0.001691
0.003057
0.002211
0.004227
0.005853
0.004488
0.001691
0.001366
0.002081
0.002471
0.004748
0.001951
0.002276
0.007414
0.004943
0.002471
0.002211
0.002406
0.002276
0.003772
0.002471
0.002406
0.003187
0.002081
0.001561
0.002276
0.005203
0.001431
0.001561
0.003577
0.005398
0.001951
0.003187
0.002927
0.003382
0.003382
0.003772
0.003317
0.002341
0.002666
0.002601
0.002276
0.003837
0.001886
0.002471
0.002601
