0.094108
0.002341
0.004878
0.006048
0.002601
0.001756
0.009365
0.005593
0.001236
0.003252
0.005658
0.004488
0.001951
0.002146
0.005918
0.010731
0.002732
0.001691
0.002927
0.005073
0.001821
0.002081
0.007219
0.005983
0.001691
0.003447
0.005658
0.002536
0.001821
0.002211
0.005528
0.009560
0.005073
0.001106
0.003967
0.004878
0.001756
0.001691
0.007934
0.002016
0.001496
0.004032
0.007544
0.003187
0.004097
0.001691
0.004357
0.001626
0.002211
0.001366
0.002081
0.003187
0.002666
0.003317
0.010926
0.003902
0.001171
0.002536
0.004292
0.002927
0.010796
0.002732
0.004683
0.004162
0.004097
0.001821
0.002536
0.005983
0.001951
0.005788
0.002081
0.005138
0.001561
0.007154
0.005853
0.003382
0.001366
0.003057
0.002927
0.008585
0.001821
0.002016
0.002081
0.004618
0.003577
0.009495
0.004032
0.004878
0.001301
0.003382
0.003382
0.002601
0.003122
0.004292
0.004553
0.012292
0.003317
0.002211
0.002081
0.002927
0.002536
0.006699
0.002732
0.002406
0.001886
0.003642
0.003902
0.002601
0.005528
0.002016
0.003317
0.003512
0.003447
0.002081
0.001561
0.004162
0.002536
0.005008
0.002016
0.002927
0.001366
0.004422
0.003057
0.001756
0.004227
0.002732
0.002601
0.001756
0.001431
0.002146
0.003837
0.005333
0.002016
0.003057
0.006439
0.004488
0.001756
0.001496
0.004292
0.002992
0.003772
0.002146
0.003837
0.007544
0.001496
0.002471
0.003447
0.006504
0.002146
0.003252
0.006113
0.004748
0.002081
0.002276
0.006439
0.003577
0.002406
0.002341
0.003252
0.006504
0.007674
0.002797
0.003057
0.003512
0.002146
0.002797
0.005528
0.001821
0.001431
0.002016
0.008325
0.003317
0.002992
0.001886
0.003057
0.003187
0.002797
0.001171
0.002471
0.002536
0.002016
0.003447
0.007934
0.002797
0.001431
0.001106
0.002927
0.002146
0.004878
0.001366
0.003707
0.004422
0.002732
0.002797
0.004162
0.008195
0.001691
0.004097
0.004227
0.003642
0.002341
0.008130
0.002862
0.003837
0.002211
0.002666
0.002016
0.007349
0.000780
0.002406
0.002732
0.004488
0.001691
0.007219
0.005528
0.003967
0.000845
0.002406
0.002211
0.002601
0.005268
0.002601
0.003187
0.007804
0.004227
0.002601
0.002601
0.002081
0.001821
0.005008
0.003837
0.002146
0.001691
0.003057
0.002211
0.001821
0.004032
0.001821
0.002666
0.003902
0.004292
0.002016
0.003187
0.002992
0.001561
0.003187
0.003707
0.002276
0.000976
0.004618
0.002601
0.002601
0.004357
0.002666
0.002666
0.002601
