0.086759
0.002536
0.003317
0.003642
0.005138
0.003317
0.005593
0.003382
0.003577
0.001691
0.003447
0.003642
0.005398
0.002732
0.004618
0.006699
0.005723
0.001821
0.003447
0.005138
0.003187
0.001366
0.005333
0.004227
0.002732
0.002992
0.006243
0.002927
0.003317
0.001821
0.003772
0.006243
0.006309
0.002146
0.004878
0.005463
0.004488
0.001691
0.004683
0.002471
0.002276
0.002601
0.006309
0.002927
0.006178
0.001171
0.004943
0.002276
0.004943
0.001886
0.002927
0.003967
0.004618
0.002536
0.006829
0.004097
0.003642
0.001106
0.004618
0.003187
0.007284
0.002732
0.003902
0.003837
0.003837
0.002666
0.003967
0.006374
0.002341
0.002732
0.003187
0.002146
0.002536
0.002927
0.003772
0.003317
0.002471
0.001626
0.002992
0.004488
0.003902
0.001171
0.004227
0.002862
0.003967
0.004097
0.004227
0.003642
0.002471
0.001691
0.003902
0.001756
0.003967
0.001626
0.004032
0.005463
0.004097
0.001886
0.003837
0.004162
0.003902
0.005593
0.003382
0.003317
0.002471
0.002081
0.003772
0.001951
0.008195
0.001756
0.004618
0.003577
0.007024
0.001691
0.003512
0.004878
0.003837
0.002081
0.003252
0.003252
0.003772
0.003577
0.006048
0.002276
0.005658
0.002471
0.003317
0.002406
0.003057
0.001301
0.003447
0.005008
0.004357
0.002732
0.005593
0.002406
0.003512
0.001886
0.004292
0.003317
0.005138
0.002081
0.004227
0.005463
0.005463
0.000976
0.003642
0.006699
0.002666
0.000911
0.003447
0.003577
0.004097
0.001756
0.007674
0.002862
0.004292
0.002666
0.003772
0.004097
0.006439
0.001041
0.004097
0.002992
0.003252
0.001496
0.003642
0.002146
0.003122
0.001951
0.006309
0.003317
0.005463
0.002146
0.003772
0.003512
0.004813
0.000976
0.004162
0.002471
0.003057
0.003252
0.005073
0.004683
0.003642
0.001821
0.005268
0.002341
0.006439
0.001951
0.004357
0.005398
0.003122
0.002341
0.003057
0.006634
0.003382
0.002146
0.003447
0.001691
0.002536
0.005398
0.003122
0.003317
0.003707
0.002276
0.003382
0.003447
0.002471
0.001236
0.002862
0.002601
0.003057
0.002016
0.004943
0.003902
0.002601
0.002341
0.002992
0.002341
0.005723
0.002146
0.003512
0.005008
0.004943
0.001041
0.003772
0.002016
0.002732
0.002797
0.005073
0.003057
0.002732
0.002146
0.003122
0.002992
0.006178
0.001821
0.005658
0.005138
0.007999
0.002406
0.003577
0.002862
0.003122
0.002146
0.003512
0.003057
0.003382
0.006113
0.003317
0.002471
0.005723
0.002862
0.004422
0.003512
