0.099506
0.002666
0.002666
0.004292
0.002536
0.005788
0.006959
0.003707
0.001301
0.005528
0.002732
0.003447
0.001626
0.004488
0.002732
0.007219
0.001951
0.002406
0.001951
0.005593
0.001691
0.003057
0.007414
0.008455
0.002081
0.006048
0.005853
0.002016
0.000976
0.002862
0.004618
0.007219
0.003382
0.002081
0.001691
0.003577
0.003382
0.002992
0.006178
0.001171
0.002601
0.004813
0.005398
0.002406
0.003902
0.002732
0.003902
0.001951
0.001561
0.002406
0.002341
0.002927
0.000845
0.005723
0.006048
0.005658
0.002406
0.004488
0.002797
0.001691
0.005528
0.005073
0.002601
0.003967
0.002146
0.003447
0.001626
0.005398
0.001106
0.012812
0.001691
0.003837
0.001561
0.009365
0.003447
0.002862
0.000780
0.005658
0.002341
0.006894
0.001236
0.004292
0.001886
0.003577
0.002927
0.013137
0.003772
0.005398
0.001496
0.007479
0.002081
0.003122
0.001496
0.005268
0.003642
0.007999
0.001431
0.002341
0.001496
0.002862
0.001951
0.009951
0.003187
0.002797
0.001821
0.005333
0.003772
0.002016
0.004618
0.003772
0.002732
0.002862
0.003837
0.002666
0.001886
0.002992
0.001951
0.007999
0.001886
0.002992
0.002471
0.007609
0.003447
0.001886
0.003447
0.004943
0.002146
0.002536
0.000911
0.002471
0.001691
0.005788
0.002406
0.005788
0.004813
0.002146
0.001106
0.002276
0.003967
0.004357
0.001626
0.003317
0.001951
0.004748
0.001496
0.002666
0.001366
0.006178
0.001821
0.004813
0.004422
0.005398
0.002081
0.004032
0.005918
0.002992
0.001366
0.002666
0.002471
0.007154
0.005008
0.002797
0.003512
0.002406
0.002341
0.004488
0.004097
0.001756
0.001431
0.003512
0.007869
0.002732
0.002211
0.001886
0.002927
0.002536
0.002797
0.002016
0.002211
0.001496
0.001301
0.007349
0.004683
0.002927
0.001496
0.003187
0.004097
0.000780
0.003057
0.002732
0.001496
0.004292
0.001236
0.005658
0.002536
0.007934
0.001626
0.009690
0.001886
0.003447
0.001366
0.011186
0.003122
0.004683
0.001301
0.004357
0.002406
0.004943
0.001171
0.004162
0.000976
0.004032
0.002406
0.009951
0.005073
0.003642
0.001301
0.007349
0.001561
0.003122
0.001756
0.003837
0.001756
0.005528
0.003317
0.003317
0.001431
0.001561
0.001561
0.007674
0.003772
0.002471
0.001496
0.005983
0.002406
0.002211
0.002601
0.003382
0.002016
0.003772
0.005398
0.004292
0.001886
0.001821
0.001821
0.007219
0.002081
0.002406
0.002016
0.007674
0.002797
0.001886
0.001756
0.004748
0.001561
0.002016
