0.096579
0.001171
0.002797
0.004748
0.003512
0.001626
0.007089
0.004162
0.002211
0.001561
0.003772
0.003967
0.003512
0.001561
0.005528
0.008780
0.004292
0.001106
0.003057
0.005398
0.002797
0.001366
0.007999
0.004813
0.002406
0.002406
0.006309
0.002992
0.003252
0.001821
0.005008
0.007219
0.005138
0.002016
0.003187
0.004097
0.004097
0.001626
0.006178
0.001951
0.001951
0.003577
0.005073
0.003512
0.010016
0.001236
0.005918
0.002536
0.003902
0.002016
0.003382
0.002146
0.004032
0.003317
0.006959
0.004813
0.002862
0.002016
0.003902
0.003187
0.008455
0.002862
0.005333
0.005203
0.004032
0.001756
0.002536
0.005788
0.001496
0.003902
0.002406
0.003447
0.002341
0.004813
0.003447
0.003902
0.002146
0.001821
0.002536
0.004748
0.002797
0.001886
0.001821
0.003187
0.004292
0.007479
0.003252
0.005008
0.001561
0.001561
0.003642
0.002732
0.003642
0.002732
0.003772
0.008650
0.003902
0.002146
0.002016
0.003057
0.003382
0.005268
0.003317
0.003252
0.002471
0.002471
0.002536
0.002862
0.008715
0.002016
0.003902
0.002992
0.005723
0.001431
0.003252
0.004227
0.005138
0.007609
0.002471
0.002797
0.002341
0.003707
0.004357
0.002146
0.008585
0.003642
0.002601
0.002081
0.001951
0.001561
0.003902
0.006699
0.002146
0.002666
0.006569
0.003252
0.002276
0.001496
0.004292
0.005528
0.004162
0.001691
0.003642
0.004878
0.002797
0.001041
0.003512
0.007349
0.002601
0.002016
0.006113
0.004683
0.002601
0.001691
0.006439
0.002536
0.003707
0.001171
0.003317
0.005918
0.006374
0.002536
0.004162
0.004683
0.002797
0.001886
0.004943
0.002536
0.003577
0.003317
0.007024
0.003772
0.004878
0.001821
0.004422
0.003057
0.003382
0.000976
0.002666
0.002601
0.003122
0.003967
0.006178
0.003707
0.002536
0.000845
0.002862
0.002081
0.006504
0.001886
0.002862
0.004553
0.003577
0.002016
0.002992
0.007544
0.001951
0.002862
0.003252
0.002992
0.003122
0.007154
0.003772
0.005463
0.003512
0.001886
0.002927
0.003252
0.001691
0.001106
0.001886
0.003187
0.002341
0.004422
0.004162
0.003967
0.001041
0.002211
0.002211
0.003057
0.004097
0.001886
0.003122
0.005008
0.006439
0.001951
0.002016
0.003577
0.001756
0.002927
0.003707
0.002666
0.002862
0.004032
0.002081
0.002211
0.005983
0.001626
0.003057
0.003902
0.005983
0.001691
0.003057
0.002406
0.002862
0.004227
0.003512
0.003447
0.002666
0.005138
0.002666
0.002341
0.004488
0.002081
0.002276
0.003122
