0.081621
0.001106
0.003707
0.003707
0.003902
0.002341
0.008195
0.003252
0.002081
0.002211
0.004357
0.003577
0.002992
0.002601
0.005073
0.007999
0.003382
0.001171
0.004553
0.006504
0.002666
0.002211
0.005398
0.003707
0.002081
0.002732
0.007739
0.001821
0.002146
0.001821
0.004227
0.004618
0.007739
0.001756
0.003902
0.004683
0.005008
0.001301
0.008715
0.002146
0.002276
0.002471
0.008325
0.002666
0.006243
0.001106
0.006374
0.002146
0.004162
0.001821
0.004357
0.002016
0.004878
0.002016
0.010731
0.003317
0.003252
0.001821
0.005333
0.001561
0.011707
0.002666
0.005723
0.004032
0.004683
0.002341
0.002666
0.007024
0.001366
0.004943
0.002601
0.004292
0.001561
0.004422
0.004618
0.002862
0.001886
0.003187
0.002732
0.005918
0.002146
0.002081
0.002341
0.002797
0.004162
0.007284
0.003447
0.003642
0.001236
0.002341
0.003122
0.002406
0.003837
0.002211
0.004553
0.009105
0.003707
0.002471
0.002732
0.002601
0.003187
0.005918
0.004292
0.002536
0.002471
0.002471
0.002862
0.002406
0.006894
0.001626
0.004162
0.002081
0.005918
0.001561
0.002341
0.003967
0.005203
0.004032
0.002536
0.002862
0.002927
0.004162
0.003902
0.001496
0.007869
0.002146
0.002146
0.002341
0.001691
0.001561
0.005593
0.005008
0.002862
0.003772
0.006439
0.002471
0.002471
0.001626
0.004553
0.002536
0.003902
0.001951
0.003187
0.004943
0.002601
0.001496
0.003707
0.006894
0.001886
0.002406
0.005658
0.003707
0.002862
0.002016
0.007674
0.002471
0.002862
0.001171
0.003252
0.004553
0.008910
0.002536
0.005203
0.002862
0.004553
0.001691
0.006569
0.001821
0.003512
0.001561
0.009690
0.003252
0.004422
0.001366
0.003967
0.002276
0.004032
0.001431
0.005463
0.002406
0.003122
0.004097
0.008065
0.002406
0.002666
0.000845
0.006309
0.001821
0.007869
0.001756
0.004422
0.005333
0.001691
0.002341
0.003837
0.008715
0.001561
0.002081
0.003057
0.002536
0.003447
0.006894
0.002992
0.003382
0.001886
0.002146
0.002276
0.003967
0.001691
0.002211
0.002732
0.004683
0.002927
0.003837
0.005463
0.002862
0.001691
0.003512
0.001756
0.003057
0.005008
0.001626
0.002927
0.006243
0.007089
0.002341
0.001951
0.001496
0.002732
0.004097
0.005658
0.002862
0.004292
0.003577
0.002081
0.002016
0.005138
0.001366
0.003707
0.004357
0.007154
0.001496
0.002927
0.002211
0.002471
0.002862
0.003252
0.001756
0.002797
0.005398
0.002471
0.002601
0.006113
0.001886
0.002797
0.002601
