0.145682
0.001691
0.002601
0.003967
0.003382
0.002732
0.006764
0.003512
0.002536
0.003382
0.003642
0.003902
0.003187
0.003837
0.003902
0.006634
0.006048
0.002146
0.002797
0.003512
0.002732
0.002797
0.003837
0.003642
0.002992
0.002666
0.002992
0.002406
0.002406
0.002732
0.003252
0.005463
0.004357
0.003122
0.002276
0.003967
0.002666
0.002146
0.006243
0.002081
0.002992
0.003707
0.003902
0.003057
0.004748
0.002797
0.002666
0.002732
0.003447
0.001691
0.003512
0.004097
0.002992
0.002081
0.007284
0.002992
0.002406
0.003837
0.003057
0.002601
0.007609
0.002732
0.003772
0.003577
0.004748
0.002992
0.002927
0.004292
0.003512
0.004488
0.002016
0.002471
0.003447
0.002797
0.004488
0.003512
0.003187
0.003252
0.002471
0.005593
0.002927
0.002601
0.002862
0.003577
0.002862
0.006113
0.003577
0.002927
0.002016
0.003772
0.001561
0.003057
0.003447
0.002732
0.003967
0.006634
0.002862
0.002862
0.002276
0.003642
0.003057
0.005658
0.003382
0.003512
0.002341
0.001626
0.003122
0.002146
0.007479
0.003057
0.002406
0.003252
0.004813
0.001626
0.002666
0.004292
0.002862
0.004032
0.002406
0.002666
0.002536
0.003187
0.003577
0.003837
0.004162
0.002992
0.002276
0.002666
0.002666
0.002406
0.002341
0.004618
0.002797
0.003512
0.004553
0.002797
0.002536
0.002016
0.002862
0.002797
0.005658
0.002146
0.001756
0.005073
0.003642
0.003187
0.003447
0.005788
0.003317
0.003837
0.004032
0.002797
0.003317
0.003382
0.004097
0.002797
0.003447
0.003252
0.002797
0.003967
0.005788
0.003187
0.003252
0.004032
0.002797
0.004032
0.003447
0.003122
0.002666
0.002016
0.006699
0.003512
0.004292
0.002732
0.002276
0.004618
0.002666
0.002276
0.002406
0.002992
0.002341
0.003252
0.005463
0.002211
0.002016
0.002146
0.002016
0.002732
0.005463
0.003317
0.002666
0.003902
0.003382
0.002146
0.002862
0.004683
0.002146
0.003707
0.003317
0.002992
0.004162
0.004748
0.003252
0.002862
0.003512
0.002081
0.002016
0.004748
0.002601
0.002601
0.002471
0.003447
0.002081
0.004032
0.005268
0.002927
0.002276
0.003642
0.002471
0.002341
0.004422
0.002081
0.002471
0.005723
0.003967
0.001951
0.002797
0.002536
0.002536
0.003447
0.003382
0.003122
0.002992
0.002081
0.002276
0.002601
0.005853
0.002666
0.002276
0.004422
0.005723
0.002666
0.002862
0.004227
0.002862
0.002732
0.003642
0.002406
0.002666
0.003967
0.002797
0.004618
0.004618
0.002081
0.002016
0.004748
