0.036250
0.003125
0.001944
0.003542
0.001736
0.003125
0.010556
0.005764
0.000972
0.003750
0.003611
0.004722
0.000903
0.003611
0.004306
0.015972
0.003194
0.002569
0.002708
0.005347
0.001806
0.002431
0.008750
0.005903
0.001319
0.003889
0.005000
0.003333
0.001736
0.002847
0.002361
0.009861
0.003472
0.002431
0.002778
0.004792
0.002500
0.001250
0.006319
0.003542
0.001458
0.003403
0.005694
0.004097
0.003264
0.002292
0.004722
0.003333
0.002222
0.001597
0.002431
0.003819
0.002708
0.004236
0.011181
0.004097
0.001389
0.002292
0.003472
0.002639
0.010139
0.003542
0.002500
0.003819
0.005139
0.002431
0.001944
0.006319
0.001667
0.011181
0.003403
0.006667
0.000833
0.006319
0.004861
0.004861
0.001389
0.005556
0.002917
0.010000
0.001458
0.002014
0.002153
0.004375
0.001111
0.011944
0.004444
0.008472
0.001528
0.003889
0.002014
0.005000
0.000972
0.003681
0.002917
0.014722
0.002639
0.001667
0.001875
0.004097
0.002014
0.010694
0.003472
0.004375
0.001042
0.003333
0.002917
0.003333
0.008194
0.003750
0.003889
0.004167
0.002292
0.002292
0.002500
0.004375
0.001250
0.006944
0.002153
0.003542
0.001042
0.005208
0.004306
0.002500
0.005347
0.005069
0.002639
0.003472
0.000764
0.002361
0.002847
0.003264
0.001736
0.004861
0.005903
0.003889
0.001528
0.002778
0.002500
0.002986
0.003889
0.002639
0.002014
0.009375
0.001042
0.002847
0.002778
0.010069
0.001597
0.003819
0.006667
0.004097
0.001875
0.002222
0.008194
0.002569
0.001875
0.002986
0.002361
0.007083
0.008125
0.004236
0.002222
0.003681
0.001250
0.003194
0.004792
0.003403
0.001319
0.002986
0.009792
0.003611
0.003056
0.001875
0.002778
0.005000
0.001111
0.001806
0.003056
0.002153
0.001181
0.004306
0.006042
0.003125
0.001042
0.002083
0.003194
0.003125
0.005069
0.002153
0.001667
0.006111
0.001667
0.002917
0.002847
0.010069
0.001389
0.005417
0.002778
0.004514
0.002778
0.006944
0.003264
0.003056
0.002292
0.003264
0.003472
0.006667
0.000764
0.001736
0.001736
0.004722
0.000764
0.007153
0.005903
0.004722
0.001736
0.004028
0.002153
0.003611
0.004792
0.002708
0.002292
0.010764
0.002153
0.003333
0.002431
0.002361
0.001319
0.009236
0.005000
0.003472
0.001806
0.003056
0.001736
0.002917
0.004792
0.001806
0.002917
0.006806
0.003750
0.001806
0.002917
0.002917
0.001319
0.004097
0.003194
0.004097
0.001181
0.008333
0.002500
0.003472
0.002847
0.002569
0.002083
0.003958
