0.046597
0.002500
0.003056
0.005278
0.002708
0.001597
0.010764
0.004167
0.001458
0.002014
0.003194
0.003056
0.003194
0.001597
0.005139
0.009375
0.003194
0.000903
0.002500
0.004444
0.003958
0.002014
0.010069
0.004375
0.000764
0.003264
0.005208
0.002569
0.003125
0.002292
0.004792
0.008194
0.007222
0.002361
0.006181
0.004583
0.005139
0.001667
0.010278
0.002222
0.004375
0.004583
0.006944
0.001597
0.007431
0.001181
0.006528
0.002639
0.004375
0.001597
0.005694
0.003056
0.006528
0.002917
0.015278
0.004653
0.003125
0.001667
0.003958
0.001389
0.013403
0.003194
0.005347
0.005625
0.006528
0.002708
0.001944
0.006597
0.002847
0.004583
0.001181
0.003403
0.002708
0.005764
0.003889
0.002847
0.002014
0.002917
0.001319
0.005347
0.002153
0.001181
0.001736
0.003056
0.004722
0.010347
0.002917
0.004792
0.000833
0.002500
0.000972
0.003403
0.004236
0.003125
0.001597
0.010625
0.006528
0.003542
0.001875
0.002917
0.004236
0.009444
0.001528
0.002639
0.003403
0.003819
0.002153
0.001458
0.006806
0.002222
0.002500
0.001667
0.004514
0.002153
0.001806
0.002986
0.005486
0.004861
0.002153
0.004097
0.002431
0.003958
0.003958
0.000972
0.009167
0.003681
0.001736
0.002708
0.001458
0.001319
0.002500
0.005278
0.002292
0.004583
0.005625
0.003264
0.002083
0.002014
0.003472
0.003889
0.003681
0.001806
0.005208
0.003889
0.001181
0.000347
0.001528
0.006667
0.001319
0.001875
0.005694
0.003472
0.000903
0.000556
0.008125
0.002292
0.003056
0.002153
0.004792
0.007569
0.009444
0.001806
0.003958
0.002778
0.003264
0.001458
0.007014
0.001736
0.004514
0.002639
0.011181
0.002917
0.006597
0.001181
0.007847
0.003264
0.003958
0.001250
0.004444
0.000903
0.005556
0.004931
0.006528
0.002986
0.002292
0.001806
0.003333
0.001667
0.009236
0.003681
0.004583
0.004861
0.002222
0.003611
0.001181
0.007292
0.002639
0.005764
0.001111
0.002847
0.002847
0.010139
0.002361
0.004653
0.002431
0.003750
0.001250
0.005694
0.001042
0.000972
0.000556
0.002639
0.002222
0.004583
0.004236
0.002986
0.001528
0.002361
0.001042
0.001944
0.006806
0.003889
0.002153
0.009028
0.003958
0.002917
0.001667
0.002014
0.003264
0.004236
0.004583
0.002222
0.003750
0.003681
0.001667
0.001806
0.006944
0.002292
0.001875
0.003611
0.005417
0.000972
0.001181
0.000625
0.004861
0.005972
0.001736
0.002292
0.001875
0.006875
0.001389
0.000833
0.007708
0.004514
0.002222
0.003472
