0.071667
0.001597
0.004375
0.004306
0.004653
0.003125
0.012639
0.005486
0.001667
0.001389
0.004097
0.002500
0.003958
0.002639
0.003611
0.011319
0.004167
0.001806
0.004097
0.006042
0.002431
0.002222
0.007639
0.005417
0.002083
0.004514
0.005486
0.003403
0.001528
0.001736
0.004861
0.006181
0.004931
0.001319
0.003889
0.005208
0.005278
0.002361
0.009028
0.003125
0.001875
0.002639
0.005139
0.001389
0.006389
0.002292
0.007361
0.002986
0.004722
0.000903
0.004097
0.002986
0.003403
0.002639
0.010208
0.005208
0.002986
0.001181
0.003750
0.001042
0.008681
0.003056
0.004792
0.003542
0.004028
0.001389
0.002500
0.006736
0.002569
0.008472
0.002222
0.003333
0.000694
0.002778
0.003681
0.002708
0.002083
0.005764
0.002083
0.006944
0.003194
0.003611
0.001528
0.003750
0.002222
0.009097
0.003819
0.004444
0.000764
0.002708
0.001458
0.002222
0.002778
0.002361
0.004861
0.012361
0.003819
0.001319
0.002083
0.002569
0.004028
0.013333
0.002986
0.002222
0.002292
0.002292
0.002500
0.001181
0.009653
0.004167
0.003194
0.002778
0.004444
0.002778
0.002778
0.004792
0.004583
0.004722
0.002847
0.001806
0.002014
0.004306
0.004653
0.001944
0.006458
0.002986
0.003333
0.002778
0.001806
0.001319
0.003681
0.005694
0.002778
0.004931
0.009028
0.004236
0.002292
0.000903
0.004444
0.002431
0.004236
0.003056
0.002986
0.006597
0.003542
0.001389
0.002778
0.005000
0.001597
0.002014
0.004097
0.004236
0.002431
0.002431
0.008681
0.003056
0.004097
0.001389
0.004792
0.006181
0.004444
0.000347
0.003194
0.002292
0.002431
0.001458
0.005556
0.002778
0.002222
0.000694
0.009583
0.002708
0.007431
0.002639
0.003056
0.002708
0.003542
0.000972
0.002847
0.002778
0.002361
0.003125
0.006111
0.001736
0.002569
0.001458
0.003542
0.002708
0.006875
0.001389
0.004653
0.006389
0.001875
0.001597
0.002500
0.008819
0.001944
0.004028
0.002292
0.003889
0.003056
0.005764
0.002153
0.003056
0.002153
0.002639
0.002431
0.006111
0.002083
0.002778
0.001319
0.003194
0.000972
0.004167
0.004167
0.003125
0.001528
0.004583
0.001458
0.003403
0.004722
0.001875
0.003194
0.005972
0.003333
0.001458
0.002083
0.002361
0.002083
0.005833
0.005347
0.002986
0.001736
0.002292
0.002153
0.001250
0.006111
0.002639
0.003125
0.004931
0.004653
0.001528
0.002153
0.004028
0.002708
0.003403
0.002292
0.001944
0.003611
0.008333
0.002222
0.003681
0.007014
0.003056
0.002083
0.002153
