0.057014
0.000764
0.005278
0.005903
0.001389
0.002083
0.014028
0.009097
0.000486
0.000972
0.007222
0.004236
0.001528
0.002083
0.005278
0.017153
0.003472
0.001667
0.003403
0.006528
0.000903
0.002222
0.020139
0.008958
0.000625
0.003750
0.006458
0.002083
0.001319
0.002222
0.009792
0.011944
0.003889
0.001181
0.001667
0.002986
0.005000
0.001111
0.011597
0.002222
0.000833
0.003125
0.007569
0.001042
0.017014
0.001597
0.006458
0.000903
0.005000
0.000764
0.002292
0.001528
0.003611
0.002361
0.017500
0.003750
0.001389
0.000972
0.006389
0.000694
0.011875
0.002569
0.006597
0.002222
0.002292
0.001250
0.000972
0.004861
0.001111
0.008750
0.001319
0.009236
0.000694
0.003056
0.004653
0.002083
0.000833
0.004097
0.001042
0.009514
0.001528
0.003056
0.000417
0.004653
0.002292
0.011875
0.002083
0.005972
0.000208
0.004375
0.000833
0.002431
0.002778
0.004236
0.001319
0.012847
0.002569
0.002431
0.000556
0.001042
0.005208
0.013889
0.001458
0.003750
0.001042
0.002292
0.000903
0.000625
0.011736
0.005347
0.002500
0.003194
0.005417
0.001667
0.000625
0.005764
0.006528
0.007222
0.000347
0.002847
0.001319
0.004792
0.003681
0.002361
0.015972
0.008333
0.001528
0.001042
0.000347
0.000694
0.004444
0.006181
0.001319
0.003889
0.007986
0.004861
0.000278
0.000556
0.005764
0.002847
0.003264
0.001736
0.004444
0.010069
0.001111
0.001806
0.002569
0.005972
0.000347
0.002083
0.010625
0.004167
0.001042
0.001667
0.005625
0.002708
0.001736
0.002153
0.004583
0.009028
0.006597
0.001458
0.001736
0.001319
0.003889
0.002014
0.011458
0.000833
0.000486
0.002431
0.009514
0.002222
0.007708
0.000764
0.003403
0.001389
0.003750
0.000486
0.001944
0.001042
0.001736
0.003611
0.008681
0.001736
0.000903
0.000208
0.005417
0.000486
0.006181
0.001667
0.002222
0.005069
0.002569
0.000903
0.001944
0.006319
0.001806
0.005764
0.001111
0.003472
0.001806
0.006111
0.000972
0.002083
0.001736
0.002917
0.001875
0.008542
0.001042
0.003056
0.000694
0.001736
0.001181
0.006042
0.004583
0.002222
0.000139
0.001319
0.000208
0.002708
0.003194
0.002569
0.000556
0.008681
0.003611
0.001875
0.000694
0.000556
0.001528
0.005625
0.004028
0.002222
0.003750
0.000903
0.000069
0.000903
0.006736
0.002708
0.000972
0.006111
0.006042
0.001042
0.000764
0.003333
0.002431
0.005069
0.001458
0.001597
0.000625
0.004722
0.000903
0.003958
0.008194
0.003681
0.001389
0.002014
