0.058403
0.000556
0.003750
0.003125
0.003472
0.000556
0.008403
0.003056
0.002292
0.001528
0.004306
0.004097
0.004167
0.001458
0.005278
0.010903
0.005208
0.000278
0.003403
0.005556
0.004028
0.001597
0.006875
0.005417
0.002083
0.002778
0.005000
0.002569
0.004792
0.000972
0.005625
0.006458
0.008889
0.001458
0.007222
0.004236
0.004097
0.000556
0.006667
0.001250
0.002708
0.004167
0.007986
0.002778
0.006875
0.001389
0.004931
0.002847
0.006042
0.000556
0.005069
0.001597
0.005139
0.003194
0.010417
0.004792
0.002083
0.000486
0.005486
0.002014
0.011736
0.002500
0.005556
0.005208
0.006042
0.000903
0.002569
0.006875
0.002569
0.002222
0.002361
0.004236
0.002639
0.004931
0.004653
0.004653
0.003611
0.001806
0.003819
0.006736
0.003819
0.000208
0.002847
0.004097
0.004236
0.008403
0.004583
0.004097
0.002014
0.000972
0.002500
0.002917
0.004306
0.002639
0.005208
0.010208
0.004375
0.000833
0.002917
0.003194
0.002361
0.007014
0.003333
0.002708
0.002083
0.003056
0.003958
0.001875
0.008542
0.000972
0.003194
0.002431
0.006319
0.000278
0.002778
0.004167
0.005556
0.003056
0.003403
0.001806
0.001736
0.002361
0.004653
0.001597
0.008819
0.001181
0.004028
0.001875
0.002500
0.000556
0.003889
0.005417
0.002361
0.003542
0.005417
0.003819
0.002847
0.000972
0.004028
0.003681
0.006250
0.000625
0.002917
0.005069
0.001458
0.000278
0.003542
0.009097
0.002708
0.002083
0.005903
0.003958
0.001944
0.000556
0.008750
0.001944
0.005278
0.001181
0.004236
0.004514
0.009236
0.001111
0.003819
0.002778
0.004444
0.000903
0.007014
0.001875
0.003889
0.001111
0.011806
0.003403
0.008056
0.000625
0.004792
0.002014
0.002708
0.000208
0.004097
0.001875
0.004583
0.005625
0.006944
0.004306
0.002569
0.000625
0.004722
0.001806
0.009375
0.001597
0.005764
0.005764
0.003333
0.000556
0.003611
0.010903
0.002500
0.003472
0.002083
0.003333
0.003333
0.007292
0.002708
0.005556
0.003472
0.000972
0.002361
0.005069
0.002917
0.000139
0.001806
0.003125
0.003611
0.003194
0.007569
0.004236
0.002292
0.000833
0.001736
0.001250
0.006389
0.001042
0.004653
0.006389
0.005208
0.000556
0.001875
0.001458
0.002917
0.003125
0.004722
0.001944
0.002639
0.002292
0.002431
0.002014
0.007361
0.000764
0.002778
0.004792
0.006944
0.000278
0.002292
0.002569
0.003333
0.003194
0.003958
0.002431
0.003056
0.005000
0.002778
0.001042
0.008056
0.000764
0.004097
0.002778
