0.055000
0.000625
0.005278
0.003264
0.006319
0.001250
0.012569
0.002222
0.001319
0.000625
0.005694
0.001667
0.004583
0.000833
0.006458
0.010764
0.008542
0.000486
0.007222
0.003681
0.002986
0.000764
0.009514
0.002917
0.002500
0.002917
0.010417
0.001944
0.003125
0.000764
0.008403
0.005764
0.007153
0.000347
0.004514
0.003264
0.007014
0.000764
0.011458
0.002569
0.001875
0.002778
0.008472
0.002014
0.008819
0.000625
0.005833
0.002639
0.009028
0.000486
0.005764
0.001319
0.005139
0.000694
0.012431
0.002222
0.003889
0.000694
0.006944
0.000903
0.010208
0.000625
0.006319
0.002153
0.003333
0.000417
0.003056
0.004306
0.004861
0.003056
0.003958
0.002569
0.001458
0.002500
0.006042
0.000903
0.002986
0.001319
0.005139
0.004375
0.005139
0.000556
0.003333
0.002847
0.002500
0.006389
0.004028
0.002986
0.001806
0.000694
0.004028
0.001111
0.002500
0.000556
0.004931
0.005694
0.004722
0.000764
0.003125
0.002153
0.006667
0.007639
0.004722
0.002222
0.003611
0.001181
0.003472
0.000972
0.009028
0.001250
0.003750
0.002083
0.011597
0.001597
0.003958
0.004583
0.005556
0.003542
0.003958
0.001181
0.003819
0.002431
0.005556
0.000556
0.007153
0.000486
0.004583
0.002500
0.002014
0.000139
0.004028
0.002292
0.003403
0.004306
0.009861
0.002361
0.002708
0.000278
0.005069
0.001528
0.008194
0.001042
0.006944
0.005069
0.003681
0.000139
0.005694
0.006806
0.002153
0.000625
0.009028
0.002847
0.005833
0.000556
0.013542
0.001806
0.005208
0.000625
0.006111
0.004028
0.009028
0.000625
0.003750
0.001042
0.003611
0.000903
0.007778
0.001806
0.002569
0.000208
0.012292
0.001389
0.010069
0.000556
0.007500
0.002778
0.004306
0.000764
0.005139
0.000972
0.003125
0.003681
0.007361
0.002431
0.005833
0.000278
0.006181
0.001181
0.005556
0.000833
0.004722
0.004444
0.001806
0.000417
0.002222
0.004722
0.002292
0.002847
0.005000
0.001597
0.002153
0.006875
0.002847
0.001111
0.007361
0.001042
0.003472
0.004722
0.002292
0.000208
0.002431
0.000972
0.001944
0.002778
0.006458
0.001736
0.003819
0.000625
0.003056
0.001597
0.003194
0.000556
0.003472
0.004514
0.004653
0.001111
0.002569
0.001042
0.003542
0.002986
0.005972
0.001389
0.002639
0.000764
0.003194
0.001389
0.011667
0.001597
0.003819
0.005833
0.009722
0.000764
0.002431
0.001181
0.002986
0.002431
0.004097
0.001250
0.006667
0.006875
0.003958
0.000625
0.006806
0.000625
0.003403
0.002083
