0.063333
0.000486
0.002708
0.005278
0.002014
0.001597
0.019097
0.005694
0.000069
0.001250
0.006944
0.002569
0.001111
0.002500
0.004444
0.015347
0.002986
0.000556
0.002292
0.007847
0.000556
0.000903
0.022569
0.008125
0.000417
0.003194
0.004792
0.002083
0.000972
0.001944
0.008889
0.011944
0.004792
0.000903
0.003194
0.004375
0.005833
0.000625
0.014097
0.000972
0.000972
0.004028
0.004861
0.000278
0.009653
0.001944
0.008056
0.000764
0.002083
0.000625
0.001528
0.001806
0.001528
0.003056
0.014236
0.001458
0.000625
0.000417
0.002222
0.000347
0.009861
0.002014
0.005556
0.001042
0.003056
0.001528
0.000556
0.006528
0.001319
0.016250
0.000972
0.008056
0.000486
0.010139
0.003611
0.000833
0.000833
0.013194
0.001111
0.015347
0.001111
0.003611
0.000833
0.007917
0.001806
0.014653
0.001944
0.005069
0.000278
0.008194
0.000972
0.002153
0.002431
0.008403
0.001528
0.013681
0.004167
0.001528
0.000278
0.001181
0.003264
0.012361
0.000347
0.002292
0.002917
0.009167
0.000625
0.000208
0.012778
0.006042
0.001389
0.002292
0.004375
0.002361
0.000833
0.003472
0.005000
0.014306
0.000486
0.001528
0.000972
0.007431
0.002292
0.000694
0.009375
0.006528
0.000972
0.000903
0.000347
0.000417
0.001667
0.005486
0.000625
0.005278
0.008125
0.003264
0.000139
0.000625
0.005278
0.002153
0.003542
0.000972
0.001944
0.008542
0.000208
0.000556
0.001528
0.007222
0.000278
0.001181
0.013194
0.004236
0.000417
0.000486
0.006875
0.001806
0.000972
0.000556
0.005486
0.009236
0.005139
0.001042
0.002222
0.001181
0.001250
0.001250
0.007986
0.000972
0.000764
0.002708
0.008472
0.000694
0.007153
0.000833
0.003056
0.000625
0.001875
0.000972
0.002292
0.001389
0.001181
0.004653
0.006806
0.000833
0.001250
0.000278
0.001111
0.000694
0.004306
0.000972
0.002500
0.004653
0.000556
0.002361
0.000417
0.007639
0.000417
0.013125
0.001736
0.003403
0.000278
0.008403
0.001319
0.000833
0.000903
0.002778
0.001389
0.010069
0.000069
0.004444
0.000903
0.006667
0.001042
0.010486
0.004236
0.003472
0.000069
0.005069
0.000139
0.001597
0.004097
0.003472
0.000972
0.006875
0.006250
0.002986
0.000417
0.000347
0.002292
0.007292
0.003264
0.000764
0.002083
0.006875
0.000278
0.000139
0.005903
0.002847
0.000417
0.004722
0.006319
0.003056
0.001181
0.001111
0.002917
0.012778
0.000625
0.001458
0.001042
0.007292
0.000417
0.000625
0.007361
0.002569
0.000556
0.001806
