0.048889
0.000903
0.005903
0.004931
0.004306
0.000833
0.014583
0.005972
0.001458
0.001111
0.005903
0.002847
0.003819
0.001181
0.005278
0.011528
0.004792
0.000833
0.004236
0.005417
0.004097
0.001181
0.019028
0.007014
0.002917
0.003889
0.007917
0.002708
0.003681
0.001111
0.009931
0.008681
0.004792
0.001111
0.004514
0.004375
0.004931
0.001111
0.011319
0.003056
0.001875
0.003681
0.006944
0.001736
0.008403
0.001389
0.007639
0.002431
0.005625
0.001042
0.003056
0.002014
0.006597
0.001319
0.012639
0.002778
0.002222
0.000903
0.006458
0.001944
0.008681
0.000903
0.007083
0.002500
0.003194
0.001597
0.002847
0.003889
0.002847
0.007431
0.002569
0.004236
0.001458
0.003333
0.004444
0.002083
0.001944
0.001736
0.002222
0.004722
0.003819
0.000625
0.002431
0.003056
0.002847
0.008750
0.003958
0.003681
0.001319
0.001944
0.002222
0.002014
0.002500
0.001250
0.003125
0.008542
0.005486
0.001389
0.001597
0.001667
0.004931
0.010972
0.003333
0.003264
0.002431
0.001806
0.001667
0.001181
0.010347
0.002292
0.002569
0.002222
0.008403
0.001042
0.001528
0.003819
0.005972
0.004583
0.002778
0.002222
0.002778
0.003681
0.004028
0.001458
0.007708
0.002222
0.002500
0.001528
0.001944
0.000903
0.004306
0.002917
0.002639
0.004236
0.010694
0.002153
0.002569
0.000208
0.005764
0.002569
0.007222
0.001389
0.004514
0.007292
0.001389
0.000417
0.004792
0.007083
0.002431
0.000903
0.011042
0.003611
0.002361
0.000694
0.010278
0.003264
0.004722
0.000694
0.005556
0.008194
0.006389
0.001319
0.003750
0.002083
0.003056
0.001667
0.009792
0.001736
0.002500
0.000417
0.011944
0.002292
0.010208
0.001111
0.003958
0.003125
0.003681
0.000347
0.002708
0.001667
0.003403
0.004583
0.010417
0.002778
0.002014
0.000625
0.004931
0.001319
0.008333
0.000833
0.005347
0.005417
0.001458
0.000833
0.002292
0.005833
0.002292
0.003958
0.002500
0.001389
0.001806
0.007292
0.002500
0.001875
0.004931
0.000833
0.002569
0.005764
0.000833
0.000556
0.002222
0.002431
0.001458
0.004028
0.004653
0.001806
0.001389
0.001111
0.002361
0.001806
0.004028
0.001667
0.003125
0.004722
0.003194
0.001042
0.001250
0.001875
0.003472
0.004375
0.004861
0.001875
0.003611
0.001667
0.001944
0.000625
0.010694
0.001181
0.001528
0.004653
0.010486
0.000764
0.001111
0.001111
0.003611
0.004722
0.003611
0.001736
0.003889
0.007500
0.001111
0.001389
0.007639
0.001806
0.002708
0.002153
