0.057222
0.000833
0.006250
0.006319
0.001250
0.002361
0.013611
0.007639
0.000139
0.001458
0.007778
0.003056
0.000833
0.002361
0.007361
0.017639
0.002778
0.001319
0.002153
0.008472
0.001736
0.001458
0.012847
0.008958
0.000764
0.004583
0.007014
0.003125
0.001111
0.001806
0.012292
0.008819
0.004236
0.000764
0.002917
0.003125
0.005486
0.001181
0.015208
0.001736
0.000972
0.002639
0.007153
0.001042
0.009861
0.001806
0.007500
0.001319
0.003472
0.000556
0.001389
0.001597
0.004653
0.001389
0.010486
0.003264
0.002778
0.001389
0.007500
0.000972
0.012153
0.001944
0.006806
0.001458
0.003056
0.002222
0.002847
0.005278
0.001389
0.010139
0.001250
0.010694
0.000278
0.004722
0.004097
0.002153
0.000417
0.006806
0.001181
0.012569
0.000903
0.001667
0.001250
0.006458
0.001458
0.009653
0.002083
0.003750
0.000417
0.006389
0.001389
0.002292
0.002222
0.005694
0.002014
0.009583
0.002917
0.001875
0.000417
0.001042
0.005139
0.012083
0.002431
0.003056
0.002014
0.002153
0.001458
0.000417
0.009861
0.003819
0.002431
0.001458
0.004514
0.002222
0.000486
0.004097
0.005556
0.006667
0.001319
0.001736
0.001458
0.007153
0.003819
0.000903
0.013958
0.005347
0.002431
0.000903
0.000417
0.000833
0.004653
0.005556
0.000556
0.005764
0.007292
0.003333
0.000625
0.000486
0.006944
0.006458
0.003889
0.001458
0.004653
0.009583
0.000694
0.001597
0.003472
0.009722
0.000556
0.002222
0.009583
0.004514
0.000417
0.001250
0.010347
0.004028
0.001736
0.001597
0.008611
0.008403
0.005694
0.000208
0.001736
0.001597
0.001944
0.001181
0.008889
0.001389
0.001250
0.000764
0.008681
0.002222
0.006528
0.001042
0.003125
0.001667
0.002917
0.000417
0.003333
0.001389
0.002222
0.003333
0.007292
0.002153
0.001667
0.000625
0.006250
0.001181
0.008542
0.001806
0.003958
0.003819
0.001528
0.002431
0.001667
0.004722
0.000694
0.008750
0.002083
0.004167
0.000764
0.007361
0.001042
0.003056
0.000694
0.003750
0.001597
0.009097
0.000694
0.001806
0.000972
0.002639
0.000625
0.006319
0.004514
0.002292
0.000278
0.003750
0.000556
0.004028
0.004861
0.003056
0.002292
0.006042
0.003403
0.001944
0.000069
0.000347
0.001528
0.009375
0.005000
0.000764
0.002083
0.001944
0.000208
0.000625
0.004861
0.002431
0.000903
0.005208
0.005347
0.000903
0.001319
0.001042
0.002153
0.006111
0.001528
0.000972
0.001458
0.007778
0.001111
0.000694
0.009097
0.003542
0.001111
0.001389
