0.056111
0.000278
0.004375
0.006458
0.001667
0.000903
0.015556
0.005625
0.000347
0.000694
0.006736
0.004167
0.001528
0.000833
0.009444
0.016875
0.004653
0.000694
0.003194
0.011736
0.001319
0.001042
0.011042
0.007778
0.001667
0.002639
0.007361
0.001597
0.001181
0.001181
0.008681
0.014167
0.004097
0.000486
0.002917
0.004514
0.004722
0.001181
0.015347
0.002014
0.001944
0.003681
0.006736
0.002639
0.010764
0.000694
0.011736
0.001181
0.005139
0.000208
0.002778
0.002222
0.005139
0.001111
0.011111
0.001389
0.001736
0.000417
0.005069
0.001042
0.011389
0.000625
0.005833
0.002292
0.002708
0.001111
0.001875
0.006042
0.001319
0.010764
0.001667
0.008542
0.000486
0.004097
0.003889
0.002639
0.000694
0.006806
0.001944
0.014583
0.002222
0.003194
0.001528
0.006111
0.001736
0.014931
0.001528
0.004722
0.000278
0.002986
0.001736
0.001319
0.001597
0.004514
0.002708
0.010833
0.003194
0.001181
0.000764
0.001250
0.004236
0.010556
0.001111
0.002708
0.001806
0.002917
0.001458
0.000833
0.012292
0.002917
0.002361
0.000625
0.005833
0.001389
0.001042
0.004444
0.006667
0.013264
0.000694
0.001319
0.001042
0.003194
0.004306
0.000625
0.010069
0.005486
0.001736
0.001181
0.000556
0.000069
0.005903
0.006319
0.001111
0.002917
0.007569
0.004097
0.000625
0.000000
0.005278
0.003750
0.005486
0.000139
0.004722
0.009375
0.001389
0.000764
0.003403
0.012778
0.000972
0.001181
0.007847
0.005972
0.001181
0.000417
0.007153
0.001875
0.001944
0.000556
0.005833
0.009653
0.005278
0.000556
0.003056
0.000972
0.002500
0.001250
0.010208
0.001806
0.001597
0.000556
0.007222
0.002083
0.009028
0.001042
0.004514
0.002431
0.004375
0.000278
0.004583
0.000903
0.002778
0.004375
0.009028
0.002083
0.001736
0.000208
0.004653
0.000764
0.005833
0.000278
0.002639
0.003819
0.001042
0.001181
0.001806
0.006667
0.001111
0.009028
0.001250
0.004236
0.000556
0.008611
0.001667
0.002569
0.001944
0.001667
0.001597
0.008333
0.000694
0.002917
0.001736
0.004514
0.001250
0.009028
0.004583
0.004167
0.000486
0.002083
0.001458
0.002500
0.003403
0.002361
0.002222
0.006319
0.004514
0.002014
0.000903
0.000208
0.001875
0.005486
0.005069
0.000903
0.002431
0.002292
0.000625
0.000833
0.007708
0.000903
0.001181
0.004931
0.008056
0.001528
0.001597
0.001389
0.003542
0.006250
0.001667
0.001042
0.000764
0.005208
0.001319
0.001319
0.005417
0.002014
0.001597
0.001875
