0.037986
0.001250
0.001806
0.001528
0.003889
0.002292
0.009167
0.001111
0.001528
0.002500
0.006528
0.000972
0.002222
0.002292
0.003611
0.009236
0.004306
0.001528
0.002569
0.003958
0.002917
0.002708
0.004722
0.002708
0.002708
0.004306
0.007569
0.001181
0.002500
0.002292
0.004514
0.003264
0.009514
0.001736
0.002292
0.002431
0.010417
0.002500
0.009861
0.000694
0.003681
0.005278
0.008889
0.000903
0.010903
0.002153
0.006875
0.000347
0.008125
0.001319
0.004097
0.000556
0.007708
0.002569
0.010764
0.000556
0.003333
0.002431
0.005486
0.000833
0.014375
0.002222
0.006181
0.000625
0.005000
0.002847
0.001389
0.003056
0.003125
0.004514
0.002500
0.001389
0.001736
0.007222
0.005764
0.001181
0.002500
0.004236
0.002639
0.003542
0.002431
0.002361
0.001250
0.001597
0.003542
0.010139
0.002708
0.001458
0.001389
0.004167
0.004306
0.001250
0.003333
0.003542
0.004167
0.006944
0.008194
0.003750
0.001597
0.000278
0.008542
0.011389
0.002292
0.000486
0.002431
0.005764
0.003472
0.000278
0.011319
0.004167
0.002708
0.000486
0.008333
0.003264
0.002500
0.003958
0.007431
0.009583
0.001806
0.000972
0.003611
0.007292
0.004722
0.000347
0.011875
0.006389
0.003611
0.000278
0.001736
0.001250
0.003681
0.002014
0.003889
0.005486
0.005972
0.001389
0.001875
0.001667
0.003611
0.000972
0.006111
0.002361
0.004097
0.003125
0.001458
0.001458
0.003403
0.008194
0.002292
0.002361
0.006181
0.002014
0.001736
0.001458
0.008403
0.000556
0.003889
0.001528
0.002917
0.002361
0.008958
0.001806
0.003194
0.000417
0.006042
0.002431
0.007917
0.001597
0.005208
0.002083
0.009236
0.000347
0.010764
0.002222
0.006458
0.000833
0.005000
0.001458
0.003681
0.000000
0.005208
0.005208
0.007917
0.001042
0.005694
0.001181
0.004097
0.000208
0.010625
0.002917
0.004028
0.003333
0.002778
0.003264
0.002778
0.006597
0.002708
0.005625
0.002569
0.002153
0.002431
0.008125
0.002639
0.000764
0.003403
0.003542
0.002431
0.002986
0.001389
0.002708
0.002361
0.001111
0.002708
0.005625
0.006458
0.000972
0.001597
0.003194
0.001736
0.000556
0.006042
0.002569
0.002986
0.001667
0.006042
0.003681
0.002361
0.000000
0.005208
0.007292
0.005625
0.000625
0.004306
0.005278
0.002153
0.000208
0.008819
0.004097
0.002569
0.003889
0.009792
0.003125
0.001944
0.000556
0.005069
0.008125
0.003958
0.001111
0.003333
0.007917
0.002569
0.000556
0.012569
0.003958
0.002083
0.000486
