0.060486
0.001319
0.002292
0.004167
0.002917
0.001667
0.009931
0.004028
0.000833
0.002569
0.002917
0.001736
0.003125
0.001736
0.005278
0.012569
0.003958
0.000903
0.001736
0.005347
0.002292
0.002153
0.004306
0.008264
0.001806
0.004583
0.004028
0.001319
0.001319
0.002222
0.003611
0.007431
0.005556
0.002014
0.002778
0.004167
0.006597
0.000694
0.007361
0.001319
0.002014
0.002708
0.005694
0.001736
0.011389
0.001250
0.005278
0.001389
0.005208
0.000694
0.002917
0.002014
0.004792
0.003125
0.009583
0.004097
0.001597
0.001875
0.003750
0.001042
0.012847
0.003889
0.004375
0.003056
0.005556
0.002778
0.002222
0.005833
0.001319
0.010625
0.001458
0.003889
0.001944
0.005000
0.005069
0.002569
0.001042
0.006875
0.001944
0.009514
0.001111
0.002847
0.001458
0.004167
0.003750
0.010069
0.001944
0.005278
0.001042
0.004097
0.001528
0.001111
0.003472
0.007361
0.001875
0.014653
0.005069
0.001806
0.001042
0.002361
0.005556
0.010833
0.002083
0.003194
0.002778
0.004653
0.001736
0.001528
0.012153
0.006042
0.003681
0.001667
0.005625
0.001875
0.001597
0.005139
0.010764
0.008125
0.001181
0.002083
0.001875
0.005417
0.003681
0.001042
0.014236
0.009444
0.002153
0.001806
0.000833
0.001319
0.001458
0.003403
0.001458
0.004792
0.004861
0.002778
0.001389
0.001389
0.001528
0.002083
0.004236
0.002778
0.002222
0.006528
0.001389
0.001667
0.001458
0.007431
0.001597
0.002569
0.005278
0.003333
0.002222
0.001667
0.006181
0.001806
0.002500
0.001597
0.003472
0.006042
0.007292
0.002222
0.001944
0.001528
0.004167
0.001944
0.005069
0.001597
0.002292
0.001528
0.007222
0.001458
0.008611
0.001667
0.002708
0.002431
0.003611
0.000694
0.003403
0.002014
0.002500
0.004097
0.006250
0.002014
0.003056
0.000694
0.003681
0.001806
0.007778
0.002708
0.003125
0.004514
0.002639
0.003472
0.001736
0.007292
0.001111
0.009931
0.002639
0.003750
0.001736
0.005903
0.001667
0.002014
0.002292
0.004028
0.002778
0.008056
0.001042
0.002639
0.001042
0.002014
0.001597
0.006250
0.005139
0.003681
0.000833
0.002083
0.001111
0.001806
0.005764
0.004306
0.001944
0.007361
0.004861
0.002708
0.001250
0.000764
0.002431
0.006250
0.005069
0.001389
0.004444
0.002847
0.000764
0.001528
0.009861
0.003750
0.002153
0.004722
0.007292
0.002153
0.001458
0.001667
0.005278
0.008958
0.001389
0.001806
0.002083
0.006042
0.001597
0.001319
0.010069
0.005486
0.001458
0.003333
