0.057014
0.001250
0.001597
0.004375
0.001875
0.002639
0.012986
0.003819
0.002153
0.003125
0.005278
0.002431
0.001806
0.003889
0.002569
0.014028
0.003611
0.002083
0.001597
0.006528
0.001806
0.001389
0.012778
0.006111
0.001806
0.004653
0.009028
0.002361
0.000972
0.002500
0.003403
0.010694
0.006111
0.001389
0.001319
0.004375
0.003819
0.001597
0.012361
0.002431
0.001458
0.005000
0.010208
0.001944
0.005000
0.002292
0.003403
0.002222
0.003264
0.001250
0.001250
0.002292
0.002153
0.002500
0.014792
0.004028
0.001250
0.003403
0.004861
0.001667
0.012847
0.002431
0.004375
0.003056
0.003889
0.001597
0.001806
0.006319
0.001667
0.007708
0.002153
0.005486
0.001944
0.007500
0.004792
0.002431
0.001111
0.004236
0.001667
0.008681
0.002292
0.001181
0.002500
0.004722
0.001667
0.011458
0.003750
0.004722
0.000833
0.003611
0.003264
0.002500
0.001597
0.001944
0.002917
0.014375
0.002222
0.001736
0.001736
0.001806
0.002361
0.009375
0.004097
0.003125
0.001111
0.003819
0.002361
0.001597
0.009167
0.002153
0.003333
0.003194
0.006111
0.000903
0.002708
0.004514
0.002153
0.004444
0.003125
0.002153
0.001389
0.006389
0.005833
0.002500
0.004306
0.001667
0.002292
0.001806
0.000694
0.001250
0.002361
0.004653
0.001528
0.005903
0.008819
0.003542
0.001250
0.001528
0.008194
0.002222
0.004653
0.001875
0.001319
0.009792
0.001458
0.002083
0.001597
0.008819
0.001875
0.002708
0.008819
0.003333
0.002153
0.001806
0.011250
0.003056
0.001319
0.001528
0.003264
0.008194
0.011250
0.001528
0.001736
0.001736
0.003264
0.002500
0.005625
0.001875
0.002083
0.002500
0.015556
0.002222
0.004306
0.001875
0.002500
0.002639
0.004028
0.001250
0.003194
0.001181
0.001319
0.006250
0.007639
0.002153
0.001875
0.001806
0.006250
0.001389
0.004097
0.001597
0.002083
0.005833
0.000972
0.002222
0.002569
0.008194
0.001736
0.004931
0.004375
0.003125
0.002222
0.011597
0.003333
0.001806
0.001736
0.002014
0.002292
0.004653
0.001042
0.002083
0.001597
0.005000
0.001736
0.005833
0.006528
0.002083
0.001181
0.004653
0.001181
0.002083
0.004722
0.001458
0.001528
0.008056
0.003403
0.001944
0.001042
0.001806
0.002083
0.005208
0.006111
0.001875
0.003125
0.004583
0.001528
0.001528
0.004514
0.000903
0.001806
0.004861
0.006597
0.002014
0.003889
0.002222
0.002361
0.004375
0.004236
0.001736
0.001736
0.007917
0.002639
0.003194
0.003403
0.001458
0.001458
0.003611
