0.073472
0.001458
0.004653
0.004375
0.004167
0.004097
0.012569
0.005208
0.001528
0.001111
0.003819
0.002639
0.003681
0.002778
0.003958
0.011389
0.003819
0.002569
0.003750
0.005208
0.002222
0.002361
0.006389
0.005764
0.001736
0.004444
0.005347
0.003125
0.002014
0.002500
0.005556
0.006181
0.004444
0.001111
0.003958
0.005486
0.004861
0.002292
0.009167
0.003611
0.001875
0.002500
0.005417
0.001389
0.007292
0.002222
0.006597
0.002639
0.005000
0.001111
0.004792
0.003681
0.003750
0.002708
0.010208
0.005000
0.003403
0.001042
0.003542
0.001181
0.008889
0.002847
0.004653
0.003056
0.003750
0.001250
0.002708
0.006875
0.002917
0.008819
0.002222
0.002292
0.001250
0.002847
0.003125
0.002361
0.002014
0.004722
0.002639
0.006736
0.003889
0.002986
0.001458
0.004583
0.002292
0.009514
0.003403
0.004097
0.001111
0.003056
0.001875
0.002431
0.002153
0.001875
0.004444
0.011944
0.004028
0.001597
0.002500
0.002708
0.003681
0.013889
0.003333
0.002083
0.001667
0.002986
0.002500
0.001458
0.009444
0.004375
0.003194
0.002986
0.004167
0.003056
0.002986
0.004722
0.004861
0.003819
0.002708
0.002014
0.001875
0.004167
0.004722
0.001667
0.005903
0.003194
0.002917
0.003125
0.001736
0.001250
0.003611
0.005347
0.002708
0.004722
0.008611
0.004514
0.002153
0.000764
0.003750
0.002639
0.004583
0.003264
0.003611
0.006736
0.003333
0.001458
0.002778
0.005417
0.001458
0.002014
0.003472
0.003542
0.002986
0.002917
0.009306
0.002986
0.003611
0.001528
0.004306
0.005764
0.004861
0.000417
0.002708
0.002569
0.002292
0.001250
0.006111
0.002778
0.002569
0.000625
0.010000
0.002500
0.007292
0.002569
0.003542
0.002778
0.002986
0.000903
0.003125
0.002083
0.002500
0.003681
0.005903
0.002361
0.002153
0.001250
0.003056
0.002361
0.007014
0.001319
0.004375
0.006736
0.002292
0.001389
0.003056
0.008611
0.001667
0.004514
0.002569
0.003958
0.002500
0.005486
0.002153
0.002500
0.002500
0.002986
0.002014
0.005903
0.002083
0.002500
0.001458
0.002847
0.001250
0.003958
0.005208
0.002917
0.001250
0.004097
0.001181
0.002986
0.005833
0.002014
0.003611
0.005972
0.003194
0.001458
0.001875
0.002014
0.002083
0.005000
0.005347
0.003056
0.001875
0.001736
0.002292
0.001806
0.006111
0.002917
0.002847
0.004861
0.005208
0.001806
0.001944
0.004653
0.002778
0.002986
0.002361
0.001458
0.003472
0.007917
0.002569
0.003681
0.006389
0.002986
0.002500
0.002431
