0.057708
0.000903
0.001806
0.008264
0.001944
0.001944
0.010972
0.006111
0.000694
0.001875
0.005972
0.003819
0.001736
0.002708
0.007222
0.015000
0.002431
0.000833
0.001806
0.007014
0.001806
0.001597
0.008750
0.009097
0.000208
0.003542
0.002917
0.002361
0.000417
0.001667
0.007569
0.012083
0.004583
0.001319
0.001250
0.004167
0.004444
0.000972
0.009306
0.001944
0.001528
0.004306
0.006042
0.001042
0.009722
0.001250
0.009792
0.000833
0.003681
0.000694
0.002639
0.002153
0.003333
0.002361
0.012431
0.002847
0.000972
0.001042
0.002083
0.001181
0.012500
0.001806
0.002014
0.001875
0.003750
0.003681
0.000417
0.010556
0.001458
0.010833
0.000625
0.010208
0.000972
0.006736
0.003125
0.002431
0.001042
0.008958
0.001667
0.011806
0.000486
0.002361
0.000694
0.009653
0.003056
0.018056
0.002569
0.006736
0.000139
0.004028
0.000764
0.003681
0.001250
0.004722
0.001667
0.015833
0.005000
0.002847
0.000417
0.001806
0.004028
0.012014
0.001458
0.002292
0.002292
0.005764
0.001319
0.000833
0.010486
0.004167
0.002708
0.001458
0.004444
0.001319
0.001111
0.004861
0.006319
0.015486
0.000556
0.002222
0.001111
0.004722
0.002431
0.001250
0.013264
0.006875
0.000903
0.001319
0.000347
0.000556
0.002222
0.006111
0.001111
0.004722
0.007222
0.003333
0.000764
0.000486
0.003125
0.006250
0.004583
0.002153
0.002014
0.009444
0.000694
0.000972
0.002222
0.009792
0.001042
0.001806
0.008333
0.003681
0.000139
0.000764
0.004236
0.003472
0.001111
0.001042
0.002083
0.009861
0.005972
0.000972
0.000764
0.001944
0.001458
0.001250
0.008472
0.001389
0.000903
0.000903
0.005764
0.001250
0.006944
0.001667
0.003264
0.001736
0.002708
0.001181
0.002569
0.000833
0.001319
0.004792
0.006458
0.000833
0.000903
0.000417
0.001458
0.001597
0.005000
0.001042
0.002153
0.004375
0.001250
0.003056
0.000694
0.009444
0.000486
0.006667
0.001458
0.003819
0.001528
0.008681
0.000556
0.003681
0.002222
0.004931
0.001458
0.011667
0.000556
0.002986
0.000556
0.007917
0.001528
0.010069
0.004028
0.004028
0.000139
0.003750
0.000347
0.006319
0.004097
0.004167
0.001111
0.009444
0.005069
0.003194
0.000278
0.001181
0.002569
0.005903
0.004306
0.000972
0.003750
0.003681
0.000208
0.001042
0.008819
0.002431
0.001458
0.005833
0.006528
0.002292
0.000764
0.001875
0.003403
0.009236
0.001250
0.001458
0.001389
0.006944
0.000208
0.001458
0.006111
0.003056
0.000347
0.002431
