0.059167
0.000764
0.003125
0.005000
0.004097
0.001528
0.010139
0.003472
0.001806
0.001111
0.003750
0.003681
0.005486
0.001458
0.003542
0.014097
0.005764
0.001944
0.003611
0.004444
0.004653
0.001181
0.013958
0.004583
0.002986
0.003681
0.005347
0.001736
0.003611
0.001389
0.006944
0.010833
0.005903
0.001389
0.002847
0.006181
0.008542
0.001250
0.006458
0.002847
0.002292
0.003542
0.006597
0.002153
0.007917
0.001389
0.004167
0.003194
0.006597
0.001042
0.002986
0.003542
0.005833
0.000972
0.012222
0.003611
0.004444
0.001736
0.004167
0.001528
0.010764
0.001458
0.004931
0.004167
0.004514
0.001181
0.002708
0.006736
0.003819
0.003194
0.003333
0.004028
0.002361
0.002639
0.004653
0.003264
0.003542
0.001458
0.003333
0.005833
0.002778
0.000625
0.001597
0.002847
0.002361
0.007639
0.003403
0.005069
0.001181
0.001250
0.001875
0.002361
0.003750
0.002361
0.004167
0.010764
0.003889
0.000625
0.002847
0.002639
0.004861
0.008750
0.003611
0.002986
0.002639
0.001181
0.002986
0.001181
0.009583
0.001458
0.003125
0.002153
0.007847
0.000694
0.002361
0.004375
0.006944
0.002917
0.002014
0.002500
0.003819
0.003472
0.005417
0.001667
0.008611
0.001111
0.002222
0.002292
0.002083
0.000972
0.003750
0.004236
0.002361
0.003958
0.006667
0.003333
0.002083
0.000347
0.004306
0.003472
0.008056
0.001181
0.003750
0.007292
0.003472
0.001597
0.003194
0.006736
0.001806
0.001389
0.008611
0.002847
0.003194
0.001458
0.006319
0.002014
0.004792
0.001944
0.005208
0.008889
0.009097
0.001181
0.002500
0.002153
0.005069
0.001528
0.008403
0.002222
0.002639
0.002014
0.009097
0.002778
0.008611
0.001528
0.004375
0.002292
0.004167
0.000556
0.003403
0.001528
0.003681
0.005833
0.006389
0.002708
0.004514
0.001250
0.003542
0.001875
0.008542
0.001250
0.004653
0.007153
0.002153
0.001319
0.003958
0.006875
0.001667
0.002361
0.002986
0.002292
0.002986
0.007292
0.003056
0.002639
0.003125
0.001250
0.001667
0.005139
0.001597
0.001667
0.002431
0.003194
0.002083
0.003611
0.005833
0.002986
0.001667
0.000556
0.002431
0.002222
0.005486
0.001181
0.003750
0.006528
0.003264
0.000764
0.002292
0.001528
0.002361
0.003819
0.005694
0.002083
0.002847
0.000694
0.001597
0.001250
0.006806
0.001458
0.001806
0.005069
0.008125
0.000347
0.001667
0.001181
0.004583
0.004097
0.002708
0.001944
0.002569
0.005903
0.002431
0.002431
0.007153
0.001042
0.002431
0.003264
