0.058611
0.000278
0.002500
0.005972
0.001250
0.002153
0.010625
0.006111
0.000694
0.000556
0.005903
0.003611
0.001528
0.001736
0.006319
0.011042
0.003542
0.000833
0.002639
0.007708
0.000972
0.000694
0.016944
0.011528
0.000347
0.005556
0.006042
0.002361
0.000486
0.001597
0.009097
0.017778
0.004306
0.000139
0.002986
0.003958
0.009653
0.002708
0.012083
0.001042
0.002083
0.003403
0.009653
0.000278
0.014167
0.001806
0.012639
0.001181
0.003681
0.000625
0.005000
0.000764
0.004375
0.001181
0.017083
0.001250
0.001181
0.001389
0.005833
0.000208
0.012778
0.001181
0.007014
0.000694
0.003056
0.001597
0.001250
0.006875
0.000764
0.011944
0.001181
0.007986
0.001250
0.006389
0.005278
0.002917
0.000625
0.007083
0.001389
0.010764
0.000417
0.002639
0.000208
0.008056
0.001042
0.012986
0.002847
0.004375
0.000000
0.008333
0.000694
0.004306
0.000417
0.004722
0.001806
0.014514
0.002014
0.000625
0.001250
0.000903
0.002847
0.011944
0.002500
0.000972
0.003403
0.004236
0.001319
0.000278
0.010278
0.003750
0.002431
0.001111
0.003194
0.001944
0.000764
0.003611
0.007639
0.008125
0.001042
0.001458
0.001042
0.007222
0.003542
0.000764
0.010069
0.007431
0.002014
0.001111
0.000069
0.000208
0.004861
0.005972
0.000625
0.005069
0.007361
0.003403
0.000347
0.000278
0.003819
0.006875
0.003194
0.000694
0.003333
0.009375
0.000833
0.000903
0.002083
0.007292
0.000833
0.002431
0.007986
0.004514
0.000625
0.000903
0.005556
0.002361
0.000972
0.001528
0.004514
0.008542
0.007222
0.000139
0.004236
0.000694
0.005486
0.001111
0.012014
0.000347
0.001042
0.000486
0.011806
0.000556
0.007917
0.000903
0.006111
0.001389
0.001389
0.000139
0.003750
0.000208
0.001250
0.005625
0.009792
0.000764
0.002361
0.000347
0.003681
0.000069
0.005417
0.000764
0.004236
0.003958
0.000417
0.001528
0.001528
0.008333
0.000694
0.008750
0.001111
0.005347
0.000486
0.009931
0.002778
0.002083
0.000208
0.004306
0.001181
0.008819
0.000069
0.002153
0.000347
0.005278
0.000556
0.007153
0.004583
0.004653
0.000139
0.006042
0.000347
0.003542
0.003403
0.002292
0.000833
0.008889
0.002500
0.001250
0.000764
0.000208
0.001667
0.006319
0.004167
0.000556
0.002014
0.002986
0.000833
0.000139
0.003681
0.002292
0.002083
0.003403
0.003681
0.001319
0.000833
0.000625
0.002847
0.007431
0.001667
0.001042
0.000903
0.007778
0.001597
0.000486
0.005694
0.004306
0.001458
0.001250
