0.070000
0.001875
0.002222
0.003889
0.002431
0.004861
0.009861
0.004306
0.000833
0.002986
0.006111
0.002778
0.002083
0.002292
0.003958
0.012292
0.003750
0.002500
0.002569
0.005625
0.001458
0.002708
0.007847
0.001944
0.001250
0.004167
0.007431
0.002500
0.002222
0.002917
0.008472
0.004167
0.002986
0.001875
0.003958
0.004375
0.002153
0.002708
0.007292
0.002083
0.001181
0.004375
0.011181
0.001181
0.006736
0.001667
0.006181
0.001250
0.002431
0.001389
0.002153
0.001667
0.004792
0.003958
0.014167
0.002917
0.003264
0.002500
0.007569
0.001458
0.009028
0.002014
0.005347
0.003264
0.003819
0.001875
0.002639
0.006250
0.002431
0.008333
0.002778
0.005694
0.001250
0.005694
0.005694
0.002917
0.001389
0.007222
0.002917
0.008889
0.001319
0.003194
0.002153
0.003681
0.002639
0.010486
0.002986
0.003542
0.001389
0.005000
0.003264
0.002708
0.003264
0.003194
0.004167
0.010833
0.002361
0.001319
0.002778
0.002431
0.003333
0.010000
0.003542
0.002708
0.001875
0.003681
0.003611
0.001250
0.010278
0.002569
0.003264
0.002292
0.004167
0.002361
0.002292
0.004514
0.003264
0.003403
0.002222
0.001528
0.001875
0.006528
0.005486
0.002292
0.003194
0.005069
0.002778
0.001319
0.001181
0.001250
0.002569
0.005139
0.001528
0.006458
0.007431
0.002361
0.001319
0.001319
0.006111
0.002917
0.005833
0.002014
0.003194
0.007014
0.000764
0.000694
0.003611
0.008542
0.000972
0.002500
0.007917
0.003194
0.001597
0.002222
0.009444
0.002153
0.001319
0.002153
0.003681
0.004514
0.004861
0.001111
0.004722
0.000972
0.003264
0.003333
0.008333
0.001528
0.001875
0.001944
0.014444
0.001319
0.004375
0.001528
0.005556
0.002292
0.001458
0.000625
0.004306
0.000833
0.001875
0.004861
0.008889
0.002153
0.002778
0.001181
0.005347
0.001042
0.004931
0.001319
0.004583
0.004236
0.002431
0.001528
0.002708
0.008611
0.001111
0.006458
0.004722
0.002847
0.002153
0.008403
0.002569
0.003472
0.001111
0.003194
0.001806
0.006667
0.001597
0.002292
0.001875
0.002014
0.002153
0.004722
0.005833
0.002986
0.001667
0.004861
0.000972
0.002708
0.004236
0.002847
0.003264
0.005278
0.004097
0.000903
0.001667
0.000903
0.003472
0.006458
0.005972
0.001875
0.002014
0.002778
0.001528
0.002361
0.004722
0.002431
0.002292
0.004931
0.004931
0.001458
0.003056
0.001667
0.002014
0.005972
0.004306
0.001528
0.002361
0.008472
0.001667
0.002847
0.003681
0.002639
0.002847
0.001667
