0.067014
0.000694
0.002639
0.004028
0.002917
0.002292
0.012708
0.004097
0.000764
0.001389
0.004097
0.001181
0.002569
0.002361
0.003611
0.012083
0.003472
0.000833
0.002083
0.004306
0.002639
0.002361
0.008403
0.004514
0.001389
0.003333
0.005000
0.001806
0.001319
0.002292
0.005208
0.009583
0.006597
0.002361
0.002639
0.005278
0.007222
0.002153
0.006875
0.001806
0.002500
0.003750
0.004792
0.001250
0.009375
0.001389
0.004583
0.001250
0.003194
0.000903
0.002014
0.001458
0.007778
0.002778
0.014653
0.002361
0.002569
0.001111
0.001944
0.001042
0.013333
0.003889
0.005694
0.001736
0.004583
0.002222
0.001319
0.005625
0.001736
0.011806
0.001111
0.009236
0.001181
0.005694
0.004444
0.002639
0.001667
0.005486
0.001042
0.011736
0.001389
0.002361
0.001389
0.002569
0.001597
0.012569
0.004097
0.003403
0.001250
0.002917
0.001389
0.002500
0.002361
0.005694
0.002431
0.015139
0.004444
0.004097
0.000903
0.001319
0.004792
0.015764
0.001875
0.002500
0.002431
0.002500
0.001250
0.001111
0.011875
0.004097
0.002569
0.002083
0.004653
0.000972
0.002153
0.003542
0.005764
0.013403
0.001944
0.002569
0.001319
0.003681
0.003333
0.001250
0.011458
0.007847
0.002153
0.002222
0.001111
0.000903
0.002153
0.003472
0.001458
0.004236
0.005833
0.002639
0.001667
0.000903
0.005000
0.001528
0.004792
0.000903
0.003194
0.007986
0.000694
0.002153
0.001389
0.005556
0.002014
0.001875
0.005833
0.002639
0.002917
0.000903
0.006875
0.001389
0.002431
0.001597
0.004028
0.008056
0.007153
0.001667
0.000903
0.001875
0.003819
0.001667
0.004306
0.000556
0.003264
0.001736
0.009861
0.002014
0.010069
0.001389
0.003889
0.002431
0.002083
0.000694
0.001597
0.000486
0.003958
0.005417
0.009722
0.000903
0.003889
0.000694
0.002639
0.000556
0.008194
0.002639
0.002639
0.006389
0.002431
0.002917
0.001667
0.007986
0.001181
0.007708
0.001528
0.004236
0.002014
0.008264
0.001736
0.002222
0.002778
0.002917
0.001667
0.007431
0.000417
0.003056
0.000694
0.002153
0.001319
0.007569
0.005278
0.002639
0.001111
0.002500
0.000417
0.002431
0.005000
0.003958
0.002292
0.008958
0.004514
0.002639
0.000556
0.000347
0.003264
0.007500
0.004375
0.001875
0.002500
0.002431
0.000139
0.001389
0.008611
0.002222
0.002292
0.004861
0.006528
0.002083
0.002014
0.001250
0.004167
0.008681
0.002569
0.001250
0.001458
0.005208
0.000556
0.002361
0.007778
0.005694
0.001250
0.002222
