0.063750
0.000903
0.002153
0.003819
0.003472
0.002153
0.012083
0.003889
0.002153
0.001181
0.003889
0.002292
0.002986
0.002153
0.004653
0.013611
0.006181
0.001528
0.002153
0.004167
0.001806
0.001528
0.007569
0.007153
0.002639
0.003472
0.003403
0.001458
0.001181
0.001944
0.005347
0.012361
0.006111
0.002292
0.000903
0.005208
0.008472
0.001319
0.009236
0.001389
0.002847
0.003819
0.003542
0.001111
0.008611
0.002153
0.003889
0.001736
0.005000
0.001042
0.001667
0.001250
0.006806
0.002431
0.012639
0.001944
0.003333
0.001875
0.003125
0.000556
0.010694
0.003333
0.004444
0.002014
0.004236
0.002847
0.000764
0.005139
0.003125
0.007153
0.000694
0.002986
0.002361
0.004375
0.002500
0.001458
0.002153
0.007153
0.002222
0.008194
0.001319
0.002917
0.000694
0.003056
0.004653
0.013750
0.001597
0.005417
0.001944
0.003194
0.001042
0.001667
0.002847
0.007431
0.002014
0.016181
0.005417
0.005139
0.000486
0.001667
0.007708
0.012014
0.000903
0.001736
0.003333
0.003542
0.000903
0.000833
0.014514
0.006389
0.002222
0.001875
0.004931
0.003542
0.002569
0.004306
0.009167
0.010208
0.001181
0.001736
0.002986
0.005347
0.003611
0.000833
0.008542
0.007292
0.001458
0.002014
0.001597
0.000764
0.002292
0.004028
0.002292
0.004444
0.008403
0.001111
0.002500
0.000764
0.002153
0.003750
0.006528
0.001667
0.002500
0.005972
0.002778
0.002153
0.001875
0.006736
0.003056
0.002083
0.005556
0.004028
0.003472
0.001597
0.003681
0.001806
0.003264
0.001875
0.003611
0.006667
0.007361
0.002014
0.000556
0.002153
0.005486
0.002708
0.007361
0.001042
0.003403
0.000972
0.005556
0.002569
0.005486
0.002014
0.002222
0.002014
0.002292
0.001111
0.003194
0.000972
0.002569
0.004931
0.006042
0.000903
0.003819
0.000903
0.002222
0.000556
0.008264
0.001944
0.002986
0.004514
0.002083
0.002431
0.001319
0.008264
0.002708
0.008889
0.001250
0.002153
0.003333
0.006875
0.000972
0.002917
0.003889
0.004722
0.001944
0.004028
0.001250
0.002847
0.000764
0.001944
0.002361
0.007153
0.003819
0.003056
0.001528
0.002014
0.000417
0.001111
0.004167
0.003264
0.000972
0.006944
0.005556
0.003125
0.000347
0.001111
0.003750
0.008194
0.005069
0.001042
0.003472
0.002014
0.000208
0.000486
0.010069
0.003819
0.000764
0.004931
0.009375
0.002083
0.003125
0.002014
0.004653
0.007639
0.002222
0.001597
0.003472
0.004861
0.001944
0.001944
0.007639
0.004792
0.001528
0.001319
