0.063056
0.001667
0.003264
0.004306
0.002500
0.002292
0.012222
0.006250
0.001250
0.002222
0.004653
0.002639
0.001389
0.003611
0.005764
0.013542
0.002917
0.001736
0.002778
0.005903
0.002292
0.002222
0.007153
0.006250
0.001597
0.003333
0.006458
0.002292
0.001458
0.002431
0.003819
0.008611
0.003403
0.002083
0.003056
0.004514
0.003958
0.002153
0.007292
0.001875
0.001806
0.002986
0.004514
0.002222
0.005903
0.002292
0.007986
0.002847
0.002431
0.001389
0.002917
0.003125
0.004653
0.002708
0.009792
0.003889
0.002014
0.002708
0.005000
0.001389
0.011181
0.003333
0.004792
0.002500
0.003194
0.002222
0.001458
0.006319
0.001458
0.008889
0.002708
0.004722
0.001736
0.004028
0.004028
0.003472
0.001111
0.007014
0.003889
0.009514
0.000625
0.001806
0.001597
0.004097
0.002778
0.010139
0.002153
0.006597
0.001389
0.003194
0.002361
0.002986
0.002500
0.005069
0.003333
0.011458
0.003472
0.001944
0.001528
0.003264
0.004028
0.011389
0.002222
0.001806
0.002083
0.003194
0.001597
0.001597
0.011875
0.005000
0.002500
0.003542
0.003681
0.001389
0.002222
0.005069
0.005556
0.006250
0.001528
0.003611
0.002014
0.004931
0.006250
0.001944
0.008611
0.006181
0.002500
0.003125
0.000694
0.001111
0.003056
0.004444
0.001667
0.003125
0.006875
0.004097
0.001111
0.001181
0.002222
0.003542
0.003750
0.002153
0.003125
0.008958
0.000833
0.001875
0.002639
0.008403
0.002083
0.003403
0.006806
0.002986
0.001458
0.001597
0.007986
0.002222
0.002083
0.001875
0.004444
0.007361
0.005208
0.002569
0.003403
0.002708
0.001806
0.002917
0.006944
0.001597
0.002014
0.001528
0.006597
0.003125
0.004236
0.002708
0.003889
0.003542
0.001458
0.001181
0.004236
0.001875
0.003472
0.004722
0.007361
0.001319
0.001528
0.001528
0.002847
0.001528
0.005972
0.001250
0.004375
0.005972
0.001875
0.002431
0.002847
0.006597
0.001528
0.005764
0.002986
0.003750
0.002569
0.005278
0.001806
0.004097
0.001806
0.003750
0.002292
0.010347
0.000694
0.002431
0.001597
0.003750
0.001181
0.008264
0.004653
0.002917
0.000764
0.002222
0.000903
0.002639
0.003611
0.003681
0.003125
0.007639
0.004444
0.001597
0.001111
0.001458
0.002083
0.008542
0.006597
0.002639
0.002431
0.002014
0.001111
0.001319
0.006389
0.002292
0.001736
0.007708
0.005764
0.001597
0.003681
0.002431
0.003681
0.005486
0.002986
0.001944
0.001875
0.005000
0.001875
0.002431
0.006250
0.003403
0.002292
0.003125
