0.066667
0.000556
0.002917
0.005833
0.006042
0.002083
0.007361
0.005069
0.001875
0.000972
0.004097
0.003472
0.004444
0.001667
0.003542
0.009931
0.007014
0.000764
0.003125
0.007083
0.003889
0.000556
0.006597
0.004236
0.002222
0.002708
0.004653
0.001944
0.002292
0.000972
0.008889
0.009097
0.008125
0.000556
0.003681
0.004792
0.006806
0.001458
0.005486
0.002014
0.001250
0.003681
0.007222
0.002083
0.011528
0.001458
0.003681
0.002292
0.007639
0.000764
0.003333
0.002639
0.006597
0.001042
0.012153
0.002847
0.004306
0.001528
0.002361
0.001250
0.013542
0.000972
0.005903
0.003542
0.005903
0.001181
0.001597
0.005972
0.002222
0.003611
0.002361
0.003889
0.001944
0.003194
0.006319
0.003542
0.003264
0.002292
0.003194
0.004375
0.003333
0.000903
0.002778
0.004722
0.003542
0.007917
0.002917
0.004028
0.001250
0.001806
0.002500
0.002014
0.004028
0.003056
0.003681
0.007639
0.006458
0.001250
0.000903
0.002639
0.004861
0.006111
0.002500
0.002431
0.002153
0.001736
0.003194
0.001597
0.008611
0.001667
0.003194
0.002986
0.008819
0.000972
0.002778
0.005486
0.007569
0.004514
0.001667
0.002708
0.002292
0.003264
0.002778
0.002222
0.006181
0.001111
0.002083
0.001528
0.002222
0.000972
0.003958
0.004375
0.002847
0.003333
0.005139
0.002153
0.001944
0.000417
0.003194
0.003194
0.006597
0.001389
0.003264
0.006181
0.003750
0.000694
0.003194
0.010625
0.001528
0.001250
0.007847
0.003958
0.002222
0.002292
0.008125
0.002222
0.002847
0.000694
0.004375
0.007708
0.010000
0.001250
0.003056
0.003681
0.003403
0.001250
0.006667
0.001667
0.002847
0.000833
0.013958
0.001736
0.010903
0.000833
0.003681
0.002569
0.006667
0.000486
0.002292
0.000764
0.003472
0.004306
0.008194
0.002292
0.003889
0.000694
0.003611
0.001319
0.009375
0.001042
0.003194
0.004514
0.003125
0.001528
0.002292
0.007014
0.001875
0.002917
0.002639
0.002986
0.002431
0.007847
0.002986
0.003542
0.004028
0.002986
0.002500
0.005833
0.001528
0.000694
0.002153
0.003403
0.002500
0.002569
0.006806
0.002153
0.002014
0.004167
0.001667
0.003750
0.006528
0.001458
0.002639
0.005833
0.006042
0.001528
0.001875
0.001042
0.002431
0.002222
0.004097
0.001667
0.003819
0.002500
0.001528
0.002083
0.009653
0.001736
0.002847
0.007014
0.007083
0.001181
0.002639
0.002361
0.002917
0.003611
0.002778
0.001667
0.004028
0.006597
0.002500
0.002292
0.009097
0.000972
0.001944
0.002569
