0.050833
0.001250
0.001250
0.003611
0.004306
0.001389
0.008681
0.001806
0.003958
0.003125
0.005000
0.000972
0.003125
0.002639
0.004583
0.008750
0.004931
0.001042
0.001667
0.005417
0.002014
0.002083
0.007361
0.003333
0.003750
0.003472
0.010278
0.001944
0.002431
0.001944
0.005972
0.006042
0.006319
0.002222
0.001528
0.005278
0.006319
0.001667
0.004583
0.001944
0.003681
0.004861
0.006736
0.000556
0.011667
0.002361
0.005278
0.001528
0.006250
0.002292
0.002500
0.001181
0.004514
0.003333
0.008542
0.002014
0.004792
0.002708
0.005347
0.001250
0.012222
0.002639
0.003542
0.002847
0.004722
0.002014
0.001944
0.005694
0.003819
0.003403
0.002361
0.002222
0.004097
0.004861
0.005139
0.001875
0.003333
0.003889
0.003542
0.002431
0.003194
0.001319
0.001319
0.002569
0.004097
0.006458
0.002569
0.001111
0.003681
0.002708
0.005139
0.000903
0.003194
0.003056
0.002639
0.008264
0.005000
0.002847
0.002014
0.001944
0.005694
0.008611
0.002500
0.001389
0.005972
0.005000
0.002778
0.000625
0.015139
0.002986
0.005972
0.001667
0.009306
0.001875
0.001944
0.003542
0.006667
0.005833
0.002639
0.000764
0.007708
0.003889
0.006736
0.000972
0.009931
0.003472
0.002847
0.001667
0.002222
0.000764
0.004236
0.003889
0.006250
0.004722
0.008264
0.001111
0.002222
0.001111
0.001806
0.001458
0.005139
0.001597
0.003333
0.003681
0.002986
0.001181
0.004514
0.008611
0.003542
0.002292
0.005972
0.002847
0.002222
0.000833
0.008125
0.001806
0.002847
0.002083
0.004236
0.006181
0.007569
0.001389
0.001597
0.001528
0.007222
0.002639
0.007153
0.001806
0.002917
0.002986
0.008611
0.000486
0.007708
0.003125
0.002431
0.001875
0.003542
0.001389
0.004167
0.001042
0.004861
0.004722
0.005347
0.001875
0.003611
0.000972
0.003681
0.001111
0.006528
0.002222
0.001597
0.006458
0.002986
0.001736
0.002361
0.008542
0.004931
0.003125
0.003750
0.001806
0.003056
0.006597
0.001389
0.001319
0.004167
0.001736
0.002708
0.002708
0.003264
0.001597
0.002986
0.002222
0.003403
0.004375
0.005208
0.001736
0.004306
0.001806
0.001806
0.000972
0.004653
0.002917
0.001458
0.004375
0.006250
0.002083
0.002292
0.000625
0.008542
0.004653
0.006250
0.001250
0.003681
0.003819
0.001389
0.000347
0.010208
0.002708
0.003194
0.004375
0.010556
0.002222
0.003056
0.000903
0.005903
0.005903
0.003264
0.001181
0.006181
0.006944
0.002986
0.000347
0.007847
0.002917
0.001736
0.001181
