0.071181
0.000347
0.002361
0.003819
0.003889
0.001667
0.011528
0.005556
0.001181
0.002014
0.005069
0.002708
0.003611
0.002778
0.004722
0.014306
0.005000
0.000764
0.002986
0.007083
0.001389
0.002361
0.008819
0.005139
0.001042
0.003681
0.007917
0.004236
0.001597
0.002431
0.004861
0.010556
0.005139
0.001042
0.003542
0.004167
0.007014
0.000972
0.012500
0.002431
0.001667
0.004583
0.005833
0.002431
0.008958
0.001111
0.009514
0.001597
0.006319
0.000972
0.002986
0.002153
0.003611
0.004028
0.013125
0.002708
0.002569
0.002222
0.005139
0.002361
0.007569
0.003194
0.003681
0.002361
0.004097
0.002292
0.000972
0.006042
0.001528
0.004583
0.001736
0.007222
0.000903
0.005347
0.005417
0.002986
0.001597
0.002778
0.002708
0.006111
0.002361
0.001042
0.001597
0.003611
0.002778
0.009653
0.002222
0.005625
0.001389
0.001875
0.002778
0.003056
0.003403
0.003056
0.003681
0.010972
0.004306
0.001806
0.001528
0.002778
0.004444
0.007917
0.003264
0.003542
0.002153
0.004792
0.002222
0.002222
0.012917
0.001250
0.002778
0.002986
0.007639
0.001111
0.001250
0.003889
0.004514
0.007986
0.001458
0.001944
0.001944
0.003750
0.004792
0.001944
0.006111
0.003125
0.001181
0.001875
0.001250
0.001250
0.003056
0.005556
0.002222
0.004792
0.006597
0.004236
0.001667
0.001667
0.003889
0.004583
0.005069
0.000972
0.003333
0.007708
0.001528
0.001042
0.004028
0.008125
0.001597
0.001667
0.006111
0.002917
0.002361
0.000556
0.008472
0.004306
0.001597
0.001389
0.003056
0.007500
0.006875
0.001111
0.002500
0.001667
0.005347
0.001181
0.007569
0.002500
0.002361
0.002014
0.007986
0.001389
0.008611
0.000764
0.005417
0.002222
0.005278
0.001458
0.003750
0.000833
0.002986
0.006042
0.007431
0.003125
0.004167
0.001319
0.003403
0.001875
0.006111
0.001597
0.003611
0.006042
0.001597
0.002292
0.000764
0.008056
0.000972
0.003681
0.003194
0.005139
0.000764
0.008264
0.001875
0.001806
0.002014
0.002014
0.001806
0.005278
0.001319
0.001875
0.001250
0.002222
0.001944
0.004792
0.006736
0.003958
0.001667
0.001458
0.001667
0.001875
0.005833
0.001667
0.001597
0.005278
0.004861
0.002500
0.000833
0.001042
0.002083
0.003681
0.005208
0.002847
0.002778
0.003681
0.001181
0.001389
0.006875
0.001042
0.001042
0.005486
0.010139
0.001319
0.001806
0.000486
0.002847
0.006250
0.002986
0.001319
0.001597
0.006250
0.001597
0.001736
0.006667
0.002639
0.001806
0.001806
