0.059583
0.001042
0.004097
0.005000
0.001806
0.001667
0.016667
0.006458
0.000903
0.001528
0.003333
0.003264
0.000833
0.001736
0.006111
0.012569
0.004375
0.001667
0.001389
0.005208
0.000764
0.001319
0.011181
0.008819
0.001319
0.003889
0.004028
0.003333
0.000486
0.002431
0.007986
0.013611
0.003472
0.001875
0.002639
0.004028
0.005417
0.001597
0.014167
0.002431
0.002014
0.005069
0.004444
0.002083
0.006806
0.001181
0.006181
0.001875
0.003194
0.001250
0.001528
0.001458
0.003472
0.002014
0.015556
0.002292
0.002917
0.001597
0.003889
0.002083
0.013194
0.003819
0.006319
0.002292
0.002708
0.000972
0.001667
0.005417
0.000903
0.007639
0.002083
0.006528
0.001181
0.005278
0.003819
0.003056
0.000764
0.004167
0.001736
0.010417
0.000833
0.001875
0.000972
0.004861
0.001389
0.016250
0.002500
0.008056
0.000833
0.003958
0.002292
0.003056
0.000972
0.003194
0.002778
0.017847
0.002361
0.001389
0.000764
0.001389
0.004444
0.014653
0.002708
0.002778
0.002222
0.004861
0.001458
0.002014
0.014722
0.005972
0.003056
0.002014
0.003264
0.001736
0.001667
0.003958
0.003611
0.009722
0.001458
0.002500
0.001806
0.004514
0.004375
0.002361
0.008125
0.008542
0.001875
0.001181
0.000486
0.001250
0.001389
0.004167
0.001319
0.003819
0.009583
0.004722
0.000625
0.001111
0.001181
0.002847
0.003611
0.001111
0.004306
0.010764
0.001181
0.002083
0.000764
0.005764
0.001944
0.002778
0.008819
0.004236
0.002500
0.001319
0.005069
0.001806
0.002361
0.001181
0.002986
0.008403
0.006181
0.002708
0.001875
0.001389
0.002778
0.001667
0.009236
0.002014
0.001111
0.002083
0.007778
0.001944
0.005278
0.001042
0.003681
0.001806
0.002431
0.000764
0.001944
0.001042
0.003194
0.005556
0.011042
0.003125
0.002361
0.001042
0.001389
0.000625
0.004792
0.001597
0.001528
0.004792
0.000764
0.002431
0.001875
0.008819
0.001667
0.005139
0.002361
0.005972
0.002431
0.009514
0.000903
0.002361
0.001111
0.002778
0.001736
0.009514
0.000694
0.001806
0.000833
0.001736
0.001597
0.007847
0.005903
0.005069
0.000694
0.001806
0.000694
0.002292
0.003194
0.002917
0.001736
0.008889
0.003681
0.001806
0.001111
0.000417
0.003472
0.005347
0.005208
0.001458
0.002014
0.002986
0.001458
0.001181
0.007431
0.003403
0.001458
0.005556
0.006319
0.001806
0.001944
0.002361
0.003056
0.007917
0.001667
0.002361
0.000833
0.005347
0.002222
0.002431
0.004722
0.004444
0.001944
0.002222
