0.041944
0.001667
0.002708
0.001736
0.004167
0.001875
0.009375
0.001181
0.002639
0.001667
0.005000
0.000972
0.002222
0.002569
0.004583
0.009931
0.005903
0.000903
0.001806
0.005069
0.003958
0.002014
0.008194
0.003056
0.003056
0.003194
0.004861
0.000417
0.002500
0.002986
0.005208
0.004306
0.008681
0.002014
0.003681
0.003750
0.007639
0.000972
0.008194
0.001181
0.006042
0.004375
0.007986
0.000556
0.009861
0.001528
0.006597
0.001806
0.006667
0.001111
0.002500
0.000972
0.008056
0.003958
0.014931
0.002847
0.004861
0.001597
0.004722
0.001319
0.011597
0.005069
0.005069
0.001806
0.005278
0.003681
0.001736
0.006111
0.003194
0.004792
0.001736
0.002639
0.002639
0.007431
0.005833
0.001111
0.002083
0.003958
0.003958
0.007292
0.004583
0.000625
0.001319
0.001875
0.004375
0.009514
0.003681
0.001528
0.002500
0.002917
0.001667
0.000417
0.005208
0.004514
0.003472
0.007917
0.005347
0.002431
0.001458
0.001528
0.006111
0.007569
0.002361
0.002222
0.004722
0.004306
0.003889
0.000417
0.010417
0.003403
0.004236
0.001319
0.007639
0.000972
0.001667
0.003889
0.006806
0.007639
0.002500
0.001389
0.005208
0.003194
0.003958
0.000694
0.009167
0.004861
0.002639
0.001389
0.002569
0.001319
0.003681
0.002014
0.002639
0.003750
0.004931
0.001389
0.002847
0.000972
0.003750
0.000625
0.007222
0.001944
0.002292
0.004722
0.002569
0.001181
0.002847
0.008889
0.001597
0.002014
0.007361
0.001389
0.003333
0.000347
0.005764
0.000903
0.002708
0.001389
0.003681
0.004236
0.011806
0.002292
0.002778
0.000972
0.007569
0.001528
0.007778
0.000972
0.005903
0.003333
0.010972
0.000903
0.008125
0.001181
0.002222
0.001944
0.004028
0.001597
0.003611
0.000972
0.005556
0.006250
0.009653
0.001250
0.004097
0.001042
0.003333
0.001319
0.007500
0.005069
0.004653
0.004653
0.002917
0.003611
0.002292
0.009306
0.002292
0.004931
0.002569
0.001389
0.002292
0.009375
0.002083
0.001806
0.002569
0.003056
0.001458
0.006319
0.001736
0.002361
0.002500
0.001667
0.004444
0.005069
0.006667
0.002153
0.002847
0.002847
0.001667
0.000764
0.008194
0.002500
0.002778
0.003958
0.004931
0.003472
0.001111
0.000486
0.005278
0.004444
0.004861
0.001042
0.003958
0.004722
0.001458
0.000417
0.007083
0.002708
0.001806
0.004722
0.009167
0.001042
0.001597
0.001042
0.005486
0.007083
0.003056
0.001111
0.003889
0.003819
0.001250
0.000694
0.008264
0.004792
0.002708
0.001806
