0.072500
0.002917
0.001528
0.003403
0.002778
0.003194
0.007361
0.003889
0.002569
0.001806
0.002708
0.002986
0.002500
0.002708
0.003750
0.010833
0.005278
0.002569
0.000972
0.003681
0.002708
0.003056
0.004653
0.004792
0.002500
0.003403
0.002708
0.001111
0.003542
0.003194
0.004653
0.008958
0.005833
0.003264
0.002222
0.007361
0.004792
0.002014
0.004167
0.002222
0.004444
0.006389
0.004167
0.002986
0.007708
0.003056
0.003333
0.002292
0.003819
0.001667
0.001319
0.001806
0.004028
0.004028
0.009861
0.002153
0.003542
0.001875
0.001736
0.001389
0.013681
0.002500
0.003889
0.002778
0.006111
0.003333
0.002639
0.004931
0.002431
0.004583
0.001736
0.004653
0.002778
0.004722
0.005972
0.004722
0.002569
0.002778
0.001597
0.008819
0.002361
0.003542
0.000764
0.003472
0.002708
0.012847
0.001528
0.005000
0.002361
0.003333
0.002153
0.001875
0.004653
0.003819
0.004167
0.015625
0.003542
0.001875
0.002222
0.002500
0.004167
0.007778
0.001875
0.002847
0.001944
0.003125
0.003958
0.002500
0.009861
0.003611
0.001944
0.003542
0.003819
0.002500
0.001181
0.005000
0.004653
0.007986
0.001944
0.002500
0.003542
0.002639
0.002500
0.002292
0.007708
0.004097
0.003125
0.002778
0.002569
0.002292
0.002431
0.005000
0.001667
0.004097
0.004167
0.002847
0.001875
0.001458
0.001319
0.002917
0.004792
0.002708
0.001736
0.006111
0.001528
0.002917
0.000903
0.005625
0.003750
0.003542
0.004583
0.003125
0.002014
0.002708
0.003958
0.002153
0.004028
0.002847
0.002847
0.007847
0.007708
0.003750
0.002014
0.001736
0.004861
0.002847
0.004097
0.002292
0.003542
0.004236
0.006667
0.004792
0.006528
0.002778
0.001458
0.002917
0.002708
0.002014
0.001667
0.001111
0.003403
0.006111
0.007847
0.002361
0.002708
0.001736
0.001111
0.001875
0.006944
0.003681
0.002292
0.006528
0.002708
0.002361
0.003056
0.009028
0.002431
0.005139
0.002708
0.002500
0.002014
0.008958
0.002361
0.002500
0.003056
0.002500
0.001875
0.007361
0.001875
0.003542
0.002083
0.001458
0.003958
0.006944
0.005556
0.003819
0.001528
0.003333
0.000417
0.002222
0.007014
0.003472
0.002292
0.008333
0.004306
0.001667
0.002292
0.000764
0.004653
0.005486
0.004653
0.001597
0.002014
0.002569
0.001111
0.002292
0.006458
0.002917
0.001250
0.004375
0.005000
0.002917
0.002361
0.001875
0.002847
0.005903
0.003681
0.002569
0.002292
0.004792
0.001389
0.002292
0.004861
0.002917
0.003056
0.004097
