0.039236
0.001181
0.005278
0.006181
0.003056
0.000972
0.008333
0.003194
0.002431
0.001389
0.006181
0.002708
0.002431
0.001319
0.005625
0.008889
0.005486
0.001736
0.002986
0.006597
0.003056
0.000903
0.006875
0.004097
0.002847
0.004861
0.006458
0.002431
0.003125
0.001806
0.008194
0.006458
0.007778
0.001042
0.004931
0.007014
0.004236
0.001458
0.008264
0.002847
0.003403
0.003403
0.006319
0.001736
0.005000
0.001181
0.007014
0.002292
0.005069
0.001111
0.003264
0.004375
0.005833
0.001736
0.012500
0.004514
0.003889
0.000972
0.004583
0.002014
0.007431
0.002153
0.006944
0.003333
0.004375
0.001806
0.004028
0.006875
0.002917
0.003125
0.004236
0.002014
0.002500
0.003750
0.005417
0.002153
0.002222
0.001875
0.003819
0.002778
0.005208
0.001250
0.002847
0.003681
0.004861
0.006528
0.005139
0.003958
0.001806
0.001667
0.003611
0.002014
0.002222
0.002153
0.003264
0.009236
0.004514
0.002014
0.002639
0.004236
0.003611
0.008542
0.002569
0.002361
0.002778
0.002639
0.003264
0.002569
0.009167
0.001806
0.003819
0.002708
0.006736
0.002153
0.002986
0.005278
0.005486
0.004097
0.003681
0.003333
0.002292
0.003819
0.004722
0.001667
0.004583
0.002778
0.003264
0.002292
0.002361
0.001042
0.003542
0.004028
0.003542
0.004306
0.005764
0.002361
0.003750
0.000972
0.005208
0.002361
0.004583
0.001806
0.005486
0.005625
0.004097
0.000833
0.005278
0.007292
0.003264
0.001042
0.007847
0.002847
0.003333
0.000764
0.008681
0.002708
0.006042
0.001597
0.006875
0.006944
0.008611
0.001042
0.004236
0.001667
0.003889
0.000764
0.006458
0.001944
0.004236
0.002222
0.011458
0.002431
0.006181
0.001389
0.003889
0.004306
0.003264
0.000833
0.002153
0.002917
0.004444
0.003472
0.006250
0.002708
0.002847
0.000764
0.004583
0.001944
0.008681
0.001111
0.005694
0.007292
0.002708
0.001736
0.003889
0.008264
0.002778
0.002292
0.003750
0.002917
0.003819
0.006875
0.003333
0.002639
0.004653
0.001806
0.003125
0.004236
0.002222
0.001319
0.002986
0.002569
0.002153
0.003194
0.005694
0.002083
0.002917
0.002083
0.003681
0.001111
0.005069
0.002361
0.005000
0.005694
0.004306
0.001667
0.002917
0.002014
0.002431
0.002986
0.004306
0.002639
0.004236
0.002153
0.003264
0.001667
0.007222
0.002292
0.002986
0.007014
0.006667
0.001319
0.002292
0.001458
0.002500
0.001944
0.003125
0.002361
0.001667
0.008194
0.003681
0.001597
0.005486
0.002708
0.002500
0.003889
