0.064028
0.001458
0.003125
0.004375
0.002639
0.001042
0.012083
0.004722
0.001389
0.002222
0.004097
0.003472
0.001389
0.001806
0.004444
0.011736
0.005000
0.001944
0.002778
0.004861
0.003264
0.002500
0.005764
0.004444
0.002917
0.004306
0.005208
0.002500
0.001528
0.002847
0.005417
0.008125
0.004236
0.001944
0.002708
0.004306
0.002847
0.002569
0.008611
0.003403
0.002778
0.005069
0.005069
0.002778
0.006944
0.002500
0.005486
0.002222
0.002986
0.002292
0.003472
0.003056
0.004028
0.002569
0.010903
0.002083
0.001875
0.002083
0.004306
0.001389
0.011111
0.003194
0.006111
0.002986
0.004653
0.002986
0.002014
0.004583
0.002778
0.004514
0.002292
0.003611
0.002778
0.004653
0.004028
0.002917
0.001458
0.003958
0.003958
0.007361
0.002292
0.003056
0.002014
0.005972
0.002639
0.010625
0.002639
0.004514
0.001528
0.003333
0.002708
0.002639
0.001389
0.003889
0.002986
0.012431
0.002708
0.002708
0.002222
0.002431
0.004236
0.011458
0.002222
0.002153
0.003125
0.003125
0.002917
0.002153
0.010139
0.002708
0.004444
0.002847
0.004514
0.002292
0.002361
0.005903
0.003819
0.007153
0.002292
0.002292
0.002569
0.003542
0.004514
0.002014
0.006875
0.005278
0.003194
0.002292
0.002083
0.001944
0.002917
0.006181
0.001875
0.005139
0.008056
0.004167
0.001319
0.001667
0.002292
0.002847
0.005972
0.002361
0.002361
0.007222
0.003056
0.001458
0.002569
0.004931
0.003056
0.002708
0.005139
0.004444
0.002917
0.001111
0.006528
0.002708
0.003611
0.003194
0.004861
0.004792
0.006389
0.002847
0.003264
0.002986
0.003056
0.002917
0.005903
0.002431
0.002083
0.002083
0.007778
0.002569
0.005903
0.001944
0.002986
0.002569
0.001875
0.001319
0.004028
0.001458
0.002292
0.006667
0.006944
0.002708
0.001736
0.001667
0.002986
0.001389
0.006944
0.002222
0.004514
0.005347
0.002917
0.002847
0.003056
0.006389
0.002153
0.004653
0.003889
0.003958
0.003333
0.007917
0.002500
0.001736
0.003403
0.003056
0.002986
0.004861
0.001181
0.001806
0.001597
0.002708
0.002639
0.006389
0.005556
0.003819
0.001389
0.001528
0.001319
0.002222
0.004583
0.002639
0.003125
0.007569
0.003889
0.002292
0.001944
0.001389
0.003056
0.005556
0.006667
0.001875
0.002847
0.002361
0.001458
0.001389
0.006042
0.002292
0.002431
0.004514
0.004792
0.001458
0.002639
0.002361
0.002292
0.004653
0.002708
0.004028
0.002500
0.005208
0.002292
0.002917
0.004861
0.003472
0.002708
0.003056
