0.059861
0.000347
0.003403
0.003889
0.002083
0.000903
0.010556
0.003125
0.000486
0.000764
0.001597
0.000833
0.002153
0.001389
0.002708
0.014306
0.003681
0.001042
0.000208
0.007292
0.001875
0.000833
0.010000
0.008611
0.000625
0.003681
0.002708
0.001736
0.001181
0.001806
0.007222
0.012361
0.008750
0.000486
0.002292
0.004028
0.010903
0.000764
0.015069
0.002222
0.002917
0.003125
0.003819
0.000208
0.013472
0.001528
0.008750
0.002569
0.005694
0.000417
0.001181
0.000556
0.007292
0.001042
0.014306
0.001806
0.003264
0.000833
0.003264
0.000278
0.017361
0.001319
0.005278
0.001042
0.005000
0.001875
0.000625
0.005903
0.001042
0.012361
0.000764
0.005347
0.000347
0.007292
0.003194
0.001042
0.001181
0.007014
0.000486
0.015486
0.001042
0.004306
0.000069
0.007708
0.001528
0.015903
0.000208
0.004306
0.000347
0.008056
0.000347
0.002014
0.002708
0.005694
0.001458
0.013472
0.005972
0.004167
0.000417
0.000833
0.006389
0.010069
0.001736
0.001389
0.001944
0.006111
0.000625
0.000069
0.012431
0.004653
0.001806
0.002431
0.005625
0.001875
0.000278
0.005347
0.010347
0.017083
0.000278
0.001597
0.002014
0.006806
0.002153
0.000833
0.019306
0.010625
0.001042
0.000694
0.001389
0.000139
0.001528
0.004861
0.001667
0.003958
0.003819
0.001944
0.000833
0.000347
0.001111
0.001736
0.004306
0.000417
0.001528
0.006875
0.001667
0.000208
0.001250
0.007361
0.000833
0.001458
0.004167
0.003611
0.000903
0.000347
0.003750
0.001597
0.001736
0.000903
0.002778
0.007361
0.010417
0.000694
0.001389
0.000417
0.006250
0.002014
0.007292
0.000625
0.004375
0.001111
0.009444
0.000486
0.013056
0.000486
0.005139
0.001319
0.004792
0.000000
0.001806
0.000208
0.003333
0.003403
0.007778
0.000833
0.002708
0.000139
0.001528
0.000278
0.008889
0.000903
0.001389
0.004931
0.002222
0.002639
0.000347
0.008958
0.000694
0.010556
0.000625
0.003681
0.001528
0.009097
0.000208
0.002153
0.001319
0.005208
0.000694
0.009861
0.000069
0.003611
0.000000
0.005417
0.000556
0.007986
0.003681
0.002708
0.000347
0.005139
0.000278
0.001458
0.004236
0.004792
0.000625
0.005903
0.006736
0.006875
0.000139
0.000347
0.003681
0.008681
0.003264
0.000556
0.003889
0.003681
0.000139
0.000417
0.007222
0.002292
0.000833
0.004514
0.006111
0.002917
0.000764
0.001319
0.003750
0.008472
0.000625
0.001319
0.001736
0.007014
0.000417
0.000625
0.009653
0.004653
0.000972
0.001806
