0.045417
0.000764
0.005833
0.007361
0.002639
0.001111
0.010417
0.003750
0.001597
0.001042
0.008264
0.004792
0.002639
0.000972
0.004792
0.013403
0.004167
0.000694
0.002917
0.006944
0.002153
0.000833
0.010417
0.008889
0.001389
0.002500
0.006528
0.003819
0.002361
0.001389
0.008264
0.009444
0.006389
0.000903
0.005347
0.006111
0.005000
0.000694
0.010694
0.003125
0.003611
0.003681
0.010208
0.002431
0.009861
0.000764
0.007986
0.003611
0.004306
0.000833
0.004167
0.002083
0.004931
0.001250
0.013403
0.004792
0.002986
0.000764
0.006111
0.002083
0.011806
0.002292
0.005278
0.003819
0.004306
0.001111
0.002431
0.007431
0.002361
0.003403
0.002361
0.004375
0.001667
0.004306
0.006111
0.003333
0.002014
0.001944
0.002986
0.006806
0.002431
0.001667
0.002222
0.004167
0.004583
0.008403
0.004236
0.006944
0.001319
0.001458
0.003056
0.003403
0.002778
0.002083
0.003333
0.010347
0.002917
0.001250
0.001806
0.002222
0.003194
0.007917
0.002569
0.002847
0.001667
0.001042
0.003611
0.001736
0.008958
0.001042
0.004097
0.002431
0.005347
0.001597
0.002222
0.003403
0.004028
0.005694
0.002569
0.002500
0.001181
0.002986
0.003958
0.001806
0.005486
0.002153
0.002847
0.002014
0.001944
0.000764
0.003889
0.004931
0.001806
0.002778
0.006944
0.004028
0.001389
0.000486
0.005208
0.004306
0.005556
0.001042
0.003889
0.006667
0.001319
0.000694
0.003125
0.010556
0.001111
0.000694
0.009514
0.006181
0.001944
0.000833
0.009653
0.002083
0.002639
0.000903
0.006319
0.008750
0.010069
0.001319
0.007014
0.003056
0.002361
0.001111
0.011181
0.002222
0.002917
0.000486
0.010694
0.002569
0.005833
0.000903
0.004653
0.002778
0.003333
0.001042
0.002431
0.001389
0.002986
0.003819
0.010000
0.002014
0.002917
0.000903
0.004375
0.001250
0.006736
0.001875
0.006319
0.006042
0.001528
0.001319
0.002431
0.012639
0.001111
0.003472
0.003125
0.004167
0.001667
0.006944
0.003472
0.003819
0.003819
0.000972
0.001736
0.006875
0.000833
0.000764
0.001250
0.003472
0.002431
0.002986
0.007292
0.003958
0.001042
0.000903
0.001181
0.002083
0.005833
0.001667
0.003333
0.007986
0.002986
0.001806
0.002083
0.001667
0.001181
0.002500
0.005278
0.000694
0.001597
0.002500
0.002153
0.001875
0.005278
0.001250
0.002431
0.005347
0.008125
0.001528
0.001806
0.001458
0.002639
0.002639
0.003333
0.002500
0.001458
0.004792
0.000972
0.001944
0.004722
0.002083
0.004514
0.002917
