0.065208
0.000833
0.003819
0.004236
0.001736
0.002153
0.017569
0.007014
0.000486
0.001528
0.004444
0.001597
0.002222
0.003264
0.007778
0.016250
0.005417
0.001875
0.003264
0.005625
0.002222
0.001667
0.010069
0.008333
0.000972
0.002986
0.008472
0.001736
0.001181
0.001528
0.008750
0.011250
0.003819
0.000694
0.003125
0.004444
0.003958
0.001181
0.011111
0.001597
0.001389
0.003472
0.005139
0.002014
0.009444
0.001667
0.009792
0.001458
0.003750
0.002014
0.003750
0.001806
0.004722
0.001528
0.013472
0.002431
0.001597
0.000833
0.004653
0.000347
0.012083
0.001389
0.005278
0.002639
0.004375
0.002083
0.001528
0.005069
0.001528
0.008542
0.001597
0.009861
0.000833
0.003958
0.003472
0.001458
0.001111
0.006181
0.001042
0.012431
0.001250
0.003403
0.001319
0.003472
0.002431
0.010278
0.001806
0.005278
0.000625
0.002431
0.002153
0.002083
0.001806
0.004028
0.003611
0.012986
0.003750
0.002292
0.001042
0.002222
0.002500
0.010694
0.002083
0.002917
0.002708
0.004306
0.001389
0.000833
0.010903
0.004514
0.004653
0.002222
0.005000
0.002778
0.002847
0.003750
0.007708
0.007431
0.001389
0.002014
0.000625
0.004514
0.004722
0.000833
0.009514
0.004792
0.001806
0.002014
0.000833
0.000556
0.002361
0.004722
0.002014
0.004306
0.011389
0.005208
0.000347
0.000625
0.003264
0.002500
0.004167
0.002222
0.004306
0.008889
0.001389
0.001528
0.004028
0.006458
0.001250
0.001458
0.008403
0.004514
0.001389
0.001111
0.007153
0.001458
0.002639
0.001736
0.005625
0.005556
0.005972
0.001458
0.002222
0.002083
0.001806
0.001528
0.007500
0.001528
0.000764
0.001250
0.009653
0.002986
0.005625
0.001181
0.005139
0.001319
0.003611
0.000833
0.005903
0.000764
0.002431
0.005069
0.008611
0.001389
0.001667
0.000556
0.004722
0.000833
0.008194
0.000556
0.003333
0.005139
0.000486
0.000903
0.001667
0.007292
0.001181
0.004861
0.002500
0.003125
0.001736
0.008125
0.001319
0.002569
0.002153
0.002847
0.001389
0.008264
0.000625
0.002361
0.001319
0.001806
0.001389
0.004931
0.004236
0.002083
0.000833
0.001389
0.000625
0.002014
0.005278
0.002847
0.003056
0.008472
0.003889
0.001528
0.000764
0.000903
0.001736
0.007222
0.005417
0.001667
0.002083
0.003958
0.000556
0.000903
0.006111
0.002708
0.002014
0.004375
0.006319
0.001736
0.004028
0.002292
0.002153
0.006806
0.002569
0.001597
0.000764
0.006389
0.001181
0.002153
0.008194
0.003403
0.001806
0.003194
