0.037778
0.001111
0.003958
0.004444
0.003264
0.000625
0.011875
0.002153
0.002292
0.001181
0.006250
0.003750
0.003125
0.000972
0.003958
0.010000
0.004375
0.001042
0.002847
0.005347
0.002986
0.000625
0.010139
0.004028
0.002917
0.002569
0.005417
0.001181
0.003542
0.001111
0.007014
0.007014
0.009167
0.001181
0.005208
0.005278
0.008611
0.000625
0.010417
0.002431
0.007222
0.003403
0.008125
0.002639
0.010625
0.001250
0.004931
0.001597
0.006667
0.000764
0.002431
0.002847
0.008542
0.001597
0.013472
0.005000
0.004653
0.001667
0.003681
0.001597
0.012778
0.001111
0.005625
0.004722
0.005000
0.000556
0.003681
0.006667
0.003125
0.003333
0.002986
0.006319
0.003750
0.003958
0.006528
0.004306
0.001806
0.000972
0.002292
0.004583
0.003611
0.000556
0.002153
0.002431
0.005417
0.006944
0.006875
0.003542
0.002500
0.001528
0.002917
0.001736
0.005208
0.000556
0.005694
0.008333
0.005556
0.000903
0.002222
0.002222
0.005069
0.007500
0.002083
0.002292
0.004722
0.000764
0.001250
0.001111
0.011806
0.001111
0.002083
0.001042
0.008264
0.000486
0.001944
0.003542
0.006667
0.003542
0.002986
0.002014
0.003542
0.003264
0.004236
0.000972
0.005972
0.001806
0.002917
0.001458
0.001528
0.000208
0.004375
0.004306
0.002847
0.003750
0.005694
0.001736
0.002778
0.000625
0.005208
0.002778
0.005833
0.000764
0.002847
0.005069
0.002639
0.000903
0.002917
0.008125
0.002986
0.000347
0.008125
0.003125
0.002639
0.001042
0.008125
0.001181
0.003403
0.001736
0.005972
0.005903
0.011042
0.001458
0.004514
0.003056
0.007222
0.001806
0.007778
0.001319
0.007361
0.001806
0.012361
0.002500
0.012083
0.000903
0.004028
0.001875
0.005764
0.000694
0.002153
0.001111
0.006944
0.004722
0.008472
0.002847
0.004792
0.000694
0.002639
0.002222
0.008056
0.001875
0.005833
0.006667
0.002014
0.001736
0.004167
0.008472
0.002639
0.001806
0.001875
0.002014
0.003611
0.006667
0.005139
0.004167
0.002500
0.001389
0.002153
0.004514
0.001667
0.001042
0.001458
0.001875
0.003125
0.002222
0.007083
0.002917
0.001389
0.001528
0.002292
0.002778
0.006736
0.000903
0.005625
0.004861
0.004722
0.000903
0.002361
0.000833
0.003958
0.002778
0.004444
0.001389
0.004514
0.000972
0.003264
0.001944
0.008681
0.000764
0.003056
0.004653
0.009444
0.000764
0.001736
0.000694
0.006319
0.002083
0.003194
0.001458
0.002639
0.005347
0.001875
0.000694
0.005347
0.001319
0.002708
0.002708
