0.061458
0.000278
0.003889
0.005208
0.002639
0.000972
0.014792
0.007708
0.001111
0.000347
0.005069
0.005139
0.002361
0.001181
0.006528
0.015625
0.003264
0.001042
0.002778
0.007292
0.002500
0.001458
0.013125
0.007431
0.002569
0.003472
0.006250
0.002431
0.001806
0.001458
0.005903
0.010069
0.004583
0.001042
0.002639
0.003819
0.004653
0.000694
0.012431
0.001944
0.002500
0.003472
0.006181
0.002569
0.007361
0.001319
0.008194
0.001944
0.003889
0.000694
0.002847
0.002222
0.003472
0.001528
0.012708
0.003194
0.003819
0.001458
0.004306
0.001319
0.010486
0.002917
0.004931
0.001667
0.004583
0.001250
0.001806
0.006111
0.001319
0.008125
0.001667
0.008819
0.001111
0.003889
0.004583
0.003125
0.001250
0.003750
0.001806
0.017014
0.001250
0.001319
0.001806
0.005764
0.001944
0.009028
0.001181
0.008056
0.001389
0.002847
0.001736
0.002500
0.002153
0.004028
0.002292
0.012778
0.003472
0.002569
0.001250
0.002222
0.003681
0.009583
0.002222
0.002361
0.003056
0.003264
0.001319
0.001458
0.009792
0.002222
0.003611
0.002222
0.004514
0.001250
0.001944
0.003750
0.008194
0.005486
0.001875
0.001806
0.002708
0.003056
0.004861
0.001319
0.009583
0.003958
0.001667
0.001667
0.001181
0.000278
0.004583
0.007014
0.002986
0.003056
0.008472
0.003472
0.001181
0.000556
0.004722
0.004444
0.003681
0.000903
0.006181
0.007014
0.000972
0.000903
0.003403
0.007708
0.001250
0.001528
0.006667
0.005139
0.001528
0.001042
0.007708
0.002292
0.002569
0.001250
0.003472
0.009028
0.008472
0.001181
0.002708
0.002847
0.005000
0.001250
0.010139
0.002361
0.001458
0.001111
0.008889
0.001736
0.005000
0.001250
0.004792
0.002083
0.001528
0.000417
0.004097
0.001319
0.002500
0.004444
0.007569
0.001944
0.001806
0.000347
0.003472
0.000764
0.006042
0.002153
0.002500
0.005139
0.002500
0.001667
0.002153
0.007986
0.001875
0.003889
0.001736
0.003819
0.001181
0.007986
0.002153
0.003819
0.002014
0.001736
0.002708
0.011458
0.000625
0.001806
0.001250
0.005069
0.001319
0.004375
0.004931
0.004375
0.001250
0.003125
0.000625
0.004028
0.004861
0.002222
0.002222
0.009028
0.007014
0.001458
0.001042
0.001458
0.002986
0.003611
0.005556
0.001319
0.002153
0.001875
0.001667
0.000694
0.005139
0.000903
0.002708
0.004792
0.004375
0.001042
0.002708
0.001389
0.004792
0.004722
0.001806
0.002222
0.002708
0.004792
0.001528
0.001528
0.007569
0.002292
0.001181
0.002500
