0.067569
0.000486
0.001042
0.005625
0.002847
0.000764
0.007431
0.004931
0.001806
0.001250
0.004167
0.005139
0.003333
0.001944
0.005486
0.010486
0.005000
0.000764
0.002014
0.005347
0.001875
0.001389
0.005000
0.004861
0.003472
0.003194
0.006319
0.005208
0.002083
0.001875
0.004722
0.010903
0.005625
0.000833
0.001111
0.005486
0.007708
0.000764
0.004722
0.002361
0.004306
0.003819
0.005694
0.003750
0.010903
0.001042
0.006389
0.002639
0.007083
0.000903
0.001389
0.001736
0.002708
0.001319
0.009653
0.002778
0.005972
0.001458
0.005903
0.002986
0.012361
0.002083
0.004792
0.004167
0.003403
0.001389
0.000833
0.007361
0.003264
0.003681
0.001944
0.005625
0.002222
0.002708
0.004028
0.005208
0.003819
0.001875
0.002847
0.008403
0.003333
0.000625
0.001111
0.005208
0.002222
0.005278
0.002569
0.005069
0.002917
0.002639
0.003125
0.004514
0.002778
0.002569
0.003611
0.012986
0.004444
0.001667
0.001181
0.002708
0.007222
0.005556
0.002083
0.001250
0.003542
0.002083
0.002153
0.003542
0.015208
0.001875
0.003264
0.002222
0.006944
0.000625
0.000833
0.005208
0.004236
0.002917
0.001944
0.002778
0.006875
0.003333
0.004514
0.001597
0.006944
0.001875
0.004375
0.002361
0.002153
0.000417
0.001944
0.005278
0.002778
0.003958
0.005764
0.004514
0.002083
0.000764
0.002014
0.003264
0.005833
0.001042
0.002500
0.006389
0.002917
0.000417
0.002708
0.009722
0.002569
0.001250
0.009236
0.007847
0.002639
0.000972
0.004653
0.003681
0.002917
0.001181
0.003056
0.007986
0.009653
0.001458
0.002431
0.002986
0.008681
0.001806
0.007569
0.002569
0.003125
0.001389
0.004653
0.002153
0.008889
0.001250
0.002222
0.002778
0.004583
0.001458
0.002361
0.002153
0.004792
0.003889
0.007361
0.003056
0.003333
0.001458
0.002292
0.001528
0.006458
0.001111
0.002292
0.006319
0.001389
0.001181
0.001250
0.009931
0.002986
0.003333
0.002986
0.004306
0.002222
0.004028
0.001389
0.004514
0.003264
0.001042
0.002153
0.006250
0.002083
0.001250
0.001736
0.003819
0.002500
0.002917
0.006667
0.005694
0.001736
0.001181
0.001181
0.002361
0.005208
0.001875
0.001250
0.007708
0.005347
0.001181
0.000972
0.001944
0.007569
0.003264
0.006528
0.001597
0.003125
0.000625
0.000764
0.001736
0.009097
0.000764
0.001944
0.005625
0.011944
0.001042
0.001597
0.002222
0.005764
0.002639
0.003958
0.002361
0.004306
0.004653
0.000903
0.001528
0.006944
0.001250
0.001458
0.002153
