0.031389
0.002708
0.003333
0.004861
0.003472
0.002014
0.010556
0.003750
0.001597
0.002222
0.003889
0.002847
0.002014
0.001875
0.004514
0.009306
0.002708
0.000972
0.002778
0.004861
0.003611
0.001875
0.009653
0.004375
0.000764
0.003403
0.005694
0.003125
0.003681
0.002708
0.003472
0.008611
0.007778
0.002569
0.006319
0.004653
0.005972
0.002083
0.009861
0.002222
0.003125
0.005069
0.006944
0.002083
0.008264
0.002014
0.007431
0.002431
0.003958
0.001319
0.006736
0.003056
0.006389
0.004028
0.013819
0.004722
0.002639
0.001389
0.002917
0.001458
0.012847
0.003333
0.004375
0.004931
0.006597
0.004028
0.002014
0.006944
0.003056
0.003542
0.001111
0.002500
0.002708
0.007153
0.004583
0.003125
0.001944
0.003125
0.001528
0.003958
0.002292
0.002014
0.001806
0.004306
0.004583
0.010347
0.003542
0.005417
0.001389
0.002083
0.002083
0.002917
0.004097
0.003542
0.001597
0.009583
0.006042
0.003403
0.001111
0.004028
0.003403
0.008264
0.002083
0.001875
0.003125
0.003333
0.002083
0.001806
0.006667
0.001528
0.002500
0.001875
0.004444
0.000972
0.001944
0.003056
0.006806
0.003958
0.003194
0.003889
0.001736
0.004306
0.003403
0.001319
0.009097
0.003681
0.002292
0.002986
0.001458
0.001736
0.002569
0.005347
0.001806
0.004306
0.005278
0.003194
0.001944
0.002778
0.004028
0.003889
0.003889
0.001806
0.005694
0.004028
0.001319
0.000278
0.002153
0.006944
0.001250
0.001806
0.005625
0.003889
0.000972
0.000972
0.009167
0.002361
0.003611
0.002153
0.005903
0.007639
0.009236
0.003194
0.003889
0.003194
0.002500
0.001736
0.006806
0.002431
0.004306
0.002986
0.011597
0.002778
0.006042
0.001597
0.007361
0.003403
0.004097
0.000625
0.004583
0.001042
0.005000
0.005069
0.006389
0.002917
0.003056
0.001667
0.004236
0.001597
0.008194
0.004167
0.004861
0.005625
0.002569
0.002500
0.001667
0.007708
0.001597
0.003958
0.001319
0.002847
0.002847
0.011042
0.002153
0.004444
0.002917
0.004583
0.001736
0.005417
0.001528
0.001389
0.000486
0.003056
0.003125
0.004236
0.004653
0.003750
0.001389
0.003056
0.001597
0.002292
0.006875
0.003958
0.002569
0.008819
0.003681
0.002500
0.002014
0.002639
0.002708
0.002569
0.004653
0.002292
0.003611
0.003958
0.001736
0.002222
0.005208
0.002292
0.002014
0.004167
0.004931
0.000903
0.001667
0.000903
0.005069
0.005000
0.002292
0.002083
0.002153
0.007083
0.001528
0.000903
0.008958
0.005764
0.002014
0.003333
