0.034514
0.000972
0.003819
0.005000
0.005694
0.001528
0.010972
0.003125
0.001667
0.001250
0.006528
0.002708
0.002708
0.002222
0.006667
0.004861
0.005556
0.000972
0.005972
0.005486
0.002986
0.000903
0.011806
0.006042
0.002361
0.002639
0.006944
0.001875
0.001806
0.001458
0.006806
0.008056
0.007222
0.000972
0.005069
0.006389
0.007431
0.001111
0.011389
0.002500
0.001875
0.003472
0.009306
0.001944
0.008611
0.001319
0.007500
0.002361
0.005000
0.000486
0.004375
0.004583
0.005625
0.001042
0.014097
0.003611
0.003125
0.000694
0.004306
0.002431
0.012153
0.001250
0.006667
0.004306
0.004583
0.002847
0.002083
0.006806
0.002569
0.004375
0.003056
0.005903
0.000903
0.004792
0.007153
0.002639
0.001181
0.001528
0.003194
0.004236
0.002917
0.000972
0.002917
0.004444
0.002986
0.008194
0.004514
0.003542
0.001667
0.001597
0.002083
0.001181
0.002708
0.001528
0.004653
0.008819
0.003958
0.001667
0.002083
0.003403
0.005000
0.006181
0.003333
0.003472
0.001597
0.002153
0.002500
0.001736
0.008056
0.001181
0.003472
0.003611
0.007500
0.001875
0.002222
0.004236
0.004375
0.003194
0.002847
0.002917
0.002778
0.002569
0.004236
0.001319
0.008056
0.002222
0.003819
0.002917
0.002639
0.000417
0.004028
0.003611
0.003403
0.003403
0.007778
0.001944
0.001389
0.001181
0.004514
0.002569
0.005347
0.001875
0.006111
0.005069
0.002569
0.000625
0.004792
0.004167
0.001389
0.001319
0.012222
0.004097
0.002778
0.000625
0.008611
0.002708
0.003403
0.001111
0.005556
0.007778
0.008889
0.001042
0.005694
0.002847
0.004653
0.000972
0.008194
0.002431
0.003125
0.000833
0.014375
0.001875
0.008472
0.001250
0.005625
0.003542
0.005417
0.000833
0.003819
0.002153
0.003542
0.004306
0.010764
0.002153
0.002361
0.000556
0.005625
0.002153
0.007569
0.001528
0.004236
0.007431
0.002083
0.000972
0.002222
0.007431
0.001944
0.003056
0.002708
0.002431
0.001597
0.007361
0.002083
0.003750
0.003056
0.001806
0.002778
0.006528
0.001806
0.001042
0.001597
0.002569
0.001736
0.002986
0.008542
0.003194
0.001875
0.002222
0.001528
0.002569
0.006319
0.002569
0.003889
0.007083
0.003403
0.001736
0.001875
0.002222
0.004028
0.002500
0.004583
0.002569
0.001736
0.002083
0.002014
0.003542
0.007222
0.001736
0.002778
0.005069
0.007361
0.001389
0.001875
0.001458
0.002153
0.002778
0.003542
0.001875
0.003125
0.005000
0.001806
0.002153
0.006389
0.002083
0.002708
0.003403
