0.061667
0.002431
0.001944
0.005486
0.002986
0.003125
0.007778
0.003056
0.001667
0.003333
0.002431
0.002431
0.002431
0.002292
0.002569
0.011389
0.004028
0.002431
0.001667
0.005278
0.001319
0.002500
0.006111
0.006042
0.001389
0.004792
0.004444
0.002917
0.001528
0.002569
0.003889
0.006806
0.004306
0.002847
0.003056
0.005069
0.002361
0.002500
0.003333
0.001736
0.002292
0.006250
0.004444
0.003611
0.006944
0.002708
0.003333
0.001389
0.003333
0.002153
0.002361
0.001667
0.002708
0.003889
0.010347
0.003194
0.002847
0.002639
0.003333
0.001944
0.013194
0.004514
0.003194
0.002986
0.004375
0.004514
0.001875
0.005764
0.001528
0.011458
0.001389
0.004653
0.002569
0.007639
0.003681
0.003056
0.001597
0.006528
0.001597
0.009931
0.002014
0.002708
0.001042
0.003611
0.004097
0.013542
0.002639
0.004583
0.001111
0.004792
0.001458
0.002847
0.002569
0.004306
0.003194
0.010833
0.003264
0.003194
0.001458
0.003125
0.003194
0.011806
0.001736
0.002986
0.002986
0.005486
0.001736
0.001528
0.015139
0.005417
0.002361
0.002500
0.004653
0.003125
0.001736
0.004375
0.003472
0.010347
0.001667
0.002569
0.002222
0.004444
0.003611
0.002292
0.011042
0.006528
0.002222
0.002361
0.000833
0.002361
0.003403
0.005625
0.002083
0.004514
0.003889
0.002014
0.001181
0.002083
0.002986
0.002292
0.004792
0.004097
0.001528
0.005417
0.001806
0.002500
0.001806
0.007222
0.002014
0.003611
0.004722
0.003889
0.000903
0.001806
0.005972
0.002847
0.001528
0.002986
0.001944
0.005972
0.007500
0.003125
0.003542
0.001597
0.003333
0.003194
0.004583
0.002847
0.002014
0.003403
0.006944
0.001667
0.004722
0.002569
0.002153
0.002222
0.003333
0.001597
0.002917
0.001042
0.002500
0.007222
0.005069
0.002639
0.001042
0.001042
0.004306
0.001181
0.005764
0.004375
0.002847
0.005417
0.002014
0.004167
0.002153
0.008958
0.001667
0.008333
0.001667
0.002639
0.002153
0.008472
0.001389
0.002708
0.001944
0.003819
0.001250
0.006111
0.000625
0.003542
0.000833
0.002986
0.003264
0.008333
0.005000
0.003958
0.000625
0.002639
0.001250
0.002431
0.005486
0.002917
0.001458
0.006042
0.004653
0.005000
0.001250
0.001458
0.003750
0.007014
0.004722
0.003403
0.002431
0.003056
0.001111
0.001736
0.005764
0.003889
0.001389
0.004583
0.007431
0.003264
0.001181
0.001389
0.002847
0.009236
0.001944
0.002431
0.002014
0.006875
0.001597
0.002153
0.006458
0.004375
0.001875
0.003264
