0.077917
0.000694
0.001875
0.004653
0.003125
0.001736
0.013264
0.003056
0.000972
0.001111
0.004583
0.001042
0.002292
0.001944
0.005972
0.011458
0.004861
0.000903
0.002361
0.006806
0.002500
0.001458
0.012431
0.005486
0.001389
0.003194
0.006806
0.000833
0.002222
0.002292
0.006181
0.009306
0.005486
0.001250
0.003542
0.002847
0.006111
0.000694
0.017431
0.001597
0.001806
0.004236
0.006875
0.001111
0.008333
0.001667
0.009028
0.001597
0.006597
0.001389
0.002153
0.002014
0.005278
0.002431
0.018403
0.002847
0.003819
0.000903
0.007361
0.001042
0.013750
0.003125
0.005069
0.002569
0.005000
0.001736
0.001597
0.004375
0.001528
0.007500
0.001042
0.005278
0.001042
0.005139
0.004931
0.000556
0.001042
0.004861
0.001389
0.007639
0.001458
0.001389
0.000833
0.004097
0.004097
0.009306
0.004375
0.002222
0.001736
0.002778
0.001597
0.001181
0.004722
0.003611
0.003681
0.008403
0.003472
0.001875
0.001528
0.002500
0.003750
0.013125
0.002361
0.002778
0.001319
0.005208
0.001667
0.000556
0.010625
0.003681
0.003333
0.001389
0.004722
0.002361
0.001319
0.004653
0.011389
0.006875
0.002431
0.001389
0.001806
0.003889
0.005556
0.001111
0.012292
0.005139
0.001806
0.001944
0.001111
0.000625
0.002222
0.004028
0.001806
0.004306
0.009375
0.002153
0.001250
0.000903
0.003542
0.000972
0.004931
0.001597
0.003125
0.007778
0.001319
0.000556
0.003194
0.008264
0.001458
0.001875
0.008194
0.002431
0.002153
0.001319
0.006111
0.001875
0.002083
0.001389
0.003403
0.006319
0.007847
0.001736
0.004375
0.002917
0.002639
0.002361
0.011042
0.001181
0.002778
0.001667
0.009514
0.002500
0.006319
0.000972
0.004583
0.002917
0.004236
0.000833
0.003889
0.000486
0.002778
0.004931
0.010278
0.001250
0.003889
0.000694
0.004583
0.001319
0.006944
0.001667
0.004722
0.004097
0.003819
0.002639
0.001319
0.006528
0.001944
0.006111
0.001667
0.002639
0.003194
0.009167
0.001528
0.001389
0.001319
0.003403
0.001667
0.006042
0.000486
0.002292
0.000694
0.002014
0.002153
0.005347
0.004722
0.001389
0.001042
0.001736
0.001111
0.001181
0.005486
0.001319
0.002917
0.004931
0.004653
0.001389
0.000556
0.001389
0.001528
0.004722
0.005972
0.001667
0.000833
0.001667
0.001667
0.000903
0.005278
0.002431
0.001875
0.005556
0.005069
0.001806
0.001944
0.000903
0.005069
0.005694
0.002361
0.000556
0.001319
0.005764
0.001528
0.000833
0.006111
0.002778
0.001736
0.002569
