0.079444
0.000972
0.003542
0.004653
0.002986
0.002292
0.012917
0.006736
0.000972
0.001736
0.006319
0.002083
0.002292
0.003611
0.005208
0.013819
0.006181
0.000833
0.002986
0.007431
0.002153
0.001597
0.011111
0.005417
0.000764
0.003750
0.003611
0.004097
0.002083
0.002222
0.006111
0.010972
0.004097
0.000903
0.001597
0.004444
0.004653
0.000556
0.008819
0.003889
0.001458
0.002708
0.006667
0.001736
0.012222
0.002292
0.009792
0.001181
0.005625
0.000972
0.002708
0.002500
0.002361
0.001181
0.015069
0.002222
0.002361
0.001597
0.002361
0.001667
0.011389
0.003125
0.004792
0.002778
0.002917
0.002431
0.001181
0.005972
0.001875
0.007847
0.001458
0.007361
0.000972
0.004097
0.004653
0.002153
0.001319
0.005139
0.002083
0.007083
0.001181
0.002222
0.001528
0.007222
0.002292
0.015069
0.001597
0.006250
0.000278
0.002361
0.001528
0.003403
0.001111
0.002292
0.001528
0.012986
0.004167
0.003194
0.000486
0.002292
0.002639
0.009306
0.002292
0.005347
0.001181
0.001389
0.001528
0.001319
0.014028
0.003542
0.003681
0.003611
0.006528
0.002361
0.001319
0.005625
0.002986
0.008125
0.001250
0.002847
0.001389
0.005069
0.002639
0.002500
0.008889
0.005694
0.001597
0.001944
0.000694
0.002014
0.005486
0.006319
0.001597
0.004931
0.005278
0.003194
0.000556
0.001111
0.004167
0.002986
0.006806
0.002222
0.001875
0.008056
0.001250
0.001528
0.003472
0.010694
0.000972
0.001319
0.008194
0.002083
0.002292
0.000278
0.006458
0.002917
0.002222
0.001458
0.003681
0.005764
0.007847
0.000764
0.002083
0.001875
0.002153
0.001181
0.005625
0.001944
0.001042
0.000833
0.008194
0.001597
0.009097
0.001319
0.003750
0.002847
0.002153
0.001181
0.004722
0.002083
0.000694
0.004722
0.006597
0.001458
0.002361
0.000347
0.002847
0.001667
0.005417
0.002569
0.002500
0.003750
0.000764
0.001181
0.001875
0.009306
0.000903
0.006319
0.002153
0.003611
0.001528
0.007708
0.003125
0.002986
0.001806
0.002639
0.002222
0.007431
0.000625
0.002500
0.001597
0.005694
0.000347
0.005486
0.005208
0.002083
0.000486
0.002222
0.001250
0.005972
0.003681
0.001528
0.001597
0.005764
0.005833
0.002361
0.001250
0.001458
0.001319
0.005347
0.002917
0.002986
0.001597
0.002153
0.000486
0.001319
0.007292
0.001250
0.001944
0.006736
0.011597
0.001597
0.001806
0.002431
0.000764
0.007014
0.000903
0.001319
0.001667
0.006875
0.000625
0.002917
0.004653
0.003194
0.000972
0.001944
