0.099583
0.001736
0.004514
0.003264
0.001806
0.002639
0.011250
0.003819
0.000764
0.002639
0.004236
0.002986
0.001667
0.002153
0.004028
0.009306
0.004028
0.002222
0.002708
0.004514
0.002361
0.003403
0.007639
0.004375
0.001806
0.005208
0.005972
0.001319
0.001736
0.003889
0.004653
0.007153
0.003264
0.003125
0.003542
0.003889
0.003125
0.002222
0.007917
0.003333
0.001458
0.006181
0.005278
0.003056
0.004583
0.001875
0.005278
0.002500
0.002153
0.000972
0.003125
0.002222
0.003264
0.003542
0.011736
0.002569
0.001875
0.001389
0.004653
0.002431
0.007639
0.002847
0.005000
0.002639
0.003403
0.002639
0.003125
0.004028
0.002014
0.005625
0.002569
0.004514
0.000903
0.005417
0.004861
0.002569
0.001944
0.003264
0.001806
0.008750
0.002708
0.003056
0.002361
0.003264
0.001389
0.011250
0.002917
0.004306
0.001667
0.002153
0.004097
0.002431
0.002222
0.004375
0.002500
0.008333
0.003333
0.002847
0.002361
0.002569
0.002639
0.009653
0.002708
0.002431
0.001181
0.003681
0.003403
0.002639
0.007431
0.003819
0.003333
0.003056
0.003681
0.002292
0.002778
0.005208
0.002500
0.007986
0.002569
0.002986
0.001250
0.002708
0.003819
0.003125
0.005417
0.005417
0.003125
0.003125
0.000972
0.001736
0.004236
0.002917
0.001667
0.007153
0.008958
0.002222
0.001319
0.002222
0.004028
0.002500
0.005208
0.001181
0.004375
0.007708
0.001736
0.003819
0.003333
0.005000
0.000903
0.003403
0.005833
0.002778
0.002361
0.002778
0.008264
0.001875
0.002917
0.002708
0.003681
0.005833
0.003403
0.002986
0.003056
0.003333
0.001597
0.003194
0.005347
0.002917
0.001389
0.003750
0.009722
0.002847
0.004514
0.001528
0.003819
0.004306
0.001042
0.001597
0.003333
0.001736
0.001319
0.004583
0.008333
0.002569
0.001389
0.001667
0.005417
0.001806
0.004028
0.002986
0.004167
0.004861
0.002500
0.002500
0.003542
0.004514
0.002222
0.006319
0.004375
0.003056
0.003194
0.008333
0.003264
0.001597
0.003681
0.002778
0.002153
0.006181
0.000764
0.002083
0.002014
0.002014
0.000972
0.006667
0.003750
0.003403
0.001528
0.001736
0.002569
0.002569
0.003819
0.002500
0.002431
0.005347
0.003472
0.003194
0.001875
0.001944
0.001111
0.007014
0.002986
0.002500
0.001597
0.002153
0.003819
0.001528
0.005000
0.002153
0.002569
0.005903
0.005694
0.002222
0.003403
0.002986
0.001042
0.006181
0.004306
0.003194
0.002153
0.005278
0.002153
0.002361
0.002986
0.002778
0.003333
0.002986
