0.056528
0.001944
0.003542
0.004167
0.002569
0.002361
0.008542
0.005556
0.001667
0.002431
0.003958
0.002708
0.002083
0.002778
0.005069
0.010417
0.005417
0.003194
0.001806
0.003681
0.002569
0.002708
0.004931
0.004375
0.002153
0.004236
0.003472
0.002361
0.002569
0.002917
0.004861
0.006458
0.003403
0.002847
0.003333
0.006597
0.002569
0.003056
0.008125
0.003750
0.001319
0.005556
0.004722
0.002847
0.006181
0.002153
0.004167
0.002778
0.003056
0.002153
0.002569
0.003056
0.003125
0.003611
0.009722
0.004167
0.001389
0.001458
0.003194
0.001736
0.008472
0.002778
0.005069
0.004028
0.004792
0.004097
0.004722
0.004375
0.002569
0.008056
0.002778
0.004028
0.002500
0.005278
0.006042
0.003472
0.002778
0.006667
0.003472
0.006806
0.002083
0.003194
0.001875
0.002986
0.002778
0.011528
0.003125
0.004722
0.000903
0.003681
0.002847
0.002639
0.002361
0.003958
0.004028
0.011319
0.002222
0.004236
0.002500
0.002986
0.004097
0.011042
0.002153
0.003056
0.001667
0.003125
0.002569
0.002222
0.010139
0.005764
0.002083
0.003125
0.003819
0.002569
0.002500
0.003819
0.001875
0.007083
0.001944
0.003889
0.001250
0.004306
0.003958
0.002639
0.005278
0.005208
0.001806
0.003403
0.001667
0.002361
0.002778
0.003194
0.000972
0.005000
0.005417
0.002569
0.001806
0.002986
0.002986
0.003542
0.005694
0.002222
0.003819
0.005764
0.002083
0.003194
0.002431
0.004653
0.001667
0.003333
0.005486
0.002361
0.002778
0.002014
0.005417
0.002639
0.003472
0.002917
0.003472
0.007500
0.003542
0.002847
0.002986
0.002847
0.001667
0.003472
0.005069
0.002431
0.001319
0.003056
0.009931
0.003472
0.005278
0.002153
0.004097
0.003958
0.001250
0.002292
0.002917
0.002153
0.002222
0.006250
0.007431
0.002569
0.001944
0.001250
0.002153
0.002778
0.005694
0.002431
0.004097
0.006319
0.002292
0.003611
0.003611
0.005764
0.001319
0.006319
0.003819
0.002500
0.002292
0.007847
0.001389
0.002569
0.003333
0.005764
0.002847
0.004306
0.001111
0.003958
0.001875
0.003194
0.001528
0.007778
0.006319
0.002431
0.001944
0.002708
0.002153
0.003611
0.005625
0.005278
0.004028
0.007431
0.002569
0.002847
0.002569
0.001319
0.001319
0.006389
0.005208
0.001944
0.001319
0.002500
0.001597
0.002153
0.005625
0.004792
0.002569
0.004306
0.004514
0.002222
0.003194
0.002847
0.001528
0.007361
0.002639
0.002639
0.002361
0.005417
0.002708
0.003542
0.004375
0.004583
0.003056
0.005556
