0.049028
0.002222
0.002569
0.001806
0.003889
0.002708
0.008611
0.002014
0.002708
0.003750
0.004653
0.001806
0.002222
0.002361
0.004167
0.009236
0.004306
0.001667
0.002500
0.004306
0.002917
0.002500
0.005694
0.001875
0.004861
0.003472
0.006806
0.001389
0.003264
0.003611
0.004236
0.004583
0.005764
0.002361
0.002778
0.002847
0.006875
0.003611
0.006250
0.001667
0.007569
0.004861
0.007361
0.001458
0.004306
0.002361
0.005556
0.001597
0.004306
0.002014
0.002292
0.002361
0.005556
0.003681
0.009167
0.002153
0.005972
0.004306
0.006736
0.001597
0.010903
0.002986
0.004861
0.002014
0.004444
0.003611
0.002014
0.004792
0.001944
0.004583
0.002292
0.002500
0.003194
0.006458
0.005278
0.001597
0.001667
0.003958
0.002847
0.003333
0.002500
0.001944
0.002500
0.001250
0.004097
0.007847
0.003750
0.002847
0.004236
0.004236
0.004722
0.001181
0.003819
0.003819
0.003889
0.004861
0.004028
0.002917
0.002569
0.002986
0.005625
0.007778
0.003056
0.001389
0.004722
0.003958
0.004722
0.001458
0.008750
0.003819
0.003819
0.001875
0.006528
0.002500
0.001944
0.003125
0.006111
0.004375
0.003472
0.001181
0.004653
0.005000
0.005208
0.001111
0.005972
0.003611
0.002986
0.002153
0.002639
0.001389
0.001875
0.003403
0.004792
0.005000
0.006250
0.001111
0.001944
0.002222
0.003194
0.001875
0.006875
0.002153
0.001597
0.003403
0.003403
0.001667
0.003611
0.008403
0.003819
0.003958
0.005764
0.002778
0.003056
0.001250
0.009722
0.001389
0.003194
0.002917
0.002569
0.003194
0.010139
0.002431
0.002639
0.001597
0.008403
0.003403
0.006736
0.001667
0.004792
0.003264
0.010486
0.001736
0.005903
0.002431
0.002708
0.002361
0.003819
0.002153
0.002917
0.000694
0.004583
0.006458
0.007292
0.002500
0.004722
0.002639
0.005694
0.001319
0.006111
0.004236
0.003125
0.003125
0.002569
0.002847
0.002361
0.006250
0.002986
0.004444
0.003333
0.001528
0.002500
0.009444
0.003264
0.001944
0.001875
0.002431
0.002361
0.003681
0.002083
0.003125
0.002847
0.002708
0.003958
0.005000
0.006389
0.003125
0.001806
0.002917
0.002778
0.001389
0.005903
0.003403
0.002431
0.004514
0.005000
0.002153
0.001944
0.001736
0.006458
0.004583
0.006458
0.001458
0.003472
0.004722
0.001944
0.001667
0.005417
0.002708
0.001875
0.004306
0.008750
0.001597
0.002153
0.001736
0.005069
0.005208
0.005069
0.001597
0.003472
0.006458
0.002361
0.001736
0.004931
0.002778
0.002431
0.002778
