0.062986
0.000694
0.003472
0.006389
0.002917
0.001042
0.011250
0.005000
0.001319
0.001111
0.005764
0.002917
0.002708
0.001458
0.003681
0.013125
0.003611
0.000972
0.001528
0.006042
0.002292
0.001111
0.012708
0.006111
0.001597
0.003403
0.007639
0.002847
0.001875
0.001597
0.006667
0.013889
0.005347
0.000625
0.002500
0.005556
0.002431
0.001597
0.010903
0.002014
0.001319
0.003889
0.006875
0.003056
0.005069
0.001250
0.005417
0.002917
0.003056
0.001111
0.003056
0.003403
0.003403
0.002847
0.016389
0.003889
0.002431
0.001875
0.007708
0.002500
0.010972
0.002917
0.004514
0.004028
0.005972
0.001597
0.002292
0.007222
0.001875
0.007153
0.002847
0.006667
0.001250
0.003403
0.005972
0.003194
0.002292
0.001736
0.002153
0.007222
0.001597
0.001875
0.001389
0.003542
0.001806
0.007847
0.003958
0.003472
0.001597
0.002222
0.003194
0.002708
0.003819
0.002778
0.003542
0.012847
0.005278
0.001806
0.001736
0.002708
0.003056
0.012500
0.003333
0.003750
0.002500
0.002847
0.001944
0.001458
0.010278
0.001875
0.003264
0.001944
0.003889
0.001111
0.002708
0.003819
0.003958
0.003333
0.002569
0.002083
0.001875
0.003750
0.003958
0.001875
0.006250
0.004167
0.002292
0.001806
0.001806
0.000347
0.003819
0.005486
0.001806
0.004028
0.007431
0.002153
0.001597
0.000347
0.003194
0.002708
0.005417
0.001111
0.002431
0.007639
0.002222
0.001667
0.001458
0.008125
0.001458
0.001319
0.009375
0.004167
0.001736
0.001111
0.006875
0.002569
0.003264
0.001319
0.006111
0.011111
0.007431
0.001458
0.003542
0.001944
0.001319
0.001458
0.009375
0.002083
0.002431
0.001042
0.011250
0.002708
0.005000
0.000764
0.005764
0.004167
0.001806
0.000278
0.003542
0.001458
0.002917
0.005000
0.008125
0.001875
0.001736
0.000278
0.003125
0.001250
0.008194
0.001875
0.004375
0.007222
0.001319
0.001736
0.002847
0.007222
0.002014
0.003264
0.003125
0.003750
0.002222
0.007778
0.002500
0.003056
0.002500
0.001319
0.002917
0.006667
0.001458
0.002778
0.001944
0.002569
0.001458
0.004028
0.006597
0.003403
0.001319
0.001111
0.001806
0.003264
0.006389
0.003472
0.002917
0.008611
0.005486
0.000972
0.001944
0.002014
0.002083
0.004514
0.005347
0.001458
0.004722
0.001181
0.001250
0.001667
0.004722
0.001250
0.003056
0.005625
0.005278
0.001597
0.002569
0.001736
0.002986
0.003681
0.004306
0.002431
0.002083
0.005694
0.001528
0.001806
0.005208
0.003750
0.002361
0.002986
