0.068333
0.000972
0.003264
0.006389
0.002500
0.001181
0.008819
0.004236
0.001111
0.001875
0.003611
0.004097
0.001667
0.001250
0.004375
0.014167
0.004444
0.002778
0.001806
0.008542
0.002569
0.002569
0.007431
0.006736
0.001111
0.001597
0.004583
0.002917
0.001528
0.002014
0.003194
0.009861
0.004306
0.001042
0.003264
0.007014
0.004722
0.001389
0.005208
0.002639
0.002361
0.004236
0.005208
0.002431
0.007431
0.002569
0.003819
0.001944
0.002847
0.002014
0.001944
0.003958
0.005417
0.003264
0.011736
0.004375
0.002361
0.001667
0.003333
0.001667
0.011528
0.002500
0.004097
0.002639
0.005417
0.002014
0.002708
0.008125
0.002292
0.005833
0.002500
0.005625
0.001458
0.003819
0.005000
0.002778
0.002500
0.003333
0.001806
0.009167
0.002639
0.002986
0.001389
0.004167
0.002569
0.010208
0.002569
0.005486
0.000903
0.002778
0.003194
0.002292
0.002847
0.005208
0.001875
0.014861
0.003125
0.003264
0.002222
0.002639
0.002569
0.009444
0.002292
0.003750
0.003264
0.003889
0.002292
0.001944
0.009514
0.004514
0.002917
0.002222
0.004167
0.002500
0.000903
0.005347
0.005000
0.007639
0.003194
0.002639
0.002083
0.004028
0.005000
0.001181
0.009514
0.004097
0.001806
0.002083
0.000833
0.001875
0.002431
0.005694
0.001181
0.002222
0.004306
0.003056
0.001875
0.001736
0.003056
0.005625
0.005833
0.001806
0.003125
0.007778
0.001806
0.002500
0.001389
0.008125
0.002014
0.002361
0.005833
0.003889
0.001181
0.001528
0.004306
0.002361
0.003333
0.001597
0.003681
0.009375
0.006042
0.001875
0.002292
0.002917
0.001736
0.002292
0.004653
0.001528
0.004097
0.002014
0.009375
0.002153
0.007014
0.001806
0.002639
0.002778
0.001944
0.001944
0.002222
0.002708
0.002778
0.004167
0.007431
0.002500
0.003333
0.000833
0.002847
0.001806
0.007361
0.001667
0.002778
0.007569
0.002431
0.002569
0.002986
0.009028
0.001319
0.003819
0.003125
0.003264
0.002222
0.007361
0.003333
0.004306
0.003403
0.003056
0.002361
0.006597
0.001597
0.002014
0.001250
0.002153
0.001250
0.006042
0.006250
0.003333
0.001667
0.002431
0.002222
0.002083
0.005486
0.002986
0.002222
0.009236
0.002778
0.002361
0.000764
0.001736
0.001875
0.005903
0.005833
0.001667
0.001875
0.003194
0.000694
0.002083
0.006111
0.003750
0.002500
0.006597
0.005694
0.001597
0.001458
0.002569
0.001250
0.004583
0.002708
0.001667
0.002153
0.006042
0.001528
0.002639
0.008611
0.002986
0.002778
0.003958
