0.063125
0.001042
0.004514
0.003542
0.001458
0.001597
0.018472
0.004583
0.000903
0.001250
0.004653
0.001597
0.002500
0.002083
0.005069
0.015486
0.003958
0.001875
0.003681
0.002917
0.001806
0.002014
0.012083
0.006528
0.001667
0.003889
0.006181
0.002222
0.001181
0.001528
0.008125
0.011458
0.003056
0.001875
0.003264
0.004375
0.002778
0.001389
0.011389
0.002431
0.001875
0.003750
0.005486
0.002639
0.008333
0.002083
0.006111
0.001528
0.002847
0.001389
0.004306
0.001944
0.005139
0.002361
0.015069
0.003333
0.001528
0.001181
0.005625
0.000833
0.015694
0.001667
0.006806
0.002083
0.004931
0.001458
0.002847
0.005000
0.000972
0.011181
0.001736
0.008056
0.001181
0.003194
0.005347
0.001111
0.001944
0.003750
0.002431
0.015833
0.001458
0.001875
0.001458
0.002014
0.002431
0.013958
0.002292
0.005069
0.001111
0.002639
0.001528
0.002431
0.002222
0.003194
0.003750
0.016319
0.002153
0.001667
0.001181
0.002014
0.002986
0.015069
0.002917
0.003125
0.001528
0.002222
0.001667
0.000694
0.014583
0.003889
0.003542
0.002361
0.003958
0.001944
0.003125
0.003403
0.004583
0.008611
0.001667
0.001250
0.001806
0.002847
0.004931
0.001806
0.009722
0.004514
0.002361
0.001319
0.000556
0.000486
0.003403
0.003681
0.001528
0.003889
0.011806
0.002569
0.001250
0.000208
0.002847
0.002083
0.005069
0.001111
0.003889
0.011111
0.001528
0.001597
0.002986
0.006042
0.001528
0.002361
0.008125
0.002500
0.002083
0.000972
0.007153
0.001806
0.002639
0.002014
0.004514
0.006875
0.005903
0.001389
0.002014
0.002639
0.001944
0.001944
0.007431
0.001944
0.000972
0.001111
0.006875
0.003333
0.006042
0.001528
0.002569
0.002778
0.001944
0.001181
0.003819
0.000764
0.003125
0.005625
0.009306
0.002014
0.001389
0.000972
0.003819
0.001181
0.007569
0.001597
0.004444
0.005139
0.001250
0.000694
0.003194
0.004306
0.001528
0.005347
0.003403
0.002708
0.002639
0.005972
0.002083
0.001319
0.002708
0.002639
0.002500
0.009861
0.000556
0.001319
0.001389
0.001111
0.001736
0.007292
0.005486
0.001944
0.000417
0.000972
0.000972
0.002778
0.005347
0.001667
0.002361
0.009931
0.003125
0.001111
0.000764
0.000694
0.002083
0.007083
0.005833
0.001806
0.001181
0.000903
0.001042
0.001736
0.008611
0.002569
0.002222
0.005486
0.004861
0.001250
0.002847
0.001806
0.002986
0.006944
0.003125
0.002083
0.000347
0.005208
0.001389
0.002917
0.005903
0.002778
0.002500
0.003542
