0.093994
0.002083
0.002352
0.004367
0.003830
0.003359
0.009137
0.004166
0.001545
0.003091
0.006920
0.004569
0.002889
0.002956
0.004770
0.009003
0.002486
0.001881
0.003695
0.007323
0.001344
0.002419
0.005509
0.004233
0.001478
0.003494
0.007592
0.003762
0.000806
0.003225
0.004367
0.008533
0.002956
0.001344
0.002284
0.005106
0.002016
0.001881
0.006719
0.002486
0.000806
0.004434
0.007726
0.003426
0.002687
0.001612
0.006584
0.003628
0.002553
0.001411
0.003695
0.004972
0.001545
0.002956
0.009339
0.005173
0.001344
0.001747
0.005912
0.003292
0.006584
0.003292
0.002956
0.005576
0.003426
0.001814
0.001814
0.009272
0.001881
0.004300
0.001948
0.004031
0.000403
0.005375
0.005442
0.004367
0.001277
0.004166
0.003091
0.004569
0.001747
0.001948
0.002822
0.005106
0.001747
0.008600
0.005845
0.004837
0.000806
0.003897
0.004098
0.002889
0.002486
0.004300
0.004703
0.010145
0.001814
0.001612
0.002822
0.004501
0.001478
0.005778
0.002687
0.004501
0.001008
0.002755
0.004300
0.002150
0.003964
0.001344
0.004905
0.004233
0.003091
0.001478
0.002553
0.004367
0.001277
0.002956
0.002284
0.003292
0.000873
0.004905
0.004098
0.003023
0.002620
0.004031
0.002419
0.002687
0.001344
0.002687
0.004501
0.009205
0.002486
0.004233
0.006114
0.004166
0.001680
0.001344
0.005644
0.004636
0.002956
0.002687
0.003359
0.006114
0.000739
0.001344
0.003158
0.009608
0.000873
0.003292
0.006383
0.004166
0.001814
0.002486
0.011959
0.004031
0.002352
0.001948
0.003292
0.005173
0.004233
0.002822
0.004367
0.005039
0.002284
0.002150
0.005308
0.003091
0.001142
0.002352
0.011623
0.004031
0.002822
0.001545
0.004501
0.003830
0.002016
0.001680
0.005039
0.001680
0.001075
0.005576
0.007256
0.003762
0.001747
0.001411
0.005442
0.002755
0.003964
0.001881
0.001814
0.005375
0.001075
0.003426
0.002486
0.011287
0.001075
0.003628
0.003359
0.004569
0.000672
0.007861
0.002419
0.004636
0.000806
0.002956
0.002284
0.003091
0.001545
0.001881
0.002352
0.005308
0.001344
0.004636
0.006047
0.003494
0.000537
0.003830
0.002217
0.002553
0.003561
0.003494
0.003426
0.006316
0.002352
0.002486
0.001948
0.002889
0.001209
0.004367
0.006047
0.004166
0.000806
0.001747
0.002822
0.002889
0.002217
0.001209
0.004166
0.003762
0.005711
0.002822
0.003426
0.002956
0.000672
0.003494
0.003426
0.002755
0.001277
0.006383
0.002352
0.002889
0.002016
0.002620
0.001881
0.004501
