0.093255
0.002419
0.002687
0.004837
0.003830
0.002889
0.005576
0.004569
0.001545
0.003091
0.003695
0.003830
0.003091
0.003561
0.003225
0.008667
0.005778
0.002822
0.002553
0.008130
0.002486
0.002284
0.007928
0.008197
0.001411
0.004434
0.003695
0.002687
0.000941
0.002284
0.002755
0.006584
0.005173
0.001814
0.003158
0.003897
0.002553
0.001612
0.005173
0.002284
0.001075
0.004770
0.005241
0.002016
0.004703
0.002083
0.002553
0.002083
0.003426
0.001747
0.002755
0.002755
0.002217
0.003426
0.008465
0.006181
0.001344
0.003091
0.003158
0.001814
0.006316
0.004703
0.003830
0.004098
0.003359
0.001881
0.001680
0.006383
0.002217
0.004703
0.001545
0.005509
0.000941
0.005173
0.004367
0.005106
0.001680
0.004501
0.001411
0.007995
0.002755
0.004098
0.001277
0.007122
0.001948
0.010481
0.002284
0.005711
0.000806
0.003494
0.002217
0.002486
0.001411
0.003628
0.002822
0.010145
0.001612
0.002553
0.001277
0.004031
0.002822
0.008331
0.002217
0.003762
0.001881
0.004569
0.002755
0.001545
0.008936
0.003426
0.002553
0.003494
0.006651
0.003561
0.001680
0.006316
0.002419
0.007592
0.001881
0.003695
0.001545
0.005980
0.002553
0.002687
0.005644
0.005509
0.000672
0.003426
0.002284
0.001142
0.002553
0.006920
0.002486
0.004972
0.005106
0.002822
0.001612
0.001545
0.003225
0.003426
0.007323
0.003695
0.002217
0.007861
0.002016
0.001612
0.002889
0.007995
0.001277
0.003762
0.004636
0.004569
0.002553
0.002150
0.005509
0.002956
0.002620
0.001680
0.002419
0.006316
0.005509
0.002889
0.002284
0.002217
0.002486
0.001948
0.003762
0.002083
0.001277
0.002687
0.007659
0.003628
0.005241
0.002352
0.001948
0.003897
0.001411
0.002150
0.002419
0.001545
0.001344
0.005980
0.005106
0.002687
0.002822
0.001142
0.002352
0.002150
0.003762
0.002889
0.002419
0.004703
0.002083
0.002486
0.002016
0.008465
0.002217
0.003695
0.002083
0.003695
0.001545
0.009540
0.002016
0.005375
0.003561
0.003359
0.001545
0.007122
0.002083
0.001948
0.001209
0.005442
0.001142
0.006651
0.005509
0.004031
0.001545
0.002755
0.001411
0.003830
0.003964
0.003426
0.002016
0.007592
0.003628
0.003494
0.001948
0.001881
0.001680
0.005039
0.003494
0.002956
0.002284
0.004300
0.001209
0.003158
0.007390
0.003762
0.002016
0.006719
0.007390
0.003494
0.001344
0.004703
0.001545
0.004837
0.002150
0.002755
0.002083
0.006517
0.001008
0.004098
0.004233
0.004098
0.001142
0.003426
