0.116501
0.001209
0.004098
0.002822
0.003897
0.001814
0.008667
0.004837
0.002352
0.002083
0.004905
0.003225
0.004166
0.002956
0.004233
0.009675
0.004770
0.002553
0.004031
0.006248
0.002889
0.001545
0.004770
0.003359
0.002150
0.002889
0.005442
0.004501
0.002284
0.002687
0.004166
0.005711
0.004636
0.001680
0.003561
0.003628
0.004098
0.001478
0.007323
0.002620
0.001814
0.002822
0.006584
0.002755
0.004905
0.001948
0.004770
0.002687
0.003964
0.001881
0.004233
0.004837
0.002419
0.001612
0.009339
0.003426
0.002217
0.002352
0.004233
0.003897
0.006786
0.001209
0.004031
0.002956
0.003830
0.002150
0.002755
0.005375
0.002956
0.002687
0.002687
0.004770
0.001344
0.003225
0.004367
0.003964
0.001680
0.002620
0.004031
0.011019
0.003225
0.001545
0.002419
0.004166
0.003225
0.006383
0.003561
0.003628
0.002217
0.002016
0.005106
0.003830
0.002553
0.001478
0.004300
0.006786
0.003494
0.001142
0.002419
0.004098
0.002889
0.004300
0.003561
0.003897
0.000941
0.002016
0.004972
0.002419
0.004501
0.002083
0.003628
0.003561
0.005778
0.002620
0.003158
0.003158
0.002016
0.002284
0.002553
0.003426
0.002687
0.004031
0.004233
0.002620
0.002755
0.001680
0.002083
0.002284
0.002083
0.001612
0.002956
0.003897
0.002620
0.003359
0.005845
0.004905
0.002486
0.001344
0.003897
0.002956
0.004770
0.002486
0.003762
0.009003
0.002755
0.001814
0.004031
0.006786
0.001948
0.002486
0.005375
0.003897
0.002889
0.002083
0.007055
0.004636
0.003158
0.001478
0.003426
0.004300
0.006786
0.001209
0.003023
0.002352
0.002486
0.001747
0.004166
0.003158
0.002284
0.001209
0.009876
0.003292
0.004367
0.001948
0.004569
0.003964
0.003091
0.001612
0.003426
0.003628
0.002486
0.002889
0.006248
0.004233
0.003158
0.001680
0.004501
0.003359
0.004434
0.002217
0.004098
0.003494
0.001814
0.001142
0.003225
0.006047
0.001344
0.002150
0.005442
0.003762
0.001814
0.005442
0.003158
0.002889
0.002956
0.001747
0.004569
0.005509
0.002217
0.002352
0.002486
0.004501
0.002016
0.002620
0.004636
0.003426
0.002352
0.003023
0.002352
0.003225
0.004972
0.002083
0.003830
0.004837
0.003158
0.001142
0.003762
0.002755
0.002553
0.003964
0.004367
0.003292
0.002150
0.001209
0.002553
0.002486
0.004300
0.001881
0.003897
0.004098
0.006114
0.002352
0.002755
0.004166
0.002284
0.002150
0.004233
0.002553
0.002956
0.005039
0.003426
0.002687
0.003897
0.002217
0.003292
0.003964
