0.118920
0.001747
0.003426
0.004434
0.004233
0.003426
0.016864
0.005980
0.002150
0.001411
0.004837
0.003158
0.002822
0.003561
0.005711
0.014848
0.001209
0.002553
0.004501
0.011556
0.001478
0.001344
0.005308
0.004837
0.001948
0.003830
0.011556
0.004031
0.000739
0.001680
0.004031
0.006517
0.001612
0.001008
0.002150
0.004031
0.002822
0.001545
0.009339
0.003695
0.001747
0.000605
0.004703
0.002016
0.003091
0.002016
0.006584
0.003628
0.001881
0.000941
0.003359
0.004905
0.001344
0.000605
0.006853
0.003964
0.002486
0.001612
0.008197
0.002352
0.001747
0.001008
0.003023
0.004031
0.000672
0.001008
0.002553
0.006181
0.001478
0.003225
0.003897
0.006786
0.001075
0.001612
0.003426
0.002284
0.001008
0.002889
0.003292
0.013034
0.001612
0.001680
0.002755
0.008465
0.001411
0.001142
0.003091
0.003762
0.001277
0.002687
0.006316
0.003628
0.000739
0.001478
0.003426
0.007256
0.000806
0.001142
0.002620
0.005375
0.001344
0.003359
0.006786
0.005375
0.001277
0.000672
0.003628
0.003158
0.002956
0.002755
0.006920
0.006450
0.001478
0.001478
0.003091
0.007861
0.000941
0.001545
0.002284
0.003561
0.001478
0.001814
0.011153
0.002956
0.000403
0.002150
0.003225
0.003158
0.000941
0.001545
0.003158
0.006786
0.002620
0.003494
0.010817
0.005912
0.001142
0.000873
0.003494
0.003225
0.001948
0.002687
0.004434
0.012026
0.002419
0.001948
0.005644
0.015318
0.001478
0.001411
0.005241
0.004434
0.002016
0.002755
0.015318
0.004569
0.001478
0.001680
0.003359
0.004501
0.001545
0.001209
0.003964
0.001948
0.003426
0.001814
0.008734
0.003762
0.001008
0.000269
0.008398
0.002217
0.001344
0.001344
0.003561
0.005912
0.002889
0.001277
0.004166
0.002284
0.000941
0.000336
0.005308
0.002150
0.002284
0.001612
0.005375
0.002150
0.001545
0.000941
0.002486
0.005173
0.000470
0.000537
0.002822
0.008667
0.001344
0.003225
0.005711
0.005442
0.000806
0.001881
0.002956
0.003359
0.001747
0.002486
0.003762
0.011153
0.001344
0.001948
0.003158
0.005912
0.000873
0.001478
0.003225
0.002822
0.001209
0.002553
0.002486
0.004501
0.000672
0.000941
0.002352
0.005173
0.000941
0.001411
0.003964
0.001881
0.002150
0.002486
0.011354
0.004031
0.000739
0.001075
0.002620
0.002419
0.001680
0.003091
0.004367
0.009876
0.002150
0.002016
0.005644
0.005980
0.001344
0.001142
0.004434
0.003158
0.001478
0.001881
0.005509
0.003897
0.000537
0.001209
0.002150
0.004434
