0.063827
0.001948
0.003292
0.003897
0.003359
0.001545
0.007055
0.001747
0.002419
0.002419
0.004501
0.003023
0.003292
0.001142
0.003830
0.006450
0.004300
0.001277
0.003158
0.005173
0.004972
0.001680
0.006181
0.003897
0.002486
0.003091
0.004636
0.002553
0.005375
0.001948
0.004972
0.006047
0.009809
0.002687
0.007055
0.005039
0.004031
0.000873
0.003695
0.002083
0.003158
0.004098
0.007726
0.003426
0.005509
0.001277
0.003964
0.001747
0.004837
0.001814
0.004233
0.002352
0.004703
0.002217
0.007726
0.005576
0.001881
0.001680
0.004367
0.002889
0.011422
0.002553
0.006114
0.004367
0.006383
0.003091
0.003964
0.007659
0.003091
0.001948
0.002150
0.002553
0.003830
0.004703
0.004501
0.004770
0.003628
0.002284
0.002755
0.004031
0.004031
0.001545
0.002687
0.002419
0.004636
0.006450
0.005173
0.004636
0.002620
0.001545
0.003426
0.002755
0.004770
0.002687
0.006853
0.005912
0.005845
0.001881
0.004905
0.003762
0.002352
0.005106
0.003023
0.002822
0.003426
0.002150
0.003695
0.002755
0.006920
0.001277
0.002352
0.001747
0.005711
0.001075
0.001814
0.003359
0.003897
0.002687
0.003628
0.003494
0.001881
0.003023
0.003964
0.001411
0.005644
0.002016
0.004837
0.002016
0.003426
0.001747
0.005778
0.003897
0.002083
0.003494
0.003830
0.001545
0.003023
0.002687
0.004166
0.003359
0.004837
0.001142
0.002956
0.003225
0.002083
0.000537
0.001680
0.007659
0.003494
0.001277
0.005241
0.004501
0.002016
0.000537
0.007055
0.001881
0.005106
0.002083
0.005845
0.003494
0.009809
0.001478
0.005980
0.002553
0.003695
0.001680
0.004501
0.002284
0.003158
0.002486
0.011690
0.002553
0.004703
0.001545
0.005509
0.001948
0.004166
0.000873
0.004636
0.003023
0.005173
0.005576
0.006786
0.004972
0.002889
0.001075
0.003628
0.001478
0.007794
0.003091
0.007928
0.005912
0.003897
0.002889
0.002889
0.008197
0.002553
0.001814
0.002352
0.003091
0.004233
0.008465
0.003023
0.004770
0.003695
0.001814
0.002687
0.003292
0.002822
0.001277
0.001948
0.003359
0.004300
0.004233
0.006450
0.004098
0.002284
0.001478
0.002016
0.002083
0.007189
0.003091
0.004905
0.005173
0.004569
0.001814
0.003158
0.002687
0.002352
0.002284
0.004367
0.002419
0.003695
0.002755
0.003158
0.003225
0.004233
0.001277
0.002956
0.004300
0.006786
0.001142
0.001948
0.001545
0.004367
0.002553
0.004636
0.003628
0.003091
0.006383
0.002150
0.001881
0.005173
0.002553
0.005106
0.002822
