0.115245
0.001951
0.002471
0.002797
0.004162
0.002732
0.009365
0.003122
0.002276
0.001821
0.004032
0.001886
0.004683
0.001951
0.004422
0.008130
0.004813
0.002016
0.002666
0.003382
0.001496
0.002601
0.007349
0.003122
0.002016
0.003577
0.005463
0.001821
0.002341
0.001431
0.004488
0.006178
0.005723
0.002081
0.003642
0.004748
0.005073
0.001951
0.007089
0.001366
0.002797
0.003902
0.005593
0.002471
0.007219
0.001886
0.006569
0.001496
0.005658
0.002276
0.003122
0.002341
0.003707
0.003512
0.009625
0.002797
0.003382
0.001951
0.004943
0.001106
0.010081
0.003187
0.004162
0.003642
0.004032
0.002471
0.003187
0.003447
0.002016
0.005268
0.001951
0.002146
0.002341
0.003837
0.004878
0.002406
0.002211
0.002797
0.002797
0.004488
0.003252
0.001821
0.001041
0.002536
0.004097
0.009755
0.004227
0.002927
0.002341
0.002276
0.002016
0.002276
0.003512
0.001951
0.004357
0.008260
0.004553
0.002536
0.001561
0.001821
0.005073
0.007414
0.005008
0.001951
0.002016
0.003317
0.002276
0.001366
0.009300
0.003122
0.004162
0.002406
0.006699
0.002341
0.002666
0.002406
0.004618
0.007024
0.002536
0.002081
0.002666
0.003772
0.004162
0.002211
0.006504
0.004553
0.002732
0.002471
0.001821
0.001821
0.003187
0.003187
0.002862
0.003512
0.006829
0.001756
0.001496
0.001561
0.002666
0.001821
0.005918
0.001821
0.002471
0.005528
0.003057
0.002406
0.003057
0.004422
0.002797
0.002536
0.004813
0.001951
0.003252
0.001886
0.005138
0.001886
0.003252
0.002016
0.002732
0.004683
0.006959
0.002601
0.005073
0.002797
0.002797
0.002732
0.006113
0.001626
0.003512
0.003057
0.009560
0.002601
0.006178
0.001691
0.003512
0.002601
0.004748
0.001756
0.004813
0.000976
0.001951
0.004162
0.008650
0.002862
0.004227
0.001821
0.004097
0.001561
0.007869
0.001951
0.002732
0.004813
0.002666
0.002016
0.002341
0.004943
0.001236
0.003577
0.002666
0.001951
0.003837
0.006048
0.003317
0.001951
0.003382
0.002341
0.001886
0.003252
0.001691
0.001561
0.002146
0.001496
0.003187
0.005398
0.005333
0.002016
0.002016
0.002341
0.001626
0.001431
0.005138
0.002471
0.002862
0.006178
0.005528
0.001951
0.002276
0.001301
0.002666
0.007024
0.004553
0.002601
0.002927
0.002666
0.002081
0.000911
0.008260
0.002081
0.002601
0.003252
0.006113
0.002862
0.003187
0.001431
0.003252
0.006048
0.003512
0.001301
0.004032
0.004162
0.002666
0.002276
0.005073
0.002341
0.001886
0.003187
