0.081361
0.002081
0.004292
0.002536
0.003382
0.002536
0.013072
0.002666
0.002146
0.002406
0.002992
0.003707
0.002536
0.002341
0.004032
0.011251
0.004097
0.003122
0.003057
0.003772
0.003252
0.001561
0.007479
0.002276
0.003707
0.003512
0.003902
0.002146
0.003382
0.002341
0.004227
0.005333
0.003382
0.002927
0.002732
0.003772
0.002406
0.002341
0.008195
0.002797
0.002146
0.002471
0.004227
0.003122
0.006699
0.002341
0.003447
0.003902
0.002666
0.002081
0.003447
0.003512
0.003837
0.002471
0.013398
0.002862
0.002862
0.002016
0.002927
0.002016
0.012162
0.002081
0.003707
0.003187
0.004162
0.002406
0.004553
0.003642
0.002666
0.005723
0.002992
0.003642
0.003902
0.003707
0.004097
0.002471
0.003252
0.002471
0.003902
0.006504
0.002536
0.002862
0.002862
0.002536
0.002992
0.010536
0.004683
0.002992
0.002341
0.002146
0.002666
0.003447
0.003317
0.001366
0.003577
0.011121
0.002862
0.002927
0.002471
0.004227
0.003642
0.010731
0.002992
0.003447
0.002992
0.001561
0.002146
0.001951
0.010796
0.002341
0.003122
0.003122
0.003967
0.002081
0.003642
0.002992
0.003447
0.005138
0.004878
0.002341
0.002862
0.003122
0.004032
0.003057
0.005203
0.001561
0.003772
0.002471
0.002016
0.002732
0.002341
0.004227
0.002211
0.002927
0.007154
0.001951
0.002211
0.002406
0.003122
0.002797
0.003837
0.001886
0.003902
0.008195
0.003187
0.003902
0.001886
0.004292
0.002862
0.004683
0.005203
0.001821
0.004943
0.002471
0.004813
0.002862
0.005853
0.002666
0.002601
0.005203
0.004227
0.004162
0.002666
0.004032
0.001496
0.004878
0.004292
0.002732
0.001496
0.002081
0.005398
0.004422
0.003837
0.002732
0.002601
0.005398
0.001886
0.002276
0.003447
0.001301
0.002406
0.003642
0.009365
0.002732
0.002862
0.001756
0.002862
0.002211
0.009040
0.002862
0.002406
0.003837
0.003122
0.001431
0.005398
0.003902
0.002146
0.002732
0.003772
0.001691
0.004553
0.005138
0.004618
0.001301
0.003902
0.001886
0.003837
0.004683
0.002536
0.002471
0.002601
0.002406
0.002666
0.007674
0.005203
0.001886
0.001951
0.002601
0.002536
0.002732
0.004943
0.001236
0.003252
0.007154
0.002732
0.002211
0.001951
0.002341
0.002406
0.007804
0.003577
0.002601
0.002666
0.002211
0.003382
0.002276
0.006959
0.001236
0.003252
0.003707
0.004227
0.001236
0.004683
0.002862
0.001756
0.002406
0.005138
0.003317
0.002341
0.004748
0.003122
0.004162
0.004357
0.001496
0.003642
0.006113
