0.114984
0.001106
0.001821
0.003447
0.002797
0.003902
0.009235
0.004032
0.001561
0.002992
0.005008
0.002406
0.003252
0.003382
0.003317
0.008390
0.002797
0.002146
0.001301
0.006374
0.002016
0.002536
0.009755
0.009235
0.000976
0.004683
0.005398
0.002666
0.001756
0.002016
0.004683
0.008065
0.005398
0.001431
0.001366
0.002666
0.004488
0.001756
0.011446
0.001886
0.002601
0.003772
0.004748
0.001496
0.007284
0.001496
0.004553
0.001041
0.003967
0.001171
0.001561
0.002341
0.004553
0.002862
0.006634
0.003317
0.002081
0.002992
0.004097
0.000911
0.008715
0.002732
0.003447
0.002536
0.003122
0.001496
0.000911
0.005268
0.001561
0.009170
0.001626
0.005983
0.001626
0.005528
0.002927
0.003122
0.000845
0.005268
0.001886
0.008130
0.002016
0.002016
0.001366
0.005463
0.002992
0.010471
0.002536
0.005593
0.000911
0.003772
0.001626
0.003707
0.002536
0.002732
0.002146
0.009235
0.004032
0.001886
0.000911
0.002666
0.003447
0.009560
0.003382
0.003837
0.002471
0.003122
0.001691
0.001886
0.007999
0.002471
0.002927
0.002927
0.004422
0.001106
0.001301
0.004292
0.006959
0.007479
0.002081
0.002276
0.001756
0.004618
0.003317
0.002406
0.009886
0.003772
0.001561
0.001951
0.001366
0.001561
0.001496
0.004878
0.001756
0.005008
0.006894
0.002927
0.001886
0.002341
0.004162
0.003252
0.003577
0.002797
0.001366
0.006569
0.001951
0.002927
0.001951
0.005853
0.001171
0.003122
0.006764
0.004748
0.002016
0.003382
0.007089
0.004553
0.002081
0.001886
0.002341
0.005788
0.005853
0.002927
0.001951
0.002276
0.003447
0.002992
0.005983
0.001561
0.002927
0.002666
0.007609
0.002406
0.005593
0.000976
0.002732
0.002471
0.003447
0.000845
0.002732
0.001431
0.003317
0.003837
0.005983
0.001821
0.001886
0.001366
0.004553
0.001561
0.006504
0.001756
0.001496
0.003772
0.001821
0.002081
0.001626
0.006113
0.000780
0.006699
0.001626
0.003772
0.002016
0.007544
0.002666
0.003122
0.002471
0.002016
0.001366
0.006504
0.000911
0.001756
0.001171
0.004292
0.002211
0.007349
0.003707
0.003187
0.000976
0.005918
0.001561
0.004097
0.004227
0.001756
0.000780
0.006048
0.005333
0.001821
0.000780
0.001561
0.001951
0.006504
0.004032
0.002601
0.003902
0.003902
0.001561
0.001886
0.006959
0.002081
0.001951
0.004422
0.005528
0.001366
0.002211
0.003057
0.004162
0.003967
0.002016
0.002081
0.002211
0.006894
0.003577
0.004422
0.006959
0.002341
0.001756
0.002536
