0.094173
0.002146
0.003252
0.002862
0.003122
0.002276
0.011381
0.002862
0.002471
0.002797
0.003447
0.003382
0.003382
0.002341
0.003317
0.013398
0.003382
0.002276
0.001756
0.004227
0.003447
0.001691
0.009625
0.003057
0.003122
0.003512
0.003837
0.001756
0.002732
0.002016
0.004162
0.006634
0.004943
0.003447
0.002797
0.003447
0.002862
0.002016
0.006113
0.001366
0.002146
0.004162
0.004748
0.004097
0.006439
0.001691
0.002732
0.002992
0.002797
0.002276
0.002471
0.001626
0.004422
0.002732
0.014308
0.003967
0.002992
0.002536
0.002211
0.002406
0.014698
0.002862
0.005073
0.003252
0.003837
0.001236
0.003122
0.003837
0.002016
0.006178
0.002471
0.004097
0.003447
0.003837
0.005398
0.003187
0.003187
0.001626
0.002536
0.006894
0.003512
0.002341
0.002016
0.001951
0.003252
0.010211
0.005723
0.005073
0.002471
0.001691
0.002471
0.002862
0.004097
0.001821
0.004553
0.014893
0.003317
0.002211
0.001821
0.002471
0.003707
0.009560
0.002536
0.003252
0.002081
0.003187
0.002276
0.002536
0.011967
0.001366
0.002666
0.002341
0.003772
0.001106
0.002211
0.001951
0.003642
0.006699
0.002927
0.003122
0.001821
0.003577
0.004032
0.001626
0.006764
0.002211
0.003057
0.001951
0.001951
0.002341
0.002992
0.003187
0.002211
0.002797
0.007479
0.001886
0.002536
0.001561
0.005073
0.003512
0.003837
0.002536
0.002146
0.006829
0.002406
0.003122
0.001106
0.005333
0.003707
0.004162
0.005073
0.002601
0.003772
0.002666
0.004357
0.001886
0.005398
0.001821
0.002797
0.003252
0.005203
0.004618
0.002406
0.003122
0.001561
0.004422
0.003967
0.002276
0.002406
0.002211
0.006959
0.005203
0.004227
0.001821
0.001951
0.003772
0.003382
0.002146
0.002081
0.001626
0.002081
0.004292
0.010016
0.002341
0.002471
0.001821
0.002536
0.002146
0.009495
0.002211
0.002666
0.003837
0.002601
0.001626
0.005268
0.005723
0.002927
0.003317
0.004683
0.001821
0.005203
0.006374
0.004292
0.002732
0.004943
0.001171
0.003382
0.003837
0.002081
0.002341
0.001821
0.002276
0.002927
0.008195
0.005593
0.002862
0.002211
0.001951
0.001431
0.003642
0.003382
0.001561
0.003642
0.007934
0.002536
0.002276
0.003057
0.001821
0.002536
0.006439
0.003382
0.002601
0.002797
0.002276
0.001821
0.001886
0.007154
0.001041
0.002146
0.003317
0.005008
0.001691
0.003902
0.002081
0.002081
0.002536
0.004748
0.001366
0.002081
0.003707
0.002666
0.003512
0.004032
0.001496
0.002341
0.004227
