0.093067
0.001561
0.003512
0.002341
0.004227
0.001821
0.015088
0.004227
0.001691
0.001756
0.002992
0.003122
0.002666
0.002276
0.003967
0.009755
0.003187
0.002536
0.002016
0.003512
0.004227
0.001301
0.008130
0.003707
0.004553
0.003122
0.004943
0.001821
0.003382
0.001756
0.004488
0.007414
0.005983
0.002666
0.002797
0.004553
0.004618
0.001106
0.008520
0.002211
0.002601
0.003902
0.004553
0.002992
0.006699
0.001496
0.003642
0.002341
0.004553
0.001561
0.002992
0.001626
0.004683
0.002146
0.013658
0.002797
0.003122
0.001301
0.002471
0.002016
0.015088
0.002797
0.005008
0.003122
0.004618
0.001171
0.003122
0.004488
0.002276
0.004813
0.002601
0.003902
0.003447
0.004097
0.003642
0.001626
0.002601
0.001691
0.002276
0.006048
0.002862
0.002211
0.002016
0.002732
0.004553
0.013072
0.003642
0.003577
0.002081
0.002211
0.002081
0.002211
0.003577
0.002797
0.003707
0.012162
0.003837
0.001886
0.001691
0.002406
0.004292
0.009365
0.002862
0.002666
0.002341
0.001951
0.002927
0.001236
0.012487
0.001951
0.002016
0.002341
0.005593
0.001106
0.003317
0.002601
0.004878
0.005658
0.002862
0.002016
0.002211
0.002927
0.004878
0.002471
0.007934
0.002406
0.002666
0.001951
0.002211
0.001821
0.002797
0.003057
0.003122
0.002341
0.008260
0.002211
0.001821
0.001431
0.003382
0.002732
0.003837
0.001301
0.002341
0.007219
0.002797
0.002601
0.001691
0.004422
0.003252
0.003057
0.004162
0.002536
0.004097
0.002146
0.006699
0.002081
0.005853
0.001821
0.002862
0.003577
0.006504
0.004097
0.002666
0.003902
0.002666
0.004292
0.004813
0.002732
0.003057
0.003057
0.008260
0.004357
0.004553
0.001431
0.002341
0.003317
0.002927
0.001431
0.002797
0.001236
0.002797
0.004553
0.008975
0.002862
0.001951
0.001431
0.002276
0.001236
0.010666
0.002276
0.002146
0.004097
0.003642
0.001756
0.004813
0.005723
0.002081
0.002276
0.004227
0.002601
0.004943
0.006894
0.003317
0.002666
0.005073
0.001171
0.003772
0.002732
0.001171
0.001236
0.001366
0.002406
0.002797
0.006894
0.003382
0.001431
0.002146
0.001756
0.001691
0.003707
0.004553
0.002146
0.002406
0.008260
0.004227
0.002797
0.002666
0.001496
0.002862
0.005398
0.003902
0.002016
0.003772
0.002797
0.001951
0.001886
0.008195
0.001041
0.002406
0.002341
0.004488
0.000911
0.004943
0.002016
0.002732
0.003122
0.003642
0.002341
0.002276
0.004618
0.003642
0.003642
0.005983
0.001236
0.003447
0.003512
