0.106074
0.001886
0.002992
0.003447
0.003317
0.002146
0.012292
0.002732
0.001691
0.002666
0.002927
0.003187
0.003837
0.002406
0.003577
0.011316
0.004227
0.003187
0.003187
0.003577
0.002797
0.001561
0.007804
0.002862
0.003577
0.003772
0.003967
0.002081
0.002797
0.002081
0.003382
0.006309
0.003512
0.002927
0.002211
0.004227
0.002797
0.002016
0.008455
0.002406
0.001171
0.004292
0.003967
0.002601
0.007869
0.001561
0.003902
0.002732
0.003512
0.002406
0.003707
0.002471
0.002471
0.001756
0.011511
0.003512
0.003122
0.002276
0.003252
0.001951
0.011186
0.002081
0.003512
0.002341
0.003837
0.001106
0.002862
0.003837
0.002862
0.005658
0.002732
0.002732
0.003252
0.003252
0.003772
0.001951
0.002341
0.002666
0.002732
0.006309
0.002862
0.002992
0.002536
0.003187
0.003187
0.009755
0.003382
0.002666
0.002211
0.001561
0.002536
0.002862
0.002536
0.001626
0.003902
0.010731
0.002211
0.002536
0.001691
0.003252
0.003642
0.009105
0.004878
0.003577
0.001951
0.002276
0.003382
0.002536
0.010926
0.002666
0.004292
0.003642
0.005008
0.002536
0.003447
0.003512
0.002666
0.005853
0.002666
0.002536
0.001561
0.004032
0.003382
0.002797
0.006569
0.002016
0.003317
0.002797
0.001821
0.002146
0.002601
0.004292
0.002341
0.004227
0.007804
0.002341
0.002406
0.001951
0.003382
0.002666
0.004553
0.002601
0.002862
0.007414
0.005008
0.003837
0.002016
0.004422
0.002601
0.004097
0.003902
0.001821
0.004618
0.002406
0.006894
0.002016
0.003967
0.002341
0.002536
0.004422
0.005073
0.004422
0.002536
0.003512
0.001886
0.004357
0.004162
0.002927
0.001561
0.002601
0.006634
0.003772
0.002601
0.002797
0.002276
0.004813
0.002862
0.001496
0.003252
0.002211
0.001106
0.003707
0.008260
0.001886
0.002797
0.001431
0.003707
0.002341
0.007739
0.001951
0.002276
0.004683
0.002276
0.001431
0.003902
0.005528
0.002666
0.003512
0.004162
0.002666
0.003382
0.005723
0.003252
0.002341
0.005073
0.001236
0.003252
0.003122
0.002471
0.002992
0.002666
0.003187
0.001691
0.004618
0.004097
0.001691
0.002276
0.002016
0.002406
0.002276
0.003902
0.001756
0.002536
0.007024
0.003837
0.002276
0.002471
0.001626
0.001821
0.007284
0.004162
0.002732
0.001496
0.002146
0.002601
0.003382
0.006699
0.001756
0.003577
0.003967
0.006178
0.002146
0.003902
0.003772
0.001301
0.003902
0.006243
0.002211
0.002536
0.005203
0.003252
0.004488
0.003772
0.001821
0.002732
0.004553
