0.087604
0.002536
0.002081
0.001496
0.004227
0.002732
0.012552
0.001626
0.001821
0.003122
0.002797
0.003382
0.002992
0.002406
0.003772
0.010406
0.003642
0.002601
0.002732
0.002732
0.003382
0.002732
0.006048
0.001626
0.003512
0.003382
0.004032
0.001756
0.003317
0.002732
0.002992
0.004618
0.005723
0.002927
0.002211
0.003122
0.004813
0.001821
0.008650
0.002016
0.002927
0.004748
0.003837
0.002862
0.006764
0.001951
0.002601
0.002146
0.002536
0.002471
0.002927
0.002862
0.004813
0.002927
0.012617
0.002081
0.002862
0.002732
0.002927
0.002797
0.012162
0.002341
0.002797
0.001886
0.005853
0.002992
0.003642
0.003642
0.003382
0.005723
0.002666
0.002341
0.003317
0.003642
0.002862
0.002276
0.003057
0.002862
0.002471
0.005788
0.003252
0.002536
0.002341
0.001301
0.005268
0.010666
0.002341
0.002211
0.002471
0.002016
0.002146
0.002862
0.004488
0.004422
0.002666
0.010016
0.004097
0.003512
0.003057
0.003187
0.004683
0.012097
0.003772
0.002081
0.003447
0.002471
0.002797
0.002471
0.012292
0.002341
0.002146
0.001951
0.004032
0.001691
0.003057
0.003252
0.003772
0.005398
0.003252
0.001756
0.002341
0.002601
0.004488
0.003447
0.007284
0.003057
0.002666
0.002471
0.002862
0.002211
0.002471
0.003707
0.002666
0.004097
0.008975
0.001886
0.003317
0.001951
0.003187
0.001886
0.003837
0.001496
0.002666
0.006243
0.003252
0.004422
0.002016
0.003317
0.002666
0.005203
0.003837
0.001886
0.004618
0.002666
0.004032
0.001171
0.005073
0.004097
0.001496
0.003252
0.006829
0.004813
0.001756
0.002276
0.002016
0.005138
0.004097
0.002666
0.003512
0.002927
0.006634
0.004357
0.004227
0.003057
0.002341
0.004097
0.002666
0.001496
0.003122
0.002081
0.002211
0.004813
0.008260
0.002276
0.002862
0.001626
0.002341
0.002276
0.010536
0.002862
0.002146
0.003447
0.004748
0.002732
0.003577
0.004097
0.003122
0.004162
0.004097
0.000911
0.005398
0.005658
0.004097
0.001951
0.004683
0.001366
0.002146
0.002341
0.002276
0.002016
0.002406
0.002211
0.003057
0.007804
0.004292
0.001691
0.003187
0.001951
0.001626
0.002081
0.007024
0.002016
0.002927
0.006374
0.005138
0.002666
0.002862
0.001691
0.002732
0.007674
0.003772
0.002146
0.003187
0.002276
0.001691
0.002471
0.008065
0.002211
0.002081
0.002862
0.005073
0.001561
0.004553
0.002536
0.001886
0.004097
0.004488
0.003057
0.002927
0.004097
0.002862
0.003902
0.005983
0.002081
0.003642
0.004748
