0.087344
0.002146
0.002862
0.002016
0.002471
0.001821
0.013658
0.002406
0.003057
0.002341
0.004097
0.003967
0.003317
0.001626
0.004618
0.012487
0.004162
0.004162
0.003057
0.003187
0.002862
0.001886
0.007674
0.002601
0.003967
0.002406
0.003642
0.001561
0.002081
0.001626
0.004683
0.005788
0.003382
0.003122
0.002536
0.004227
0.003187
0.002406
0.007609
0.002016
0.002276
0.003252
0.005658
0.004488
0.008455
0.002211
0.003577
0.002406
0.002732
0.002601
0.003187
0.002276
0.002732
0.002341
0.014633
0.001691
0.003642
0.002862
0.002601
0.002211
0.013267
0.002081
0.004813
0.002536
0.003317
0.001691
0.003837
0.004097
0.002406
0.007089
0.003577
0.002146
0.004162
0.003187
0.005983
0.002276
0.002927
0.001561
0.003382
0.006634
0.002211
0.002992
0.002666
0.001626
0.002081
0.010471
0.004878
0.004162
0.001821
0.001691
0.002341
0.001951
0.002471
0.002601
0.003902
0.011707
0.001821
0.002927
0.002536
0.002406
0.003057
0.011772
0.002536
0.002732
0.001626
0.001236
0.002797
0.002016
0.014178
0.001756
0.004292
0.002471
0.004292
0.001431
0.003252
0.002601
0.003447
0.004943
0.003707
0.002732
0.002471
0.002927
0.002992
0.003122
0.006243
0.001691
0.003317
0.002666
0.001951
0.002536
0.002862
0.003772
0.002471
0.002406
0.009040
0.001626
0.002146
0.001366
0.004227
0.002536
0.003837
0.001756
0.002471
0.007544
0.002862
0.003902
0.002471
0.003577
0.003707
0.004943
0.006243
0.002146
0.005268
0.002276
0.004683
0.001756
0.005333
0.002341
0.002471
0.003447
0.004878
0.004227
0.003967
0.002406
0.001951
0.004162
0.004097
0.003057
0.001756
0.002992
0.007674
0.005073
0.005073
0.002666
0.002471
0.005333
0.002211
0.002732
0.003187
0.002016
0.001496
0.003577
0.010081
0.002862
0.002862
0.001496
0.003317
0.001561
0.008260
0.002471
0.002016
0.004618
0.003382
0.001236
0.005983
0.004553
0.002211
0.002797
0.004618
0.000976
0.004748
0.005203
0.004488
0.001886
0.004878
0.000650
0.002666
0.003707
0.001691
0.002016
0.002927
0.002276
0.002992
0.007024
0.006439
0.002276
0.002146
0.001886
0.002406
0.002081
0.003902
0.001041
0.003187
0.009040
0.003772
0.001756
0.002732
0.001886
0.002732
0.007089
0.003317
0.002211
0.001951
0.001626
0.002536
0.002666
0.009105
0.001561
0.002862
0.003252
0.004553
0.001171
0.006048
0.003642
0.001236
0.002732
0.005138
0.003187
0.001756
0.003382
0.002862
0.003967
0.004097
0.000715
0.002406
0.005788
