0.117196
0.002601
0.002471
0.002016
0.002927
0.003122
0.011446
0.003187
0.002341
0.002666
0.003447
0.002016
0.002732
0.002601
0.003252
0.009625
0.003187
0.002862
0.002666
0.004097
0.002601
0.002601
0.006829
0.002797
0.002406
0.002732
0.005853
0.001496
0.002666
0.001886
0.004162
0.005853
0.003577
0.002862
0.002341
0.002992
0.002666
0.002536
0.007219
0.002601
0.002601
0.002081
0.004878
0.002666
0.006113
0.001561
0.003317
0.003187
0.002666
0.002276
0.002862
0.003122
0.003577
0.002536
0.013007
0.003512
0.003057
0.002601
0.002797
0.001821
0.011511
0.002992
0.004878
0.002797
0.003057
0.001951
0.003382
0.003902
0.001756
0.006113
0.002601
0.003057
0.002406
0.002927
0.003642
0.001951
0.001886
0.002341
0.003122
0.006634
0.002927
0.003837
0.002406
0.002927
0.003512
0.007869
0.003252
0.002276
0.002211
0.003057
0.003317
0.002471
0.002471
0.002341
0.004292
0.010081
0.002406
0.002862
0.002211
0.002927
0.003317
0.010276
0.003512
0.002797
0.002862
0.001496
0.003122
0.001951
0.009560
0.002406
0.003837
0.002536
0.003967
0.002341
0.002666
0.003772
0.003837
0.005203
0.002341
0.002146
0.002211
0.004227
0.003642
0.002732
0.006959
0.003187
0.002992
0.001691
0.002276
0.001821
0.001756
0.004878
0.002927
0.003642
0.007739
0.001496
0.003577
0.002276
0.003447
0.002797
0.004357
0.002862
0.002211
0.006764
0.002732
0.003902
0.001951
0.006178
0.003317
0.004553
0.004618
0.002016
0.004162
0.003512
0.007414
0.002016
0.004032
0.002732
0.001496
0.003057
0.005658
0.003187
0.002081
0.002471
0.001821
0.003967
0.005333
0.002081
0.003057
0.002666
0.007544
0.004292
0.003577
0.002601
0.002211
0.004162
0.003317
0.002081
0.002732
0.001626
0.002666
0.002471
0.006699
0.002536
0.002862
0.001756
0.003122
0.002406
0.007089
0.002927
0.002406
0.002862
0.003382
0.001691
0.004683
0.005853
0.002471
0.003577
0.004618
0.002146
0.004227
0.005463
0.004227
0.001951
0.003837
0.001561
0.002732
0.004357
0.002471
0.002211
0.002666
0.003187
0.003707
0.006048
0.003902
0.001951
0.002601
0.003187
0.001886
0.003187
0.004422
0.001431
0.003057
0.005853
0.003707
0.002862
0.002471
0.002211
0.002471
0.005853
0.003642
0.003642
0.003252
0.002797
0.002341
0.002862
0.005268
0.002146
0.001951
0.004032
0.005008
0.001626
0.004357
0.002081
0.002471
0.002146
0.005463
0.002081
0.002341
0.005268
0.003057
0.003772
0.003382
0.001886
0.003382
0.003317
