0.035139
0.000764
0.004722
0.009653
0.002986
0.001250
0.011250
0.003542
0.001458
0.001111
0.006528
0.003819
0.002847
0.001806
0.006319
0.015278
0.003333
0.000278
0.002778
0.007153
0.002153
0.000833
0.009444
0.005903
0.001875
0.003264
0.006944
0.002569
0.002500
0.001181
0.010347
0.015278
0.008333
0.000764
0.004028
0.005486
0.006875
0.000694
0.007431
0.002431
0.005764
0.002778
0.007847
0.001806
0.010069
0.000764
0.009861
0.001806
0.008472
0.000764
0.003681
0.001875
0.004722
0.001319
0.014861
0.002222
0.003958
0.000694
0.005486
0.002292
0.013125
0.001736
0.008125
0.003542
0.002778
0.001389
0.001736
0.007361
0.002083
0.002917
0.001319
0.004583
0.001181
0.003958
0.003611
0.002014
0.000903
0.002222
0.001944
0.006667
0.003958
0.000694
0.001597
0.004722
0.002708
0.008472
0.003542
0.004514
0.001736
0.003194
0.002431
0.001250
0.003194
0.001528
0.004514
0.013472
0.005347
0.000764
0.001667
0.002500
0.005278
0.007847
0.002708
0.001667
0.003403
0.001597
0.001667
0.001528
0.011944
0.002153
0.003958
0.002014
0.009097
0.000486
0.001319
0.002917
0.004028
0.002917
0.002014
0.002083
0.003403
0.004236
0.003194
0.000556
0.005972
0.001944
0.004514
0.001111
0.002153
0.000764
0.006250
0.010417
0.002708
0.002917
0.006875
0.003542
0.001181
0.000972
0.005278
0.003958
0.003681
0.000486
0.005556
0.008889
0.002778
0.000833
0.003750
0.009861
0.001875
0.000903
0.007639
0.003819
0.002153
0.002153
0.008056
0.003542
0.001944
0.000833
0.005417
0.009306
0.014444
0.000903
0.004444
0.003333
0.004306
0.001042
0.006042
0.001875
0.004375
0.000903
0.010556
0.002153
0.005208
0.000694
0.006806
0.001944
0.006597
0.000764
0.003681
0.001944
0.005069
0.003819
0.008403
0.002569
0.004583
0.000625
0.004653
0.001875
0.005278
0.000556
0.005208
0.005208
0.001667
0.001111
0.002569
0.011597
0.001111
0.002431
0.001597
0.003333
0.001181
0.007847
0.002431
0.002153
0.001319
0.000764
0.002986
0.004861
0.001181
0.001389
0.001667
0.006319
0.002222
0.003750
0.004167
0.003056
0.000833
0.003194
0.001181
0.002500
0.004167
0.000903
0.002639
0.005903
0.006875
0.001597
0.002292
0.001389
0.004097
0.002569
0.003681
0.001250
0.003403
0.001111
0.001389
0.000903
0.007847
0.000625
0.002361
0.004236
0.014167
0.000833
0.001458
0.001458
0.004444
0.002153
0.002778
0.001181
0.002847
0.007014
0.001250
0.001042
0.003333
0.000833
0.002083
0.001181
