0.075694
0.001528
0.003194
0.002847
0.002500
0.002778
0.010972
0.005833
0.001389
0.002292
0.002708
0.001319
0.002708
0.002708
0.003194
0.007569
0.004097
0.002500
0.002847
0.003611
0.001667
0.002431
0.006875
0.004653
0.002500
0.007569
0.003125
0.002014
0.002708
0.002153
0.004653
0.005764
0.004514
0.001736
0.002917
0.005000
0.003333
0.001875
0.009236
0.002361
0.002431
0.003333
0.004861
0.001458
0.006319
0.002361
0.004444
0.001597
0.002986
0.000903
0.003472
0.002361
0.003958
0.002639
0.012917
0.003125
0.002431
0.002014
0.002431
0.001528
0.011250
0.003125
0.004306
0.001875
0.004514
0.002500
0.002153
0.004167
0.002292
0.010625
0.002778
0.005903
0.002153
0.004375
0.005139
0.002778
0.002361
0.006944
0.001944
0.006667
0.002361
0.004722
0.001111
0.003542
0.003264
0.010972
0.002292
0.004375
0.001458
0.003542
0.002014
0.002292
0.003889
0.004167
0.002778
0.008333
0.004167
0.002014
0.002083
0.002917
0.004861
0.009722
0.002431
0.003750
0.002361
0.002500
0.001944
0.001111
0.010417
0.005764
0.002778
0.002083
0.004375
0.004236
0.002222
0.004931
0.004306
0.008333
0.003125
0.003056
0.002708
0.006042
0.005556
0.002014
0.006389
0.003264
0.003264
0.002153
0.001736
0.001319
0.002917
0.003403
0.002917
0.007292
0.008125
0.002917
0.001667
0.001806
0.001667
0.001806
0.004306
0.002569
0.003472
0.007639
0.002153
0.003681
0.002639
0.003889
0.002014
0.003194
0.004861
0.002014
0.002847
0.005625
0.006042
0.002639
0.002778
0.001736
0.003611
0.006319
0.007292
0.002292
0.002083
0.002222
0.002083
0.003056
0.004306
0.002153
0.001250
0.003125
0.007639
0.002222
0.006181
0.001944
0.003403
0.003472
0.001667
0.001875
0.002431
0.001458
0.002986
0.003819
0.006597
0.001528
0.002569
0.002014
0.001389
0.002292
0.006806
0.001597
0.002292
0.006806
0.002708
0.002361
0.002917
0.006736
0.002153
0.009306
0.003333
0.003056
0.002708
0.005903
0.004236
0.002639
0.002778
0.003681
0.002083
0.007153
0.002083
0.003542
0.002222
0.001875
0.002014
0.007153
0.004722
0.001736
0.001667
0.003125
0.001736
0.002569
0.004861
0.002222
0.002500
0.005417
0.004167
0.001250
0.001319
0.001389
0.002500
0.009583
0.005069
0.002361
0.002083
0.001458
0.002569
0.001736
0.006944
0.002639
0.001875
0.005486
0.005972
0.002500
0.003264
0.002361
0.003194
0.005486
0.002222
0.002083
0.002014
0.009028
0.003194
0.002431
0.004375
0.002361
0.002361
0.004306
