0.058611
0.000347
0.002292
0.006458
0.001111
0.000556
0.012847
0.007639
0.001111
0.000833
0.006181
0.004792
0.001389
0.001042
0.007986
0.017083
0.002986
0.000139
0.003542
0.009097
0.001528
0.000625
0.012222
0.011458
0.000694
0.002431
0.007569
0.003750
0.000833
0.001042
0.008403
0.011181
0.007292
0.000833
0.002014
0.002569
0.013056
0.000903
0.009375
0.000903
0.007014
0.003403
0.005208
0.000833
0.013333
0.001389
0.005208
0.001181
0.006736
0.000556
0.002986
0.000556
0.010139
0.001111
0.013264
0.000556
0.003542
0.000694
0.006458
0.000625
0.016528
0.001458
0.007292
0.001458
0.002778
0.000972
0.000486
0.005417
0.001181
0.003056
0.001250
0.005833
0.000903
0.004306
0.002778
0.002361
0.001250
0.005972
0.001806
0.007014
0.000903
0.001181
0.000694
0.006736
0.002361
0.007500
0.001875
0.006875
0.000417
0.002431
0.000833
0.002431
0.001528
0.004931
0.001042
0.011597
0.007917
0.002014
0.000208
0.001181
0.008194
0.007708
0.000694
0.000903
0.006042
0.003194
0.001319
0.000069
0.015139
0.004653
0.000694
0.000417
0.007986
0.001181
0.000625
0.003056
0.009375
0.004583
0.001181
0.000764
0.003819
0.004306
0.001944
0.000486
0.011806
0.006042
0.000833
0.000625
0.001181
0.000417
0.002292
0.007778
0.000833
0.002847
0.007500
0.006875
0.001042
0.000208
0.009861
0.003403
0.003403
0.000347
0.005139
0.008681
0.001111
0.000139
0.002986
0.012014
0.001042
0.000694
0.009375
0.007431
0.000694
0.000625
0.008056
0.003125
0.000833
0.000417
0.004861
0.008194
0.010556
0.000903
0.001111
0.000278
0.007014
0.001736
0.006944
0.000347
0.006597
0.001528
0.008889
0.000694
0.011528
0.000764
0.003542
0.001250
0.005556
0.000417
0.001736
0.000347
0.007917
0.003750
0.006806
0.000347
0.004444
0.000208
0.003958
0.000139
0.008958
0.000347
0.005833
0.003125
0.000903
0.002500
0.000347
0.008542
0.001111
0.003403
0.001597
0.003472
0.001319
0.008681
0.003264
0.002708
0.001111
0.002014
0.000556
0.004931
0.000347
0.001528
0.000486
0.006667
0.001806
0.003750
0.003056
0.004514
0.000833
0.001111
0.000694
0.003264
0.003611
0.003194
0.000833
0.005625
0.007431
0.002917
0.000208
0.000139
0.005208
0.003889
0.002153
0.000417
0.006806
0.002083
0.001111
0.000347
0.010000
0.003264
0.000625
0.003611
0.009097
0.001528
0.000347
0.000486
0.005278
0.003333
0.001389
0.000417
0.003403
0.006528
0.000208
0.000278
0.007708
0.003403
0.001250
0.000486
