0.035417
0.002431
0.003611
0.002639
0.003889
0.003750
0.010486
0.004028
0.002778
0.003125
0.003889
0.002708
0.003819
0.004167
0.004028
0.010972
0.005694
0.003333
0.002569
0.005278
0.003542
0.002083
0.006250
0.004097
0.004097
0.004236
0.005278
0.003958
0.003472
0.002986
0.005139
0.006250
0.004514
0.002639
0.003958
0.003681
0.005139
0.005000
0.008056
0.002569
0.003750
0.002917
0.005764
0.002222
0.005347
0.002708
0.003819
0.001944
0.005556
0.003125
0.003194
0.002361
0.003681
0.002639
0.008681
0.001944
0.003958
0.003333
0.003819
0.002222
0.005139
0.002986
0.005347
0.003472
0.003681
0.002569
0.002917
0.004097
0.002569
0.007361
0.003333
0.003333
0.002639
0.004514
0.006250
0.002014
0.003056
0.003611
0.002222
0.006736
0.003611
0.004097
0.001597
0.002778
0.004444
0.003403
0.003194
0.003681
0.003194
0.005000
0.003750
0.002569
0.002569
0.003403
0.003403
0.009097
0.005069
0.001944
0.002847
0.002222
0.004167
0.010347
0.003681
0.003333
0.003750
0.002986
0.002708
0.002222
0.010139
0.003403
0.003819
0.003889
0.003958
0.002639
0.003472
0.004861
0.004236
0.004375
0.002569
0.002639
0.003333
0.005278
0.006319
0.002361
0.006667
0.003333
0.003125
0.002569
0.002292
0.001597
0.002986
0.003194
0.002917
0.005486
0.006250
0.004375
0.002708
0.003125
0.001875
0.001944
0.006458
0.003125
0.004097
0.006319
0.001528
0.001875
0.002222
0.005069
0.003403
0.003611
0.006181
0.002708
0.004028
0.002014
0.006667
0.001736
0.004861
0.001806
0.004028
0.003750
0.004167
0.002153
0.003472
0.001875
0.004444
0.003194
0.005694
0.002569
0.003056
0.001806
0.007917
0.001736
0.005694
0.003125
0.003819
0.003264
0.004028
0.002361
0.002361
0.001944
0.003125
0.003750
0.006111
0.002014
0.003264
0.003403
0.002639
0.001736
0.006111
0.003056
0.003056
0.005000
0.002917
0.002222
0.002569
0.005972
0.001944
0.006389
0.005278
0.004583
0.002847
0.002292
0.002431
0.002431
0.004028
0.004653
0.002569
0.005556
0.002500
0.003542
0.001528
0.001736
0.003889
0.003958
0.006944
0.002292
0.003056
0.003472
0.002361
0.002639
0.005069
0.003194
0.003611
0.003681
0.004306
0.001667
0.002500
0.002153
0.003611
0.005278
0.006250
0.004028
0.002292
0.002361
0.002292
0.002361
0.007778
0.003125
0.002708
0.005625
0.006250
0.001806
0.002847
0.002569
0.003125
0.004097
0.003333
0.002500
0.003681
0.004028
0.004097
0.003194
0.005764
0.003750
0.003819
0.004028
