0.024931
0.001458
0.003472
0.009514
0.006806
0.001458
0.007917
0.002847
0.003194
0.002431
0.006042
0.003611
0.005000
0.002847
0.003958
0.008333
0.005417
0.001250
0.003819
0.007708
0.003403
0.000903
0.003681
0.005903
0.002153
0.000694
0.008125
0.003819
0.002778
0.001250
0.005556
0.007847
0.010278
0.001250
0.003194
0.006875
0.003889
0.000694
0.004861
0.003194
0.002778
0.000833
0.008542
0.002500
0.004444
0.001875
0.004306
0.002986
0.006875
0.002778
0.003958
0.004653
0.003472
0.001181
0.006389
0.005000
0.002778
0.001944
0.005486
0.002292
0.010764
0.001944
0.004931
0.004444
0.003681
0.000833
0.001875
0.010278
0.002292
0.001181
0.002014
0.002569
0.001944
0.004097
0.003194
0.003889
0.002778
0.001736
0.003056
0.003750
0.006597
0.000903
0.002917
0.004514
0.004792
0.005417
0.004306
0.004861
0.002639
0.001181
0.003194
0.002639
0.004375
0.001250
0.005139
0.008819
0.006597
0.001597
0.003056
0.005069
0.002431
0.005486
0.003958
0.003819
0.002292
0.002014
0.004722
0.002014
0.007847
0.001806
0.005764
0.003056
0.009167
0.002361
0.003125
0.004028
0.004097
0.002014
0.002153
0.003681
0.002361
0.003889
0.003125
0.001944
0.004653
0.002500
0.002569
0.003542
0.003472
0.000625
0.004722
0.005833
0.003611
0.001389
0.004792
0.004375
0.002778
0.000903
0.005903
0.005208
0.006042
0.002361
0.003542
0.008333
0.002778
0.000694
0.003681
0.010833
0.002153
0.001389
0.005208
0.005208
0.003472
0.000694
0.009097
0.003889
0.004653
0.002431
0.003889
0.006806
0.011806
0.000486
0.005278
0.004236
0.003611
0.001597
0.004514
0.003403
0.004028
0.000764
0.011250
0.003194
0.004306
0.001944
0.004861
0.003472
0.006111
0.001181
0.003125
0.003194
0.002153
0.000972
0.006736
0.003542
0.003681
0.001250
0.005278
0.002778
0.007778
0.003125
0.003542
0.006736
0.002639
0.000972
0.002847
0.012292
0.002708
0.000764
0.002778
0.003889
0.003056
0.004514
0.002500
0.004514
0.004583
0.002431
0.003125
0.004444
0.002847
0.000833
0.002431
0.005903
0.002153
0.002986
0.005278
0.002917
0.002500
0.002431
0.002292
0.003194
0.004444
0.002014
0.003958
0.007431
0.006389
0.001597
0.002986
0.002153
0.002153
0.002917
0.004097
0.003472
0.002153
0.003125
0.003542
0.001944
0.006319
0.002639
0.005000
0.005556
0.009097
0.001181
0.003056
0.000972
0.001806
0.000972
0.003403
0.002986
0.003611
0.006806
0.002986
0.001319
0.005764
0.002292
0.002222
0.004167
