0.037847
0.002014
0.004236
0.005764
0.005278
0.000833
0.006944
0.003194
0.002847
0.001944
0.004375
0.004097
0.004028
0.002083
0.003472
0.004167
0.004236
0.001597
0.005347
0.006250
0.004167
0.001389
0.004583
0.003194
0.002778
0.001111
0.008194
0.002431
0.004167
0.001806
0.007361
0.003958
0.010625
0.001319
0.004583
0.004931
0.004097
0.000972
0.005278
0.003125
0.002431
0.002014
0.007847
0.004028
0.003681
0.001597
0.004722
0.002778
0.006111
0.002083
0.004722
0.003611
0.003542
0.002153
0.009653
0.004583
0.002639
0.001944
0.004167
0.001944
0.008194
0.002014
0.005000
0.003403
0.006042
0.001042
0.005833
0.008056
0.003403
0.001806
0.003542
0.002222
0.002222
0.006319
0.003750
0.003542
0.003611
0.001667
0.002708
0.003819
0.006181
0.001458
0.003403
0.003472
0.006181
0.007639
0.003056
0.002639
0.003889
0.001042
0.003819
0.002153
0.005347
0.002222
0.006528
0.007708
0.006111
0.001389
0.002778
0.004306
0.003958
0.005764
0.003958
0.002778
0.002431
0.001944
0.003264
0.004306
0.007986
0.000903
0.003681
0.002153
0.009583
0.002222
0.002361
0.002639
0.004375
0.004583
0.003125
0.002500
0.002014
0.004375
0.002014
0.001389
0.006389
0.002778
0.003889
0.002431
0.004167
0.001042
0.004722
0.006944
0.002708
0.001528
0.005208
0.003194
0.003125
0.001250
0.004028
0.003611
0.005625
0.001597
0.002569
0.003403
0.003889
0.000903
0.003542
0.008125
0.004028
0.001806
0.004167
0.003750
0.002083
0.000972
0.012917
0.002431
0.005347
0.002083
0.006528
0.005625
0.010486
0.002014
0.005347
0.003403
0.004097
0.001736
0.004444
0.002986
0.003889
0.002292
0.012917
0.003194
0.004722
0.002708
0.006597
0.003194
0.003958
0.001181
0.003403
0.001736
0.002708
0.002500
0.007153
0.002986
0.002708
0.001319
0.006806
0.001597
0.005903
0.003194
0.006111
0.005139
0.002639
0.001181
0.004514
0.010139
0.002153
0.001111
0.002569
0.002708
0.004375
0.009444
0.003611
0.003958
0.004444
0.003125
0.003056
0.003125
0.002917
0.000486
0.002014
0.003611
0.004236
0.002847
0.003542
0.004514
0.001806
0.002361
0.002708
0.001389
0.005625
0.001944
0.005347
0.004653
0.005903
0.001597
0.002569
0.002222
0.002292
0.003611
0.002569
0.001944
0.004167
0.003542
0.002847
0.002917
0.005625
0.001806
0.003333
0.002361
0.010278
0.000903
0.002014
0.002083
0.003403
0.002500
0.003472
0.002500
0.003958
0.006319
0.002361
0.001597
0.004861
0.002639
0.004375
0.003750
