0.052500
0.001597
0.002222
0.009236
0.006111
0.001389
0.009583
0.004861
0.001528
0.002083
0.004444
0.002569
0.004236
0.002083
0.004722
0.009931
0.004583
0.000903
0.002431
0.007014
0.003264
0.001250
0.005694
0.005069
0.002708
0.003819
0.006528
0.002222
0.003264
0.001667
0.004861
0.007014
0.007917
0.000764
0.002222
0.005764
0.008542
0.001181
0.005347
0.003958
0.003403
0.002292
0.006597
0.002292
0.008472
0.001875
0.004583
0.001389
0.005625
0.000972
0.003403
0.002986
0.007569
0.001667
0.008125
0.003333
0.003958
0.001667
0.004375
0.001944
0.012847
0.000972
0.004167
0.002500
0.006319
0.000972
0.001111
0.007986
0.003958
0.004167
0.002361
0.004306
0.001736
0.004167
0.004236
0.000903
0.003056
0.002222
0.002917
0.006528
0.005278
0.001250
0.001944
0.003819
0.003889
0.007361
0.002222
0.002778
0.003056
0.002292
0.002708
0.001597
0.003542
0.001319
0.003333
0.009097
0.005833
0.001736
0.001250
0.003403
0.005486
0.008750
0.003333
0.002708
0.004167
0.002708
0.002708
0.001389
0.010417
0.002847
0.002847
0.001528
0.010208
0.001181
0.002014
0.002569
0.005000
0.002778
0.001458
0.001528
0.003264
0.004375
0.004375
0.001458
0.007500
0.001736
0.003264
0.001875
0.002361
0.001389
0.002431
0.006736
0.003681
0.003750
0.006736
0.002986
0.002986
0.000556
0.004583
0.003264
0.007083
0.001181
0.002847
0.007083
0.002014
0.000625
0.003750
0.010069
0.002083
0.001667
0.005833
0.003264
0.003056
0.000903
0.008958
0.002778
0.003264
0.001736
0.002917
0.008542
0.008472
0.000764
0.001250
0.001597
0.005694
0.001597
0.005972
0.002431
0.005486
0.000486
0.010139
0.001181
0.007986
0.001528
0.003958
0.004028
0.003958
0.000625
0.004653
0.001736
0.004583
0.001944
0.007222
0.001944
0.004722
0.000625
0.004167
0.001111
0.008056
0.001042
0.002083
0.006875
0.001389
0.001806
0.001806
0.009583
0.003264
0.003472
0.002847
0.002639
0.002222
0.008194
0.001875
0.002083
0.004028
0.003194
0.002361
0.006597
0.002500
0.000972
0.002083
0.003472
0.001944
0.003611
0.004444
0.002639
0.003264
0.002986
0.001111
0.001944
0.006944
0.001667
0.001458
0.005972
0.005278
0.000972
0.001944
0.001389
0.003958
0.003264
0.004444
0.001181
0.005417
0.002847
0.001736
0.001042
0.009444
0.002083
0.002917
0.004306
0.010556
0.001042
0.002986
0.000903
0.003750
0.002708
0.004167
0.001875
0.005833
0.008472
0.003125
0.001736
0.007500
0.002014
0.002431
0.003056
