0.036875
0.001667
0.002361
0.005764
0.003125
0.001042
0.009028
0.004167
0.002847
0.001875
0.003542
0.002569
0.003819
0.001806
0.003819
0.008819
0.004306
0.000486
0.001597
0.007153
0.002986
0.000903
0.006181
0.006736
0.002361
0.003819
0.007431
0.002500
0.001597
0.001667
0.006528
0.009931
0.008472
0.001111
0.002639
0.005278
0.007986
0.001458
0.007708
0.002569
0.004097
0.003194
0.007361
0.002222
0.009028
0.001597
0.006319
0.002083
0.007847
0.001319
0.000903
0.002708
0.008472
0.001458
0.009514
0.003889
0.005278
0.001736
0.005278
0.001042
0.010000
0.001667
0.003958
0.003889
0.004583
0.000556
0.001597
0.008194
0.003264
0.003403
0.002014
0.003958
0.003333
0.004167
0.005000
0.002431
0.003333
0.002083
0.002361
0.005208
0.003542
0.000764
0.001111
0.005278
0.004236
0.006250
0.003194
0.005486
0.002431
0.002222
0.002222
0.003472
0.002847
0.002153
0.003681
0.013403
0.007500
0.001667
0.001458
0.002847
0.005556
0.008125
0.002292
0.003194
0.003819
0.002014
0.003056
0.000903
0.010347
0.003194
0.002986
0.001319
0.009653
0.001806
0.000972
0.003889
0.007500
0.003056
0.002014
0.001875
0.003958
0.004722
0.005069
0.001875
0.005625
0.003403
0.002292
0.001806
0.001667
0.000972
0.002708
0.006111
0.002778
0.004444
0.005694
0.002847
0.002361
0.000903
0.003264
0.004375
0.005208
0.001389
0.002708
0.005625
0.001528
0.000625
0.002153
0.008681
0.002500
0.001806
0.008194
0.003681
0.003125
0.001250
0.009722
0.003264
0.002778
0.000694
0.004097
0.008958
0.012708
0.000694
0.002778
0.002917
0.006042
0.000972
0.006319
0.001667
0.005069
0.001250
0.008125
0.002292
0.007222
0.001597
0.004444
0.002639
0.005486
0.000764
0.001736
0.001042
0.007083
0.003333
0.007361
0.002431
0.003403
0.001458
0.005486
0.001111
0.007986
0.000347
0.002292
0.006597
0.002222
0.000764
0.002500
0.011319
0.002569
0.003333
0.002292
0.004444
0.002639
0.006111
0.001944
0.003958
0.004444
0.002500
0.001111
0.005625
0.001181
0.000694
0.000903
0.003889
0.002986
0.003472
0.006319
0.002986
0.001736
0.003264
0.001250
0.003333
0.005208
0.000903
0.002847
0.006181
0.008056
0.002014
0.000764
0.001250
0.005417
0.003472
0.005417
0.002292
0.005069
0.003056
0.001181
0.001875
0.009583
0.001736
0.001944
0.004861
0.013333
0.001319
0.001042
0.001042
0.007708
0.002986
0.003056
0.001250
0.005278
0.007778
0.001597
0.001250
0.005000
0.001667
0.001181
0.001875
