0.060000
0.001667
0.002778
0.005486
0.003333
0.002708
0.008194
0.003611
0.003611
0.001736
0.004653
0.004236
0.002569
0.001458
0.004236
0.008056
0.003056
0.001528
0.002847
0.005347
0.002639
0.001250
0.005486
0.006181
0.002361
0.003056
0.007222
0.002986
0.002917
0.001736
0.007569
0.007292
0.005556
0.001111
0.002986
0.005208
0.004792
0.001528
0.005278
0.003056
0.003333
0.002431
0.008611
0.003333
0.007639
0.002153
0.003958
0.002778
0.003403
0.001042
0.002639
0.003333
0.002917
0.001875
0.009375
0.004028
0.003958
0.001806
0.005556
0.001597
0.009514
0.002778
0.005069
0.003889
0.003056
0.001944
0.003264
0.007500
0.002153
0.004792
0.002847
0.004306
0.001944
0.003472
0.006250
0.004444
0.002361
0.001875
0.003681
0.003194
0.003264
0.000764
0.003958
0.003750
0.003264
0.005833
0.004375
0.004236
0.002569
0.002153
0.005347
0.003125
0.002917
0.002500
0.006042
0.009792
0.003194
0.001181
0.003403
0.003958
0.004375
0.008194
0.004444
0.002500
0.002361
0.001597
0.003819
0.002778
0.007639
0.001736
0.004236
0.001806
0.006250
0.001597
0.002083
0.004653
0.003681
0.002292
0.003056
0.003681
0.003125
0.004306
0.004167
0.002014
0.005069
0.002222
0.003333
0.003264
0.002639
0.002083
0.002917
0.005069
0.003264
0.003889
0.005347
0.002708
0.002153
0.001042
0.004375
0.003889
0.003403
0.001736
0.003333
0.005278
0.003681
0.002014
0.003611
0.008750
0.002153
0.001597
0.006875
0.004653
0.002083
0.002222
0.008958
0.003125
0.002431
0.001597
0.005139
0.005278
0.009653
0.000833
0.004514
0.003125
0.004236
0.001736
0.005069
0.002986
0.002431
0.000764
0.010972
0.002639
0.005278
0.001875
0.003542
0.003542
0.003611
0.001458
0.003333
0.002708
0.003611
0.003333
0.007431
0.004861
0.002222
0.000972
0.005000
0.002014
0.004653
0.002500
0.003194
0.005556
0.002639
0.001736
0.003333
0.010556
0.002083
0.003611
0.003681
0.003264
0.002292
0.008472
0.002778
0.004306
0.002986
0.001806
0.003056
0.004375
0.002500
0.001389
0.002986
0.004028
0.002153
0.002778
0.008472
0.003958
0.002639
0.002153
0.002292
0.002431
0.004167
0.002847
0.004514
0.006181
0.003264
0.001181
0.002500
0.001806
0.004028
0.004028
0.005278
0.002986
0.002361
0.001597
0.002708
0.003264
0.004514
0.001806
0.002569
0.005139
0.008889
0.001042
0.003403
0.001806
0.003056
0.001875
0.003681
0.002431
0.003125
0.009722
0.002222
0.001250
0.004931
0.002500
0.002986
0.003333
