0.053819
0.002500
0.002083
0.004375
0.004028
0.001667
0.007153
0.003750
0.002153
0.002361
0.002778
0.001944
0.004097
0.002778
0.005972
0.009306
0.004861
0.002014
0.002847
0.007431
0.005139
0.001944
0.005625
0.003750
0.002708
0.004028
0.008264
0.002083
0.003403
0.002986
0.003889
0.004653
0.007778
0.002569
0.002708
0.003819
0.003194
0.002222
0.006042
0.003333
0.002917
0.003542
0.006458
0.001806
0.005417
0.002083
0.002847
0.003472
0.006111
0.001528
0.002083
0.002639
0.006042
0.003264
0.008819
0.004375
0.002639
0.002917
0.004792
0.002014
0.007569
0.003333
0.003264
0.003889
0.005278
0.002153
0.002153
0.006806
0.003472
0.004861
0.002361
0.003611
0.002292
0.004931
0.003333
0.002153
0.002361
0.002222
0.002986
0.005903
0.003750
0.000972
0.003750
0.003125
0.004722
0.005000
0.003333
0.002778
0.002639
0.003264
0.003889
0.002986
0.002986
0.002431
0.004167
0.006736
0.007083
0.002083
0.002222
0.003125
0.005139
0.007917
0.003472
0.003333
0.002708
0.002917
0.004028
0.002222
0.010694
0.002708
0.003819
0.004167
0.006458
0.001319
0.003472
0.004375
0.005903
0.004653
0.001806
0.002708
0.003403
0.004931
0.005347
0.002153
0.005625
0.003333
0.002083
0.002292
0.002153
0.000833
0.002153
0.006389
0.002917
0.004097
0.005278
0.002708
0.003125
0.001806
0.004028
0.002500
0.005903
0.002639
0.002917
0.005139
0.004514
0.000972
0.003194
0.010000
0.003264
0.002986
0.005417
0.002292
0.004375
0.001875
0.011597
0.002847
0.003472
0.001250
0.002500
0.004444
0.012847
0.000833
0.003056
0.001944
0.003819
0.002639
0.003750
0.002153
0.004167
0.002083
0.010278
0.001875
0.006736
0.002569
0.003125
0.002778
0.004306
0.001181
0.004722
0.002361
0.002639
0.004306
0.004931
0.002431
0.003472
0.001528
0.004514
0.001458
0.005903
0.003056
0.002639
0.003750
0.002500
0.001528
0.000694
0.009722
0.002292
0.003889
0.002708
0.002361
0.002639
0.007639
0.002431
0.002917
0.002222
0.002083
0.002431
0.005208
0.002292
0.000833
0.002222
0.002986
0.002917
0.003681
0.005278
0.002292
0.002986
0.002361
0.002222
0.001875
0.006111
0.001875
0.002292
0.005139
0.006111
0.002014
0.002778
0.001875
0.003542
0.003819
0.004931
0.002569
0.003750
0.002986
0.001875
0.002222
0.006042
0.001875
0.004375
0.004167
0.010278
0.001806
0.003333
0.002500
0.004167
0.002222
0.003472
0.002361
0.005417
0.008750
0.003542
0.002292
0.005486
0.002986
0.002847
0.002778
