0.052083
0.000903
0.002569
0.006319
0.004097
0.001875
0.007292
0.003681
0.002639
0.002083
0.005625
0.003472
0.002222
0.002083
0.002847
0.009653
0.003889
0.000764
0.001389
0.007153
0.002986
0.001458
0.006042
0.007292
0.001597
0.003611
0.005139
0.001111
0.002500
0.002153
0.005417
0.008056
0.008264
0.001319
0.001806
0.005833
0.006111
0.001806
0.004792
0.002639
0.003472
0.003681
0.008194
0.003125
0.006250
0.002569
0.005903
0.002847
0.006667
0.001250
0.002639
0.003403
0.004931
0.003056
0.007569
0.005347
0.003542
0.002708
0.002222
0.002083
0.010833
0.002500
0.003542
0.005069
0.005556
0.001597
0.001806
0.009306
0.003472
0.004653
0.001181
0.004444
0.002431
0.004375
0.005347
0.003750
0.002639
0.000833
0.003542
0.005069
0.002847
0.001181
0.001667
0.004167
0.003958
0.008472
0.004375
0.006250
0.001528
0.002708
0.001528
0.001806
0.003611
0.003125
0.004028
0.013403
0.006875
0.001250
0.002083
0.003611
0.003611
0.008056
0.002639
0.002431
0.003611
0.002778
0.002361
0.002014
0.007361
0.001667
0.001944
0.002569
0.006528
0.001181
0.001458
0.002708
0.005139
0.005764
0.003472
0.002847
0.002361
0.005069
0.002986
0.001736
0.005556
0.003056
0.002778
0.002153
0.000972
0.000833
0.002431
0.007431
0.002361
0.003542
0.003889
0.003472
0.002153
0.001111
0.005000
0.005069
0.005972
0.001736
0.002292
0.004792
0.003194
0.000903
0.001389
0.010139
0.003403
0.000972
0.004861
0.007917
0.002083
0.001111
0.005694
0.002431
0.003264
0.001458
0.003750
0.007222
0.011458
0.001528
0.003889
0.003681
0.005486
0.001736
0.003750
0.002569
0.002639
0.002708
0.011667
0.004583
0.007361
0.002778
0.003264
0.002153
0.005069
0.002083
0.002639
0.002153
0.003819
0.004167
0.005972
0.004792
0.002986
0.000903
0.003403
0.001250
0.007569
0.002292
0.003403
0.007292
0.002361
0.001806
0.002431
0.011806
0.002014
0.003750
0.002500
0.003889
0.002014
0.009792
0.003264
0.006181
0.002569
0.001875
0.001875
0.004514
0.001319
0.000625
0.001944
0.004028
0.002778
0.003125
0.004792
0.005833
0.002014
0.002014
0.001667
0.002917
0.005903
0.002847
0.002847
0.008333
0.004375
0.001250
0.001736
0.001597
0.002986
0.003750
0.003333
0.001875
0.002014
0.002014
0.002153
0.003681
0.006111
0.001875
0.002014
0.004306
0.007222
0.001597
0.003056
0.002431
0.003819
0.003750
0.003264
0.002431
0.002569
0.007431
0.001528
0.002083
0.006528
0.002222
0.001667
0.003542
