0.047847
0.002014
0.001181
0.002917
0.002639
0.003681
0.008819
0.004583
0.000972
0.002083
0.003472
0.003472
0.004444
0.002778
0.003958
0.015000
0.009653
0.002222
0.001597
0.004792
0.001806
0.001944
0.007778
0.005208
0.002083
0.006389
0.003958
0.002917
0.002778
0.002222
0.004097
0.010208
0.003750
0.002014
0.001458
0.003958
0.005347
0.002569
0.006250
0.002986
0.001667
0.004375
0.004375
0.002500
0.013264
0.002847
0.007292
0.003333
0.003681
0.001667
0.002083
0.002500
0.002292
0.002153
0.010972
0.002153
0.001250
0.001736
0.002500
0.001458
0.009375
0.003125
0.003819
0.002639
0.004861
0.003958
0.001944
0.004792
0.001806
0.007500
0.002222
0.005833
0.001667
0.003958
0.004306
0.003958
0.003542
0.004931
0.001875
0.010833
0.003194
0.003819
0.001458
0.004028
0.002153
0.009861
0.001806
0.005486
0.001319
0.003403
0.001597
0.003472
0.002569
0.004583
0.003056
0.011319
0.002778
0.003194
0.001667
0.004028
0.003819
0.008542
0.001806
0.003542
0.001111
0.002986
0.001319
0.002847
0.015694
0.004097
0.002639
0.005764
0.005625
0.003125
0.001875
0.007292
0.003958
0.008125
0.001389
0.002639
0.001875
0.005139
0.004444
0.001875
0.010208
0.003611
0.002361
0.003542
0.001667
0.001667
0.001319
0.005000
0.002153
0.005972
0.004792
0.003819
0.002014
0.001458
0.003264
0.003542
0.006806
0.001736
0.002639
0.006597
0.005972
0.002500
0.001806
0.008056
0.001667
0.003264
0.005764
0.003333
0.003611
0.004236
0.004167
0.003056
0.002292
0.002639
0.002222
0.007153
0.004306
0.002014
0.002500
0.003819
0.001875
0.002014
0.005000
0.002500
0.001875
0.002778
0.008333
0.002222
0.008125
0.002153
0.002500
0.003403
0.002847
0.002222
0.002222
0.002292
0.001528
0.004444
0.006250
0.002222
0.002361
0.001597
0.001667
0.001458
0.005208
0.002222
0.001597
0.006111
0.002847
0.002847
0.002431
0.005903
0.001944
0.006736
0.002500
0.005347
0.001875
0.004792
0.001875
0.003056
0.003333
0.003958
0.001667
0.007014
0.001944
0.002153
0.001250
0.003125
0.001597
0.004722
0.004792
0.003681
0.002153
0.001944
0.000833
0.002917
0.004861
0.002778
0.001944
0.007847
0.004653
0.003681
0.001528
0.003056
0.002361
0.005347
0.004861
0.003472
0.001875
0.002222
0.001458
0.003819
0.006458
0.003472
0.001181
0.007708
0.006875
0.003681
0.001944
0.004792
0.001806
0.005486
0.002431
0.002847
0.001528
0.004375
0.001667
0.002986
0.004931
0.002847
0.001319
0.003889
