0.022639
0.001389
0.006042
0.005694
0.003403
0.001597
0.007986
0.002917
0.002361
0.001042
0.005694
0.002778
0.003611
0.001250
0.004861
0.007014
0.004028
0.000417
0.003472
0.005417
0.003750
0.000625
0.008333
0.004028
0.002847
0.003403
0.003819
0.001875
0.003542
0.001389
0.007708
0.007014
0.009514
0.001319
0.007153
0.005208
0.006250
0.001597
0.007708
0.002847
0.002708
0.003750
0.009028
0.002639
0.005694
0.001250
0.007292
0.003056
0.007014
0.000972
0.004583
0.003819
0.006111
0.001042
0.011389
0.002708
0.002847
0.001944
0.004097
0.001875
0.009097
0.001528
0.010347
0.002986
0.006597
0.001875
0.005625
0.006528
0.004236
0.007222
0.001597
0.003889
0.001667
0.005625
0.004236
0.002083
0.001736
0.001806
0.003194
0.005417
0.004583
0.000833
0.002917
0.003194
0.005139
0.007847
0.004375
0.003681
0.002153
0.001736
0.003472
0.001806
0.004375
0.003056
0.004444
0.008125
0.006806
0.001111
0.004167
0.002986
0.003611
0.008125
0.002569
0.002986
0.002222
0.002361
0.003194
0.001389
0.006111
0.000625
0.004236
0.002431
0.006944
0.001181
0.002708
0.003542
0.005208
0.005486
0.003333
0.001528
0.002917
0.004306
0.002222
0.001875
0.005278
0.003542
0.004236
0.001458
0.002500
0.001042
0.005069
0.005833
0.001944
0.004306
0.006111
0.002083
0.002917
0.000625
0.005833
0.003194
0.004375
0.001250
0.006458
0.004861
0.002222
0.001389
0.004514
0.006944
0.003056
0.001458
0.006319
0.002292
0.002153
0.001458
0.007500
0.002917
0.004306
0.001319
0.007500
0.006042
0.008125
0.001250
0.006389
0.002847
0.002847
0.001944
0.005903
0.002431
0.003472
0.000625
0.010694
0.001736
0.006042
0.000903
0.006667
0.003472
0.005347
0.000694
0.004722
0.001597
0.003750
0.003542
0.009583
0.001597
0.003403
0.000417
0.006528
0.002431
0.008472
0.001597
0.007778
0.005417
0.004097
0.002500
0.004722
0.010417
0.002292
0.003056
0.002361
0.001875
0.003333
0.010000
0.003542
0.002153
0.005833
0.001181
0.003750
0.004306
0.002500
0.000903
0.003194
0.002222
0.002569
0.004583
0.003819
0.002292
0.001875
0.002361
0.001806
0.001806
0.007917
0.003125
0.005139
0.006458
0.005486
0.002361
0.003542
0.002153
0.002708
0.003889
0.002083
0.001944
0.003125
0.003889
0.001944
0.001250
0.005556
0.000903
0.004653
0.003611
0.005833
0.000694
0.002500
0.001736
0.003125
0.003194
0.003125
0.001319
0.003958
0.007917
0.002083
0.001111
0.007014
0.003194
0.003472
0.003542
