0.038750
0.002639
0.003333
0.005833
0.001111
0.005069
0.008819
0.006042
0.000486
0.005139
0.003958
0.003611
0.001250
0.005278
0.003542
0.010764
0.003056
0.003472
0.002083
0.009375
0.001736
0.003611
0.004722
0.005208
0.000833
0.005556
0.005903
0.004236
0.000972
0.003333
0.004931
0.008125
0.003125
0.002569
0.002639
0.003681
0.001319
0.003403
0.005069
0.003333
0.000417
0.004792
0.006458
0.002292
0.002153
0.002778
0.003681
0.003264
0.001944
0.003056
0.002153
0.004167
0.001250
0.003681
0.005694
0.004097
0.001319
0.004583
0.004375
0.002431
0.005486
0.003750
0.002917
0.004444
0.003750
0.004097
0.001944
0.007431
0.002222
0.007361
0.001875
0.007917
0.000694
0.008681
0.003194
0.004097
0.001597
0.005972
0.003056
0.006528
0.001111
0.005000
0.002014
0.005903
0.001111
0.011111
0.003194
0.005208
0.001042
0.006806
0.003264
0.003958
0.001250
0.004306
0.004306
0.008681
0.002569
0.004028
0.001597
0.003958
0.001597
0.010625
0.002153
0.004653
0.001181
0.004792
0.002778
0.002222
0.005208
0.006806
0.002569
0.003750
0.003264
0.005417
0.001250
0.004653
0.001458
0.005764
0.001597
0.003750
0.001597
0.008889
0.002847
0.002917
0.002222
0.004236
0.001875
0.003472
0.000903
0.002847
0.002500
0.006597
0.000764
0.007431
0.006736
0.005000
0.000417
0.003611
0.002986
0.004583
0.003333
0.004236
0.002708
0.006736
0.001111
0.002847
0.002639
0.009931
0.000694
0.003472
0.005208
0.004236
0.000764
0.003681
0.008125
0.003958
0.001042
0.003750
0.003611
0.007153
0.006458
0.002986
0.002708
0.003542
0.001528
0.004375
0.005069
0.003125
0.000417
0.002500
0.006528
0.002778
0.002014
0.003611
0.002431
0.003403
0.001181
0.002292
0.002431
0.002708
0.000764
0.006806
0.004375
0.003958
0.000486
0.002778
0.004028
0.002292
0.002569
0.002708
0.003056
0.005694
0.001944
0.004097
0.002639
0.010903
0.001597
0.006528
0.003889
0.005486
0.000764
0.010347
0.002292
0.003333
0.000972
0.005833
0.002778
0.005625
0.000972
0.006042
0.002431
0.005764
0.001181
0.008542
0.003333
0.003472
0.001042
0.006319
0.002569
0.003056
0.004236
0.003958
0.002639
0.007986
0.002153
0.003750
0.002222
0.002500
0.001597
0.007986
0.003264
0.002708
0.000764
0.004583
0.001250
0.002083
0.002361
0.005764
0.001458
0.004375
0.005833
0.004722
0.001736
0.004167
0.001875
0.006667
0.002361
0.002847
0.000694
0.011181
0.002153
0.003403
0.002986
0.003403
0.001944
0.003958
