0.035833
0.000764
0.003264
0.006875
0.003264
0.000764
0.010625
0.005556
0.002431
0.000903
0.010347
0.003889
0.002500
0.001181
0.006944
0.013403
0.003819
0.000694
0.004514
0.009861
0.002500
0.000417
0.009306
0.005833
0.001319
0.002708
0.009306
0.001667
0.002569
0.001042
0.006319
0.009931
0.007778
0.000556
0.002014
0.004931
0.004931
0.000556
0.006944
0.002917
0.004792
0.002917
0.008681
0.001667
0.007639
0.001042
0.007986
0.002431
0.004653
0.000764
0.004306
0.002778
0.005139
0.001458
0.009306
0.003889
0.003611
0.001389
0.008125
0.001389
0.009444
0.001528
0.006944
0.003333
0.004653
0.000417
0.002292
0.008194
0.001597
0.002222
0.002292
0.005347
0.002569
0.003472
0.004236
0.002569
0.001806
0.002639
0.003750
0.007639
0.003194
0.000069
0.001597
0.007569
0.003889
0.006667
0.002917
0.004653
0.001736
0.001528
0.002917
0.001319
0.002361
0.002222
0.002847
0.011875
0.006944
0.000764
0.001250
0.002222
0.003403
0.006458
0.002431
0.002222
0.004306
0.002361
0.002917
0.001181
0.009097
0.001597
0.003611
0.002014
0.007222
0.000208
0.001667
0.004306
0.006389
0.002014
0.002153
0.002500
0.004097
0.004583
0.003264
0.000694
0.005764
0.002014
0.003403
0.002014
0.001736
0.000625
0.005694
0.006667
0.001944
0.003403
0.008056
0.003056
0.001667
0.000417
0.008264
0.002500
0.003958
0.001111
0.006250
0.008194
0.002917
0.000347
0.005417
0.012917
0.001667
0.000625
0.008194
0.005000
0.002222
0.000486
0.010764
0.003681
0.002847
0.001250
0.006597
0.009097
0.011389
0.000347
0.004375
0.001875
0.006111
0.001528
0.007361
0.001597
0.004722
0.000764
0.012500
0.001667
0.006944
0.001042
0.007569
0.002500
0.005764
0.000139
0.004653
0.002083
0.005000
0.002847
0.008125
0.002153
0.003611
0.000208
0.005625
0.001042
0.005347
0.001389
0.005208
0.004514
0.002292
0.000833
0.002639
0.013056
0.001736
0.003125
0.003125
0.003194
0.002222
0.007292
0.002222
0.003681
0.002639
0.001250
0.002500
0.005972
0.001250
0.000625
0.001528
0.005694
0.002014
0.002361
0.004375
0.003264
0.002014
0.001389
0.001389
0.002708
0.004375
0.002708
0.002292
0.007222
0.006806
0.001111
0.001458
0.000833
0.002708
0.003056
0.004097
0.001319
0.004583
0.001181
0.002292
0.002014
0.005903
0.000903
0.002431
0.004444
0.010208
0.000139
0.001667
0.002847
0.004861
0.002014
0.002431
0.001528
0.003472
0.007083
0.001528
0.000972
0.004931
0.001944
0.001667
0.002708
