0.032014
0.000417
0.004028
0.008542
0.002569
0.000347
0.008750
0.005278
0.000972
0.001319
0.004653
0.004653
0.002222
0.001250
0.007431
0.012083
0.003472
0.000486
0.003542
0.010486
0.001875
0.000694
0.007708
0.009306
0.001319
0.002292
0.007708
0.003819
0.001319
0.001042
0.011042
0.013889
0.012361
0.000486
0.003194
0.004444
0.010764
0.000972
0.006389
0.000833
0.004583
0.003611
0.005694
0.001806
0.015625
0.001111
0.008403
0.000694
0.009097
0.000625
0.004583
0.001250
0.010625
0.002083
0.009722
0.002222
0.004444
0.000972
0.005347
0.000833
0.016319
0.002014
0.006042
0.001458
0.004375
0.000417
0.001111
0.009653
0.002014
0.001875
0.000556
0.002292
0.001319
0.004514
0.002639
0.001875
0.001667
0.004375
0.001944
0.004931
0.002361
0.000486
0.000972
0.005139
0.002014
0.007292
0.001944
0.006042
0.001736
0.001458
0.001250
0.002500
0.002778
0.003264
0.003194
0.013125
0.009167
0.000625
0.000764
0.001111
0.006181
0.008472
0.000903
0.000347
0.004444
0.003333
0.001389
0.000347
0.012569
0.003264
0.000833
0.000694
0.008611
0.000694
0.001042
0.002708
0.008472
0.003611
0.001250
0.000833
0.004236
0.004792
0.003472
0.000347
0.010625
0.003681
0.001667
0.000556
0.001319
0.000347
0.004236
0.011181
0.000764
0.003194
0.004722
0.006111
0.001389
0.000764
0.004583
0.006181
0.004097
0.001181
0.004653
0.008403
0.002222
0.000139
0.002569
0.012153
0.001250
0.000625
0.005208
0.007500
0.000972
0.000208
0.008889
0.002847
0.002014
0.000347
0.006667
0.006736
0.017361
0.000833
0.004236
0.003125
0.007292
0.000833
0.004375
0.001042
0.005972
0.001250
0.009861
0.001528
0.009236
0.000694
0.005833
0.001389
0.008611
0.000208
0.004722
0.000764
0.007153
0.004306
0.005764
0.001944
0.005625
0.000347
0.005972
0.000903
0.010694
0.000486
0.005903
0.003889
0.003472
0.000347
0.001806
0.012986
0.001806
0.002222
0.001597
0.002431
0.001736
0.009167
0.001389
0.003056
0.001458
0.002639
0.001042
0.003542
0.001250
0.000556
0.000347
0.006667
0.001042
0.002917
0.002569
0.004236
0.001597
0.001181
0.000486
0.002847
0.004931
0.001458
0.001667
0.006736
0.010694
0.001875
0.000903
0.000625
0.005000
0.003542
0.002708
0.000347
0.006111
0.003125
0.001528
0.000417
0.006528
0.001250
0.000972
0.003056
0.012292
0.000347
0.000764
0.000764
0.005000
0.003681
0.001042
0.000694
0.003472
0.007639
0.000556
0.000139
0.007708
0.001250
0.000694
0.001181
