0.050139
0.001736
0.003681
0.002153
0.003819
0.002361
0.010139
0.005278
0.003611
0.002778
0.005972
0.002014
0.002778
0.000833
0.005903
0.014236
0.003472
0.001597
0.002500
0.005208
0.002986
0.002708
0.008681
0.004167
0.004097
0.003264
0.006875
0.001736
0.003194
0.001944
0.005764
0.005278
0.005972
0.001111
0.002361
0.004306
0.004792
0.001806
0.005625
0.002917
0.004583
0.003125
0.006875
0.002778
0.004583
0.000972
0.007014
0.002292
0.003333
0.002361
0.003194
0.002292
0.003958
0.002639
0.010625
0.002639
0.004306
0.003056
0.006597
0.001736
0.010347
0.001875
0.006181
0.002292
0.003333
0.002014
0.002778
0.003819
0.003958
0.004236
0.004375
0.003542
0.002847
0.003125
0.006111
0.001667
0.002917
0.000694
0.004444
0.006042
0.003958
0.001667
0.002639
0.002500
0.002639
0.006181
0.003125
0.003056
0.003403
0.002292
0.003889
0.001597
0.004097
0.001458
0.004028
0.008681
0.004236
0.002847
0.001944
0.002222
0.004306
0.007778
0.004514
0.002569
0.003125
0.002361
0.004514
0.001458
0.009375
0.002639
0.005694
0.002986
0.006597
0.001181
0.003333
0.004583
0.004028
0.003681
0.002153
0.002847
0.004236
0.003472
0.005625
0.001944
0.004792
0.002292
0.004097
0.001875
0.001736
0.001458
0.003889
0.002639
0.003194
0.004792
0.009167
0.002639
0.003542
0.001250
0.003681
0.001250
0.004583
0.001181
0.003681
0.005556
0.002361
0.002778
0.003958
0.008056
0.003194
0.003125
0.008194
0.002431
0.004375
0.001389
0.010694
0.001806
0.004653
0.002708
0.003681
0.005000
0.010000
0.001458
0.002569
0.003542
0.003333
0.003681
0.007083
0.002639
0.004306
0.002222
0.008889
0.002708
0.004306
0.002292
0.003958
0.003125
0.005000
0.001597
0.003958
0.001875
0.004028
0.002778
0.009097
0.001944
0.003542
0.001528
0.005625
0.001528
0.007917
0.002292
0.003958
0.004514
0.002778
0.001111
0.003889
0.007361
0.004583
0.003611
0.004722
0.001319
0.002847
0.007361
0.002986
0.001250
0.003750
0.000556
0.003958
0.004653
0.001736
0.001181
0.003333
0.001875
0.003333
0.004306
0.006111
0.001667
0.002014
0.001528
0.002500
0.001736
0.003819
0.001736
0.003056
0.005833
0.004861
0.001181
0.002153
0.001181
0.003611
0.004167
0.007292
0.002153
0.003611
0.002292
0.002083
0.001389
0.006597
0.001667
0.003958
0.004167
0.009722
0.000903
0.003472
0.001806
0.003333
0.003125
0.005069
0.002569
0.002500
0.007639
0.002222
0.001875
0.003542
0.002500
0.002708
0.002361
