0.037292
0.000347
0.003125
0.009167
0.002431
0.000417
0.009167
0.003889
0.001111
0.001181
0.005069
0.004653
0.002500
0.000764
0.007847
0.012639
0.003194
0.000278
0.003403
0.010903
0.001806
0.000625
0.007847
0.009931
0.000764
0.002361
0.008056
0.003611
0.001250
0.001319
0.011181
0.013403
0.012917
0.000556
0.003125
0.005139
0.010417
0.000972
0.007153
0.000764
0.004583
0.003611
0.006528
0.001736
0.016250
0.000833
0.007153
0.000417
0.008542
0.000625
0.005278
0.001181
0.009167
0.001944
0.008889
0.001875
0.005486
0.000833
0.005764
0.000694
0.015903
0.001806
0.005833
0.001944
0.004792
0.000278
0.001250
0.010069
0.001806
0.002986
0.000486
0.003056
0.001181
0.004444
0.003125
0.002292
0.001528
0.004306
0.002014
0.005833
0.002292
0.000347
0.000556
0.005069
0.002569
0.007361
0.001597
0.004722
0.001806
0.002153
0.001597
0.001944
0.002639
0.003681
0.003125
0.013819
0.009583
0.000972
0.000556
0.001389
0.006389
0.008958
0.000903
0.000208
0.003194
0.003542
0.001528
0.000417
0.013889
0.003611
0.000903
0.000903
0.007639
0.000486
0.000764
0.002847
0.008264
0.003333
0.001875
0.000833
0.003333
0.004375
0.002917
0.000278
0.009653
0.002986
0.001597
0.000833
0.001250
0.000208
0.004375
0.011181
0.001181
0.003333
0.005278
0.006042
0.001736
0.000625
0.004444
0.005972
0.003958
0.000972
0.004375
0.008403
0.002014
0.000208
0.003264
0.012292
0.001528
0.000764
0.004861
0.008819
0.001319
0.000208
0.009167
0.002917
0.002431
0.000278
0.005903
0.006875
0.014861
0.000972
0.004375
0.002639
0.006944
0.000833
0.005069
0.000972
0.005347
0.001111
0.009722
0.001458
0.009306
0.000833
0.004792
0.001528
0.008750
0.000347
0.004583
0.000486
0.007778
0.004514
0.006736
0.001458
0.005000
0.000417
0.005694
0.000903
0.009792
0.000972
0.005417
0.004444
0.003194
0.000347
0.001875
0.012917
0.001944
0.002569
0.001319
0.002222
0.001736
0.008681
0.001389
0.002361
0.001597
0.002569
0.000903
0.003403
0.001111
0.000694
0.000694
0.006458
0.000903
0.003264
0.003333
0.005069
0.001389
0.001389
0.000417
0.002917
0.004792
0.001528
0.002014
0.006667
0.010694
0.002014
0.001319
0.000764
0.004097
0.002778
0.003125
0.000208
0.006319
0.002361
0.001111
0.000556
0.006528
0.000903
0.001111
0.002986
0.010903
0.000486
0.000417
0.000625
0.004583
0.003611
0.000972
0.000556
0.003889
0.007986
0.000278
0.000278
0.007153
0.000764
0.001042
0.000556
