0.017986
0.001250
0.002292
0.003264
0.004167
0.002778
0.005417
0.000625
0.004028
0.002847
0.007361
0.001250
0.002917
0.003056
0.003750
0.008125
0.002708
0.001528
0.003333
0.004861
0.003681
0.001597
0.005694
0.002500
0.002431
0.003542
0.006528
0.000972
0.003472
0.001528
0.005903
0.005694
0.008403
0.002292
0.002847
0.004097
0.007569
0.002847
0.006181
0.000972
0.006806
0.005694
0.009444
0.001111
0.007083
0.002292
0.007222
0.001597
0.004444
0.002222
0.002986
0.002083
0.010069
0.002708
0.009444
0.001944
0.004028
0.003819
0.007778
0.000694
0.011319
0.003056
0.005972
0.001250
0.004514
0.001458
0.001458
0.006042
0.003681
0.005903
0.001806
0.001736
0.005764
0.006250
0.006458
0.002222
0.002153
0.003958
0.003472
0.006944
0.003264
0.001944
0.002569
0.001528
0.004653
0.007917
0.004444
0.002708
0.003056
0.003264
0.003958
0.001181
0.004028
0.003333
0.004861
0.007986
0.006181
0.003264
0.002222
0.001389
0.005069
0.006528
0.003681
0.001597
0.005833
0.005486
0.006736
0.001042
0.007917
0.002917
0.003194
0.001667
0.003542
0.002083
0.002847
0.003472
0.007778
0.006181
0.003889
0.002153
0.003333
0.005139
0.004167
0.000694
0.007361
0.004167
0.004028
0.000556
0.002361
0.001389
0.003194
0.004375
0.004167
0.003750
0.005486
0.001181
0.002778
0.002153
0.005417
0.002153
0.002639
0.002083
0.002569
0.004306
0.001736
0.001181
0.003333
0.007708
0.003681
0.003889
0.007222
0.003819
0.002500
0.001597
0.005764
0.000694
0.002986
0.001250
0.003681
0.002986
0.010833
0.001667
0.003264
0.000833
0.006250
0.003472
0.006181
0.001111
0.006667
0.002847
0.009167
0.001319
0.005417
0.001944
0.002639
0.002014
0.006181
0.002014
0.003056
0.000486
0.007222
0.005486
0.008542
0.001875
0.005069
0.001319
0.005208
0.000694
0.010000
0.001806
0.003958
0.003819
0.002847
0.002500
0.003264
0.009931
0.003681
0.004236
0.005764
0.001181
0.004444
0.010000
0.004444
0.002083
0.002708
0.001944
0.002292
0.003125
0.001806
0.001667
0.002292
0.002292
0.004722
0.006944
0.007639
0.002431
0.003611
0.002222
0.002778
0.001042
0.004028
0.002292
0.003056
0.004444
0.005278
0.002986
0.002778
0.000625
0.005903
0.005069
0.005000
0.001181
0.005139
0.005208
0.002500
0.000972
0.006319
0.002431
0.002153
0.004028
0.006806
0.003333
0.002778
0.001319
0.006944
0.005417
0.005278
0.001319
0.004375
0.007361
0.002292
0.000972
0.005764
0.001667
0.002708
0.002014
