0.090836
0.001277
0.001747
0.003830
0.003158
0.003494
0.011489
0.005308
0.000806
0.002486
0.002083
0.003494
0.002687
0.002956
0.002755
0.012698
0.003426
0.002553
0.001008
0.006920
0.001545
0.002150
0.006651
0.007122
0.001948
0.004031
0.003225
0.003359
0.001612
0.002352
0.002553
0.006853
0.004905
0.002217
0.000605
0.003091
0.006719
0.001478
0.010750
0.002956
0.000605
0.003762
0.002822
0.001612
0.009406
0.002217
0.002553
0.002150
0.003359
0.001680
0.001075
0.002419
0.002620
0.002755
0.008130
0.003359
0.001411
0.002755
0.001612
0.001612
0.007390
0.003762
0.001948
0.003762
0.003158
0.001478
0.001075
0.006383
0.001545
0.009205
0.001545
0.007659
0.001209
0.006517
0.002553
0.002687
0.001344
0.005644
0.001277
0.010884
0.002419
0.004166
0.001008
0.004300
0.002352
0.013169
0.002150
0.005308
0.001008
0.004098
0.002016
0.004434
0.002083
0.004501
0.001612
0.012833
0.004636
0.002687
0.000873
0.003225
0.003695
0.010750
0.001881
0.004972
0.001008
0.006114
0.001142
0.001680
0.011220
0.004501
0.001680
0.003964
0.005711
0.003359
0.001411
0.004636
0.003561
0.012497
0.001142
0.001612
0.001814
0.005980
0.003091
0.003292
0.011153
0.008197
0.001075
0.002217
0.000941
0.001881
0.002016
0.006920
0.001277
0.003426
0.005442
0.003762
0.000941
0.001478
0.002083
0.005173
0.004636
0.002620
0.001277
0.010347
0.002150
0.003023
0.001142
0.007390
0.000941
0.003359
0.003628
0.003830
0.001747
0.003091
0.004905
0.003695
0.001948
0.002016
0.001344
0.005980
0.005509
0.002083
0.000806
0.002486
0.002755
0.003023
0.004367
0.002083
0.000941
0.002150
0.005980
0.003494
0.005980
0.002284
0.002016
0.003023
0.002553
0.001209
0.000806
0.001277
0.001680
0.003762
0.003426
0.002553
0.002284
0.001545
0.001680
0.002217
0.005308
0.001680
0.000739
0.003964
0.001814
0.002687
0.002083
0.010817
0.002083
0.005241
0.001948
0.004300
0.001277
0.012161
0.001344
0.002755
0.002150
0.003964
0.001478
0.006114
0.000941
0.003762
0.000672
0.004501
0.000806
0.007122
0.002419
0.003897
0.001075
0.003292
0.000739
0.005173
0.003561
0.001948
0.000470
0.007122
0.004569
0.004703
0.000806
0.001814
0.002284
0.009003
0.003897
0.003359
0.001411
0.008197
0.001008
0.002284
0.008465
0.003292
0.001277
0.004434
0.007055
0.003695
0.001612
0.003292
0.002150
0.007794
0.001478
0.002419
0.001881
0.005845
0.001075
0.003897
0.005845
0.004770
0.001008
0.003292
