0.061475
0.000806
0.004098
0.004300
0.001814
0.002352
0.015453
0.004166
0.000873
0.002016
0.007055
0.004098
0.000873
0.001344
0.005106
0.014781
0.003292
0.001478
0.002956
0.003762
0.002083
0.002217
0.018611
0.007256
0.001478
0.004636
0.005778
0.001277
0.002016
0.001612
0.008062
0.011019
0.003158
0.002150
0.002083
0.004367
0.004166
0.001747
0.012631
0.001277
0.001747
0.004367
0.004367
0.002016
0.004703
0.002755
0.006114
0.001008
0.002217
0.001008
0.002755
0.001814
0.004098
0.003494
0.015789
0.004569
0.001948
0.001612
0.004972
0.001747
0.013236
0.003091
0.005576
0.003897
0.005375
0.001881
0.001411
0.005241
0.001814
0.008801
0.001814
0.003964
0.001142
0.005845
0.004501
0.002217
0.001277
0.003628
0.001881
0.010750
0.002083
0.001478
0.001747
0.003897
0.001747
0.012429
0.003292
0.005576
0.001008
0.004098
0.001948
0.001948
0.001881
0.004770
0.002822
0.012833
0.004770
0.003494
0.001075
0.002217
0.003091
0.013504
0.002889
0.001948
0.002284
0.005241
0.002419
0.001142
0.008331
0.006047
0.002553
0.003292
0.002687
0.002352
0.001075
0.003628
0.003561
0.010615
0.001881
0.001814
0.001680
0.005039
0.003359
0.001411
0.009137
0.007189
0.001680
0.001478
0.001344
0.001747
0.004031
0.004972
0.001344
0.004569
0.008398
0.002822
0.001142
0.001411
0.004636
0.003359
0.003359
0.001680
0.003225
0.006584
0.001612
0.001411
0.002687
0.005375
0.001680
0.002150
0.012228
0.004501
0.001612
0.001680
0.006316
0.001747
0.001814
0.001277
0.003762
0.007592
0.005241
0.002284
0.002150
0.002016
0.002755
0.002217
0.007995
0.001747
0.001075
0.002284
0.007390
0.001881
0.002956
0.001478
0.002620
0.002016
0.001948
0.001209
0.003023
0.001478
0.001478
0.004367
0.010347
0.002352
0.001612
0.001680
0.003561
0.001478
0.007458
0.001948
0.002553
0.003897
0.001948
0.003158
0.002419
0.007256
0.001747
0.005241
0.002620
0.002755
0.001881
0.008465
0.002083
0.002352
0.002687
0.002956
0.001545
0.005375
0.000806
0.001747
0.001411
0.002822
0.001277
0.007928
0.005106
0.002217
0.001814
0.003494
0.001277
0.001545
0.005241
0.002956
0.002486
0.008869
0.003494
0.004300
0.001747
0.001008
0.001411
0.007189
0.003561
0.001612
0.001747
0.005644
0.001612
0.001747
0.004636
0.003023
0.001142
0.003897
0.004501
0.002284
0.002486
0.002284
0.001948
0.007525
0.002419
0.001478
0.001142
0.005980
0.002486
0.001814
0.005711
0.003359
0.001545
0.002620
