0.095270
0.001948
0.002083
0.005173
0.003628
0.002755
0.010347
0.004098
0.001411
0.002150
0.003762
0.002620
0.002419
0.003964
0.004031
0.010817
0.003964
0.002419
0.002486
0.005509
0.001411
0.001881
0.005039
0.004166
0.002687
0.002217
0.004031
0.003695
0.001545
0.002016
0.003426
0.007122
0.003292
0.001814
0.002083
0.006316
0.004501
0.002284
0.006517
0.002486
0.001747
0.005039
0.004770
0.002687
0.006584
0.002687
0.003158
0.001948
0.002553
0.002083
0.002687
0.003023
0.003292
0.004233
0.011354
0.002755
0.001881
0.004501
0.002486
0.002284
0.012967
0.004233
0.003695
0.003628
0.004031
0.002284
0.001747
0.006450
0.002486
0.005778
0.002083
0.003561
0.001545
0.006316
0.005106
0.002755
0.001545
0.003426
0.002687
0.006383
0.001814
0.001948
0.002016
0.003695
0.003158
0.012564
0.003695
0.005241
0.001680
0.002620
0.002217
0.003359
0.002016
0.004166
0.002822
0.013504
0.002083
0.002352
0.001478
0.003023
0.004031
0.008130
0.002687
0.004166
0.002284
0.003762
0.002419
0.002620
0.010279
0.003225
0.002419
0.003494
0.004501
0.002083
0.002553
0.004166
0.003023
0.007323
0.001747
0.002755
0.003494
0.004837
0.004166
0.003830
0.005778
0.002889
0.002352
0.002083
0.000672
0.001680
0.001814
0.005241
0.002016
0.004166
0.006248
0.003830
0.001344
0.001881
0.001814
0.003426
0.004770
0.002620
0.002755
0.008600
0.002486
0.003964
0.002486
0.006383
0.002217
0.003494
0.006987
0.002956
0.002486
0.002486
0.005576
0.003897
0.002620
0.001948
0.002822
0.006517
0.005241
0.002352
0.001948
0.002553
0.002822
0.004703
0.005442
0.001545
0.002150
0.002755
0.007525
0.003762
0.004972
0.002419
0.002284
0.003426
0.001545
0.002284
0.002755
0.002016
0.002822
0.006584
0.007592
0.002486
0.002620
0.002083
0.001545
0.001478
0.005442
0.002284
0.003023
0.006383
0.001209
0.002016
0.002016
0.007659
0.002150
0.004367
0.003359
0.003426
0.002016
0.008667
0.002083
0.003762
0.003158
0.002687
0.001478
0.005106
0.001008
0.002486
0.001075
0.002755
0.001814
0.008667
0.005576
0.002620
0.001948
0.002553
0.001209
0.002284
0.004300
0.002284
0.002150
0.008533
0.003359
0.002150
0.001680
0.001478
0.002352
0.006719
0.004703
0.003359
0.002016
0.001948
0.001881
0.001948
0.005644
0.001680
0.002687
0.004703
0.004501
0.001545
0.001814
0.001881
0.002553
0.007189
0.002956
0.001814
0.001747
0.005442
0.001747
0.002889
0.003897
0.002352
0.001747
0.003762
