0.097958
0.001948
0.001948
0.002486
0.002553
0.004300
0.010414
0.003830
0.002016
0.002822
0.002687
0.002486
0.002419
0.003830
0.003292
0.011019
0.005711
0.003830
0.002284
0.003158
0.001680
0.002217
0.005644
0.003762
0.003225
0.007256
0.004300
0.003830
0.003023
0.001948
0.003359
0.006248
0.003628
0.003359
0.002284
0.003426
0.003225
0.002217
0.005375
0.002284
0.001948
0.002755
0.002687
0.004233
0.006920
0.002822
0.003023
0.002486
0.003091
0.001209
0.001680
0.003023
0.003561
0.001948
0.009742
0.001680
0.004031
0.002956
0.003292
0.002553
0.012900
0.002150
0.004300
0.001612
0.005442
0.001411
0.003225
0.002284
0.002217
0.006450
0.001747
0.003830
0.002486
0.002150
0.004501
0.002150
0.002822
0.003561
0.002217
0.006987
0.002284
0.003292
0.002083
0.002822
0.003830
0.006987
0.002755
0.003426
0.002083
0.004300
0.002889
0.003359
0.003091
0.003292
0.002352
0.011287
0.003494
0.002150
0.001478
0.001881
0.004837
0.011153
0.002822
0.003762
0.002083
0.002016
0.001881
0.002687
0.014042
0.002822
0.003225
0.004098
0.004031
0.002352
0.004434
0.004636
0.003561
0.003964
0.002687
0.002352
0.003359
0.004905
0.006047
0.004569
0.006853
0.002755
0.002284
0.002620
0.001209
0.002419
0.001680
0.003091
0.002687
0.007794
0.005980
0.003964
0.001680
0.001478
0.001008
0.002016
0.005644
0.002352
0.003158
0.007592
0.003494
0.004367
0.001881
0.005039
0.003158
0.003359
0.003494
0.003426
0.004434
0.004300
0.005241
0.003225
0.003897
0.002352
0.002150
0.004098
0.005039
0.003091
0.001008
0.002553
0.002486
0.004098
0.003830
0.003292
0.001612
0.002150
0.006047
0.003426
0.005173
0.001881
0.002755
0.004367
0.002284
0.001747
0.002150
0.001814
0.003225
0.003091
0.007794
0.002553
0.003292
0.001612
0.002352
0.002352
0.007928
0.001209
0.002016
0.003830
0.003091
0.002217
0.002419
0.004300
0.002419
0.005308
0.005644
0.002755
0.003830
0.003897
0.002486
0.002150
0.003426
0.001948
0.003158
0.004837
0.001545
0.002217
0.001814
0.002284
0.001747
0.005039
0.004031
0.002620
0.002150
0.002486
0.001344
0.003292
0.005711
0.002083
0.001948
0.006786
0.003426
0.003292
0.001209
0.001545
0.002553
0.007659
0.004905
0.003426
0.001747
0.001881
0.001075
0.002016
0.008936
0.002687
0.003023
0.004770
0.006920
0.001478
0.005308
0.002352
0.003359
0.003359
0.005039
0.002419
0.002620
0.006517
0.003561
0.004501
0.005241
0.002284
0.002687
0.004166
