0.061408
0.001612
0.002822
0.002822
0.003158
0.001478
0.012833
0.003494
0.002419
0.001545
0.003561
0.003023
0.002620
0.001277
0.005106
0.013572
0.003964
0.002016
0.001948
0.004434
0.002956
0.001612
0.007995
0.003964
0.004569
0.003695
0.005375
0.002486
0.002419
0.001545
0.006316
0.008801
0.005442
0.003225
0.002016
0.004300
0.005106
0.002083
0.006114
0.002620
0.002822
0.003561
0.006047
0.004501
0.005711
0.001344
0.005375
0.002284
0.002956
0.001142
0.003158
0.002956
0.004972
0.001142
0.012698
0.002083
0.002217
0.001344
0.002956
0.002486
0.013303
0.001680
0.004300
0.002352
0.005644
0.001142
0.003628
0.003964
0.002620
0.007122
0.002486
0.003628
0.003426
0.002553
0.006786
0.001478
0.002822
0.001680
0.002486
0.006651
0.002352
0.001545
0.002150
0.002352
0.003091
0.011556
0.005039
0.003158
0.003023
0.002352
0.002620
0.002419
0.002687
0.001142
0.004703
0.013169
0.003225
0.000873
0.002083
0.001948
0.005106
0.012967
0.002083
0.003359
0.002620
0.001344
0.002889
0.001948
0.011690
0.001881
0.003830
0.003292
0.004031
0.000470
0.004098
0.004367
0.004098
0.004837
0.002822
0.001814
0.001612
0.003023
0.004703
0.004367
0.006047
0.002352
0.002687
0.002889
0.001545
0.001277
0.003292
0.002956
0.002284
0.003695
0.010548
0.003561
0.001747
0.000941
0.003426
0.003158
0.004031
0.001814
0.003561
0.009540
0.002620
0.004501
0.002352
0.007122
0.003897
0.003494
0.006987
0.002956
0.005980
0.003830
0.006383
0.001612
0.006047
0.001478
0.002822
0.005711
0.006517
0.003091
0.002284
0.002620
0.003762
0.002620
0.005173
0.003292
0.002352
0.001747
0.008130
0.004300
0.004367
0.001545
0.003225
0.004569
0.002352
0.001075
0.003225
0.001209
0.002687
0.003628
0.011959
0.002687
0.003158
0.001344
0.003091
0.001277
0.008936
0.001209
0.003561
0.004434
0.001881
0.000873
0.005509
0.006114
0.002889
0.003292
0.006114
0.002486
0.003830
0.005778
0.002755
0.001747
0.003964
0.001142
0.003359
0.004098
0.000873
0.001747
0.002284
0.001948
0.002687
0.005644
0.007122
0.002486
0.001948
0.002016
0.001680
0.001948
0.005039
0.001478
0.002553
0.009339
0.002755
0.001209
0.001881
0.001411
0.002352
0.006786
0.004367
0.002486
0.002284
0.001545
0.001680
0.001277
0.008062
0.001545
0.002486
0.005375
0.006114
0.000672
0.005509
0.001612
0.002486
0.003359
0.005241
0.002687
0.001814
0.007122
0.002889
0.003964
0.004703
0.001277
0.003897
0.003964
