0.063289
0.002822
0.002486
0.004031
0.004031
0.002419
0.011086
0.003695
0.002016
0.002150
0.002755
0.002419
0.002217
0.004031
0.002889
0.010817
0.003830
0.001881
0.002486
0.003561
0.003023
0.003561
0.007189
0.003695
0.002419
0.005039
0.002755
0.002956
0.002553
0.002553
0.003426
0.008936
0.005644
0.002352
0.001680
0.004367
0.003561
0.003561
0.005711
0.002150
0.002016
0.005509
0.003494
0.002284
0.005442
0.002889
0.003359
0.002486
0.002956
0.002352
0.002419
0.001612
0.003897
0.003292
0.012497
0.003091
0.002284
0.002486
0.002956
0.002553
0.015251
0.003762
0.003762
0.002486
0.005241
0.002284
0.002352
0.003426
0.002150
0.008667
0.002016
0.003494
0.002352
0.004837
0.004501
0.002419
0.001478
0.005912
0.001881
0.008130
0.003023
0.003359
0.002083
0.003158
0.002822
0.012564
0.002352
0.003561
0.002553
0.005039
0.002217
0.002956
0.004166
0.004300
0.002553
0.015520
0.004501
0.003695
0.001008
0.002016
0.002755
0.014378
0.002150
0.002755
0.003158
0.002956
0.002217
0.001411
0.011758
0.006248
0.002687
0.002486
0.004300
0.003762
0.001545
0.003964
0.003897
0.008398
0.001747
0.002419
0.002352
0.003897
0.005576
0.001948
0.006786
0.003830
0.002352
0.002217
0.002150
0.002150
0.002083
0.003359
0.002956
0.004300
0.006651
0.002083
0.002217
0.002083
0.002150
0.002956
0.004166
0.003426
0.001881
0.007189
0.002486
0.004166
0.001209
0.005778
0.002217
0.003897
0.004367
0.001478
0.002889
0.003628
0.003964
0.002822
0.004233
0.002083
0.002284
0.004636
0.006651
0.003292
0.001411
0.003091
0.001814
0.003964
0.003426
0.001747
0.002016
0.002755
0.006651
0.002822
0.003897
0.002956
0.001948
0.003494
0.001814
0.001747
0.001545
0.002553
0.002352
0.004501
0.006853
0.002150
0.002083
0.001747
0.001344
0.002217
0.008667
0.002956
0.002217
0.004972
0.003023
0.002284
0.003158
0.005644
0.003091
0.005375
0.004031
0.002687
0.003359
0.007592
0.002956
0.003225
0.004434
0.002419
0.002553
0.005241
0.001747
0.002755
0.002956
0.002284
0.002486
0.008667
0.004434
0.001948
0.002687
0.002755
0.002217
0.002620
0.006047
0.003158
0.001747
0.006920
0.004770
0.001747
0.002486
0.001814
0.002150
0.008533
0.005173
0.002419
0.002419
0.002687
0.001747
0.002755
0.008398
0.002016
0.002083
0.004031
0.004031
0.002889
0.002822
0.002553
0.002217
0.006987
0.004098
0.002620
0.001680
0.005173
0.003292
0.003158
0.006181
0.002889
0.002352
0.004031
