0.100712
0.001277
0.002889
0.004837
0.001881
0.002016
0.016192
0.005711
0.000672
0.001881
0.004166
0.002352
0.001747
0.002486
0.005845
0.017670
0.003561
0.001142
0.002889
0.004905
0.001747
0.001142
0.008062
0.005576
0.001075
0.003762
0.003225
0.002284
0.000739
0.001948
0.005980
0.009876
0.003561
0.001478
0.002553
0.004905
0.003292
0.001612
0.006248
0.002150
0.001680
0.003762
0.004434
0.001680
0.006987
0.001478
0.007189
0.001411
0.003830
0.000873
0.002755
0.001948
0.004837
0.001948
0.014445
0.002822
0.001948
0.002083
0.003494
0.001142
0.015050
0.002822
0.004098
0.003494
0.003091
0.002150
0.002016
0.004972
0.002217
0.009205
0.001411
0.005576
0.001411
0.005442
0.004166
0.001747
0.001075
0.004367
0.001881
0.012362
0.001277
0.002553
0.000941
0.004300
0.003225
0.014915
0.002486
0.005241
0.000672
0.003695
0.001075
0.002083
0.001612
0.004031
0.002016
0.016259
0.002620
0.002553
0.000605
0.001411
0.005039
0.012698
0.002284
0.002486
0.001277
0.003561
0.001814
0.000739
0.012228
0.003023
0.003359
0.003964
0.003091
0.002352
0.001948
0.004501
0.004233
0.011153
0.000873
0.001881
0.001142
0.003426
0.003023
0.001545
0.007794
0.005509
0.002620
0.001411
0.000336
0.001545
0.003225
0.005912
0.000806
0.004569
0.007995
0.003292
0.001209
0.001075
0.003897
0.004233
0.003023
0.000739
0.002755
0.010145
0.001680
0.002083
0.002687
0.008801
0.001411
0.003359
0.005173
0.002822
0.002553
0.002620
0.005711
0.004098
0.002284
0.001814
0.002889
0.006584
0.004837
0.003830
0.002956
0.002016
0.001142
0.002486
0.005509
0.002284
0.002419
0.003225
0.006584
0.003426
0.004367
0.001344
0.003830
0.003225
0.002150
0.000806
0.003426
0.001478
0.002016
0.003897
0.009339
0.001545
0.001411
0.000941
0.001747
0.001612
0.007323
0.000806
0.002620
0.004367
0.001142
0.002755
0.003158
0.005845
0.001277
0.005644
0.003023
0.002419
0.001612
0.009608
0.003225
0.002620
0.002150
0.001747
0.002016
0.006248
0.000739
0.002419
0.001142
0.003158
0.001209
0.008936
0.003897
0.002419
0.001478
0.003023
0.000403
0.003158
0.004031
0.001008
0.001612
0.009137
0.003225
0.002553
0.001008
0.001814
0.001948
0.007458
0.004166
0.001277
0.001612
0.002486
0.001411
0.001881
0.006786
0.001478
0.001411
0.003897
0.005576
0.001680
0.003292
0.002553
0.001344
0.003762
0.003426
0.001142
0.001277
0.005576
0.002284
0.002755
0.004434
0.001747
0.001814
0.002486
