0.093255
0.001680
0.001680
0.003830
0.002486
0.003426
0.012900
0.004098
0.001747
0.001075
0.004300
0.002553
0.002352
0.003359
0.004031
0.013504
0.004569
0.001277
0.002284
0.003964
0.002150
0.001612
0.007659
0.003023
0.001545
0.004031
0.005442
0.002486
0.001680
0.001680
0.004501
0.006181
0.004300
0.001209
0.002284
0.004636
0.005912
0.001814
0.010548
0.001881
0.001612
0.003225
0.005308
0.001411
0.013773
0.002016
0.005778
0.002016
0.004636
0.000941
0.002687
0.002083
0.005173
0.002083
0.012094
0.002419
0.001344
0.001478
0.004501
0.001478
0.016729
0.001008
0.005106
0.002956
0.003830
0.002016
0.002419
0.003964
0.001545
0.010011
0.001680
0.004837
0.001209
0.002419
0.003897
0.001948
0.001209
0.006047
0.002083
0.011220
0.001411
0.002016
0.002016
0.003494
0.001680
0.011086
0.003091
0.004233
0.001545
0.003225
0.002352
0.003023
0.002016
0.004636
0.003561
0.012765
0.004434
0.002150
0.002083
0.002083
0.003494
0.013504
0.002755
0.002217
0.002150
0.003225
0.002352
0.001277
0.015386
0.004569
0.002217
0.003426
0.004770
0.001814
0.002016
0.004031
0.007794
0.005778
0.002150
0.002687
0.001881
0.004905
0.004300
0.002419
0.012833
0.003225
0.001545
0.002956
0.000537
0.001142
0.002352
0.004837
0.001545
0.005509
0.007995
0.001747
0.001545
0.001142
0.003225
0.002687
0.004300
0.002083
0.002687
0.008264
0.002553
0.001814
0.001747
0.005375
0.001411
0.002352
0.006316
0.002284
0.002687
0.002016
0.006920
0.001814
0.002352
0.000873
0.003695
0.005039
0.005576
0.001142
0.002553
0.003158
0.002687
0.002755
0.006786
0.001277
0.002083
0.001411
0.009070
0.002150
0.007189
0.001277
0.003494
0.002956
0.002889
0.001142
0.002553
0.001344
0.002352
0.003695
0.008398
0.002083
0.002150
0.000941
0.004367
0.001478
0.007256
0.001008
0.002150
0.004636
0.001478
0.001545
0.002419
0.006047
0.001545
0.005576
0.002553
0.003023
0.001814
0.005375
0.002486
0.001209
0.001747
0.002352
0.001747
0.007055
0.001277
0.002486
0.001075
0.002083
0.001075
0.006450
0.004770
0.001680
0.001478
0.002419
0.001008
0.002284
0.003628
0.002150
0.001680
0.006786
0.003964
0.002217
0.001478
0.001814
0.002620
0.008936
0.003561
0.001411
0.002889
0.002553
0.000941
0.000941
0.009876
0.001612
0.001680
0.004501
0.007323
0.002889
0.001680
0.001411
0.003494
0.005308
0.003225
0.002083
0.001209
0.006114
0.001814
0.002687
0.007390
0.002352
0.002150
0.003023
