0.093255
0.001209
0.003292
0.005039
0.001881
0.002150
0.013639
0.003494
0.001142
0.002016
0.003695
0.002889
0.001344
0.002083
0.005845
0.015318
0.002486
0.001814
0.002956
0.005845
0.001747
0.001209
0.009003
0.004837
0.002217
0.003561
0.004905
0.002889
0.001142
0.001948
0.005375
0.013908
0.003426
0.001948
0.003091
0.004703
0.005039
0.001411
0.007726
0.002687
0.001209
0.003359
0.004905
0.001612
0.005845
0.001478
0.005241
0.001344
0.001747
0.000873
0.003628
0.002352
0.004233
0.001545
0.015117
0.002687
0.001881
0.001814
0.003359
0.001747
0.014042
0.002083
0.006114
0.003897
0.004434
0.001814
0.003023
0.006920
0.001948
0.010817
0.001814
0.007189
0.002419
0.002687
0.003494
0.002083
0.001142
0.004837
0.001680
0.013572
0.001478
0.002016
0.001277
0.003964
0.002486
0.011623
0.003561
0.003225
0.001680
0.002352
0.002755
0.002419
0.003091
0.003091
0.005509
0.014915
0.002419
0.001680
0.000672
0.002486
0.003561
0.011959
0.002486
0.002620
0.001680
0.002083
0.002217
0.001344
0.011690
0.003023
0.002419
0.003426
0.003426
0.002150
0.001948
0.004233
0.003561
0.005241
0.002150
0.002620
0.001411
0.003158
0.003359
0.002217
0.007995
0.002822
0.002284
0.002352
0.000605
0.001008
0.004367
0.005778
0.001747
0.004031
0.008331
0.002822
0.001142
0.001142
0.003091
0.002553
0.002755
0.001814
0.003359
0.011892
0.001411
0.002284
0.002620
0.008197
0.001680
0.002553
0.004300
0.003292
0.002822
0.002687
0.004367
0.003225
0.002755
0.001948
0.004367
0.008801
0.004367
0.002889
0.005509
0.003023
0.002486
0.003023
0.003695
0.001881
0.001680
0.001814
0.008465
0.002486
0.003830
0.002016
0.004434
0.003494
0.002083
0.001075
0.001881
0.001209
0.002419
0.003964
0.010951
0.001881
0.001680
0.001075
0.001680
0.001948
0.007794
0.001545
0.003628
0.005173
0.001545
0.001277
0.003830
0.007592
0.000672
0.004703
0.003023
0.003426
0.002889
0.006248
0.002284
0.001948
0.002083
0.001545
0.002822
0.007659
0.000941
0.001142
0.001612
0.003158
0.002486
0.007323
0.004166
0.002083
0.001142
0.002553
0.001680
0.002755
0.005039
0.002889
0.002755
0.008801
0.003762
0.001612
0.001545
0.001008
0.002352
0.007256
0.004098
0.002016
0.002419
0.001680
0.001612
0.001948
0.006047
0.001209
0.002083
0.003561
0.004031
0.001209
0.003091
0.001814
0.002217
0.003426
0.003359
0.001747
0.001008
0.005509
0.001814
0.003091
0.004233
0.001478
0.002956
0.003628
