0.074644
0.000873
0.001277
0.004300
0.003494
0.004233
0.007458
0.005644
0.001209
0.002687
0.001948
0.002687
0.003897
0.004636
0.003091
0.010683
0.005912
0.003628
0.001881
0.007794
0.001612
0.002016
0.003225
0.002687
0.001411
0.006517
0.003964
0.005106
0.001747
0.002016
0.002419
0.003695
0.005106
0.000806
0.001075
0.002150
0.007189
0.001814
0.006248
0.002352
0.001277
0.002419
0.002687
0.000806
0.014848
0.001680
0.005576
0.002822
0.005912
0.001411
0.002620
0.002016
0.002419
0.001612
0.002620
0.002486
0.001478
0.002822
0.003561
0.001142
0.007323
0.002553
0.001075
0.002016
0.001948
0.002284
0.001545
0.004770
0.001680
0.018342
0.001142
0.008600
0.001008
0.005576
0.001545
0.001881
0.001881
0.008734
0.001008
0.011758
0.002150
0.006987
0.000941
0.008533
0.002284
0.009137
0.001411
0.003426
0.000873
0.005039
0.001344
0.005039
0.002687
0.004905
0.002150
0.004703
0.005711
0.002956
0.001277
0.002956
0.004434
0.014176
0.002889
0.006316
0.002016
0.003494
0.001612
0.001411
0.013706
0.005576
0.002352
0.006316
0.006853
0.004905
0.001545
0.006517
0.004972
0.006786
0.001008
0.001814
0.002687
0.008936
0.003762
0.003494
0.006248
0.004233
0.001209
0.002016
0.000873
0.002419
0.001545
0.003830
0.001277
0.007794
0.004434
0.003158
0.001008
0.002486
0.001411
0.002419
0.007323
0.003158
0.002352
0.010817
0.003628
0.004300
0.001612
0.007794
0.001142
0.002553
0.002620
0.002822
0.001680
0.005106
0.003561
0.005509
0.001680
0.001680
0.001881
0.004367
0.004703
0.001411
0.002217
0.001142
0.002284
0.002486
0.003292
0.001545
0.001612
0.001948
0.002956
0.001075
0.009003
0.001344
0.002352
0.002956
0.004098
0.002284
0.003225
0.001344
0.001075
0.002889
0.002822
0.001075
0.002889
0.002083
0.002755
0.001075
0.006987
0.001411
0.001411
0.002486
0.002016
0.002486
0.001008
0.003964
0.000672
0.011086
0.001411
0.004703
0.001008
0.007794
0.000873
0.002083
0.003091
0.005980
0.001008
0.010347
0.001008
0.007055
0.001680
0.006853
0.000873
0.005711
0.001747
0.002352
0.000806
0.005375
0.001545
0.006047
0.004031
0.002687
0.001142
0.005845
0.004703
0.003897
0.001008
0.002419
0.001881
0.009540
0.003091
0.004636
0.001478
0.003023
0.001008
0.001680
0.010615
0.003964
0.001881
0.006584
0.009003
0.004434
0.001747
0.003561
0.001948
0.004300
0.001478
0.001881
0.002284
0.012698
0.003158
0.004770
0.006651
0.002889
0.001008
0.002217
