0.112335
0.001545
0.004166
0.005106
0.002687
0.003023
0.011019
0.004636
0.001478
0.002553
0.004367
0.001411
0.002687
0.002553
0.004166
0.006786
0.004367
0.002822
0.003830
0.004031
0.002217
0.001142
0.005644
0.003964
0.002553
0.004098
0.004300
0.001881
0.001881
0.001142
0.005039
0.005173
0.005442
0.002486
0.003494
0.007726
0.002620
0.002217
0.005711
0.003225
0.002553
0.003628
0.004703
0.002822
0.005241
0.001680
0.003426
0.002016
0.003359
0.002150
0.003023
0.003695
0.002687
0.002016
0.010615
0.004233
0.002016
0.002016
0.003494
0.001680
0.009608
0.002419
0.005442
0.002284
0.005912
0.001680
0.003494
0.006450
0.002352
0.006517
0.001814
0.004703
0.002016
0.003494
0.004569
0.001881
0.001881
0.003494
0.002284
0.004972
0.003628
0.003426
0.002687
0.003695
0.002822
0.007458
0.004300
0.002889
0.002150
0.003023
0.002150
0.001680
0.002352
0.002486
0.003158
0.008130
0.004031
0.002083
0.002419
0.004233
0.002620
0.009406
0.003830
0.003494
0.002150
0.002822
0.003158
0.001747
0.006383
0.003897
0.002822
0.002553
0.005039
0.002956
0.002687
0.004166
0.002620
0.004501
0.002687
0.002889
0.002352
0.003158
0.004569
0.002083
0.004031
0.003158
0.002620
0.002822
0.001478
0.000873
0.003359
0.003628
0.002150
0.004031
0.005375
0.002284
0.002755
0.001411
0.002889
0.002553
0.005039
0.002419
0.003830
0.006248
0.002284
0.002755
0.003292
0.005644
0.002150
0.002083
0.006181
0.002352
0.002553
0.002620
0.007122
0.001948
0.003023
0.003091
0.005039
0.005576
0.006584
0.001411
0.004166
0.002553
0.002620
0.002889
0.005039
0.002217
0.002352
0.001881
0.008398
0.003359
0.004905
0.002217
0.004300
0.005039
0.003091
0.002016
0.002284
0.002217
0.002352
0.004770
0.006786
0.002016
0.002419
0.002016
0.001545
0.002217
0.006047
0.002553
0.004098
0.008667
0.001747
0.001478
0.003964
0.006383
0.002755
0.003695
0.002755
0.002016
0.002150
0.006517
0.003091
0.002822
0.003292
0.003023
0.002687
0.004770
0.001344
0.002284
0.002016
0.002217
0.002620
0.005106
0.005711
0.001948
0.002284
0.003158
0.002150
0.002352
0.006517
0.002486
0.003023
0.009272
0.004233
0.001680
0.002419
0.001411
0.002284
0.005644
0.005576
0.002016
0.002083
0.001612
0.002553
0.001344
0.005778
0.003762
0.003830
0.005442
0.004972
0.001612
0.002822
0.002620
0.001344
0.003628
0.002956
0.002217
0.002889
0.005778
0.001948
0.003426
0.005375
0.001948
0.002083
0.004166
