0.074375
0.000873
0.001881
0.003964
0.003628
0.003695
0.006517
0.005980
0.000739
0.002889
0.002016
0.001948
0.005308
0.003964
0.003426
0.011758
0.006114
0.003225
0.001948
0.007928
0.001411
0.001948
0.004166
0.004367
0.001277
0.006450
0.003158
0.004905
0.001680
0.002083
0.002352
0.003964
0.005509
0.000739
0.001008
0.002217
0.006517
0.002016
0.005576
0.002083
0.001277
0.002217
0.003158
0.001075
0.015923
0.001680
0.005845
0.002284
0.006719
0.001277
0.002284
0.002217
0.003023
0.001680
0.002553
0.002016
0.001747
0.002284
0.003830
0.000941
0.007122
0.002150
0.001747
0.001612
0.002687
0.002016
0.001612
0.005576
0.001680
0.018543
0.001142
0.007323
0.001075
0.004569
0.001411
0.001747
0.001209
0.008667
0.000873
0.014445
0.001948
0.005576
0.000672
0.009876
0.002217
0.011019
0.001680
0.002889
0.000941
0.005980
0.001545
0.004300
0.002486
0.004300
0.001478
0.004770
0.005375
0.002822
0.001344
0.002620
0.004501
0.015789
0.002822
0.005845
0.001411
0.003628
0.001411
0.001478
0.013169
0.006450
0.002956
0.004972
0.006651
0.004434
0.001814
0.006786
0.004636
0.006517
0.000941
0.002486
0.002755
0.009742
0.003762
0.003762
0.007659
0.004434
0.001411
0.002016
0.000605
0.002486
0.001545
0.003628
0.001344
0.008130
0.004569
0.003561
0.001142
0.003158
0.000941
0.002620
0.007458
0.003359
0.002083
0.010414
0.003561
0.003830
0.001411
0.007861
0.001008
0.002284
0.002620
0.002486
0.002217
0.006517
0.003561
0.004837
0.002150
0.001411
0.001814
0.004031
0.005106
0.001680
0.001948
0.000873
0.001680
0.001747
0.003695
0.001478
0.001411
0.001411
0.002217
0.001277
0.009742
0.001075
0.002150
0.002352
0.004703
0.002284
0.003426
0.001008
0.001277
0.002486
0.002150
0.001142
0.002553
0.001747
0.004233
0.001411
0.005644
0.001344
0.001344
0.002486
0.001814
0.003292
0.000873
0.003561
0.000739
0.010951
0.001344
0.005173
0.001411
0.008264
0.000605
0.002553
0.003023
0.005576
0.001008
0.010279
0.001277
0.006584
0.001277
0.006786
0.000806
0.005241
0.001277
0.002150
0.000672
0.005576
0.001277
0.006584
0.003695
0.002620
0.001008
0.005173
0.003762
0.003897
0.000873
0.002352
0.001747
0.008734
0.003023
0.004233
0.001478
0.003628
0.001008
0.001612
0.011422
0.003292
0.002217
0.006853
0.008600
0.004905
0.001948
0.003494
0.002150
0.004300
0.001545
0.001612
0.002217
0.012698
0.002822
0.004905
0.006248
0.003494
0.001277
0.002553
