0.085461
0.001747
0.002755
0.004434
0.002620
0.004300
0.009473
0.005173
0.001008
0.002822
0.003359
0.002553
0.002352
0.003897
0.002755
0.012094
0.002486
0.002687
0.001612
0.006987
0.002150
0.001747
0.008801
0.006047
0.001344
0.004837
0.003695
0.003225
0.002687
0.001948
0.004031
0.008667
0.004031
0.002553
0.002486
0.005173
0.003023
0.003023
0.006047
0.001411
0.001277
0.004703
0.004972
0.001948
0.004972
0.002620
0.002016
0.002419
0.001680
0.000806
0.002016
0.002889
0.003158
0.003628
0.011556
0.004434
0.001277
0.002352
0.003292
0.001075
0.010078
0.003292
0.003762
0.003830
0.003830
0.003359
0.002150
0.006383
0.002486
0.009675
0.001478
0.007189
0.002217
0.005509
0.004703
0.003023
0.001478
0.008062
0.001209
0.010078
0.001478
0.003426
0.001411
0.005644
0.001747
0.012967
0.002755
0.004434
0.001075
0.004703
0.001747
0.003359
0.003628
0.004434
0.003158
0.011623
0.003023
0.002822
0.001277
0.002284
0.002419
0.011959
0.002217
0.004233
0.001411
0.003762
0.002016
0.001478
0.010212
0.005509
0.001478
0.003292
0.002620
0.002687
0.001478
0.005106
0.002889
0.007525
0.002956
0.001948
0.001411
0.005039
0.003359
0.002352
0.007592
0.004972
0.002419
0.001948
0.001209
0.001680
0.002352
0.004972
0.001747
0.005509
0.005711
0.002217
0.001277
0.002016
0.002486
0.002822
0.003225
0.002553
0.001612
0.010145
0.001075
0.003695
0.001747
0.007055
0.001680
0.003225
0.007390
0.003830
0.001948
0.003023
0.004098
0.002150
0.002620
0.001545
0.002217
0.006853
0.005442
0.002217
0.002150
0.001948
0.001814
0.003292
0.004770
0.000672
0.001545
0.002016
0.007592
0.002419
0.003023
0.001814
0.002956
0.003091
0.001680
0.001478
0.001747
0.000941
0.002217
0.005173
0.007861
0.002553
0.001545
0.000806
0.002553
0.001680
0.008331
0.002822
0.002016
0.005106
0.002755
0.003359
0.002352
0.006719
0.001344
0.009944
0.002620
0.002956
0.002755
0.008734
0.002016
0.003091
0.002687
0.003695
0.001344
0.007861
0.000941
0.003897
0.000806
0.004300
0.001545
0.007995
0.005308
0.002486
0.001344
0.003762
0.001209
0.003225
0.004166
0.003023
0.002150
0.008600
0.002352
0.003023
0.001612
0.002016
0.002083
0.008869
0.003628
0.002083
0.001277
0.003494
0.001948
0.002486
0.006047
0.002419
0.001747
0.006651
0.003561
0.003359
0.002150
0.002755
0.001545
0.006987
0.003292
0.001545
0.001411
0.006316
0.001142
0.003292
0.004905
0.003762
0.001747
0.002889
