0.085595
0.001478
0.001075
0.003091
0.002016
0.003292
0.009540
0.004636
0.001948
0.001545
0.003158
0.002687
0.002822
0.003964
0.002755
0.011086
0.004703
0.002755
0.000806
0.005308
0.002217
0.001948
0.006651
0.004501
0.002755
0.005039
0.002687
0.002687
0.002687
0.002083
0.001948
0.007592
0.004434
0.001881
0.001411
0.004233
0.003897
0.002553
0.006047
0.002822
0.003023
0.004905
0.004367
0.002083
0.008197
0.002284
0.002956
0.001948
0.004300
0.001075
0.001747
0.001545
0.003292
0.003292
0.012429
0.002687
0.002284
0.002620
0.002486
0.001142
0.012228
0.003292
0.002352
0.003292
0.004501
0.002956
0.002083
0.006181
0.001747
0.009205
0.001344
0.007323
0.002016
0.004972
0.004569
0.002956
0.002486
0.007122
0.002016
0.007323
0.003158
0.003023
0.000941
0.004703
0.002687
0.011220
0.003225
0.004098
0.001881
0.005106
0.001411
0.003695
0.002822
0.003426
0.002016
0.010615
0.002755
0.001881
0.001478
0.002486
0.003494
0.011153
0.001814
0.003225
0.002217
0.003091
0.002016
0.002016
0.012429
0.004703
0.002217
0.003628
0.005173
0.002889
0.001612
0.004636
0.003494
0.007928
0.002217
0.001881
0.002889
0.006047
0.002352
0.002822
0.008062
0.005576
0.001478
0.002620
0.002419
0.002217
0.001478
0.004098
0.001680
0.006316
0.006181
0.001814
0.002419
0.002083
0.001545
0.003158
0.005644
0.001814
0.001680
0.007390
0.002217
0.002956
0.000941
0.005980
0.002217
0.004166
0.003628
0.003628
0.002419
0.001747
0.004636
0.003762
0.003561
0.001344
0.001612
0.006719
0.006450
0.002150
0.001747
0.002687
0.003023
0.003897
0.002486
0.001075
0.002822
0.002083
0.007458
0.001881
0.005576
0.000941
0.001411
0.002956
0.003494
0.001277
0.002419
0.001008
0.002956
0.004905
0.007995
0.001881
0.002016
0.001075
0.001881
0.001545
0.006584
0.001747
0.001948
0.005509
0.001747
0.004233
0.002150
0.007458
0.002083
0.007458
0.003225
0.003628
0.002150
0.008264
0.002083
0.002956
0.003897
0.003158
0.001277
0.008398
0.001545
0.003628
0.001277
0.003494
0.002553
0.007122
0.004972
0.003359
0.002284
0.004434
0.000941
0.004166
0.004300
0.003091
0.001478
0.007458
0.004098
0.002352
0.001277
0.001948
0.001881
0.009540
0.003426
0.002083
0.003091
0.002352
0.001142
0.002553
0.008734
0.002352
0.001680
0.005845
0.006383
0.002083
0.001478
0.002217
0.003091
0.006248
0.002956
0.002016
0.002889
0.007256
0.000605
0.003225
0.007323
0.002822
0.001545
0.003628
