0.074845
0.000739
0.001612
0.005442
0.002419
0.004098
0.013169
0.008331
0.000403
0.002150
0.003023
0.003023
0.002083
0.002016
0.002822
0.017670
0.002486
0.000806
0.001008
0.005173
0.001747
0.001814
0.007726
0.006920
0.001881
0.003628
0.004569
0.002620
0.001008
0.001411
0.003426
0.010750
0.004300
0.001209
0.001344
0.004367
0.006719
0.002284
0.014042
0.001747
0.001747
0.001680
0.004166
0.001545
0.010078
0.001344
0.005442
0.001344
0.004434
0.000873
0.001209
0.002352
0.004233
0.003158
0.012295
0.003225
0.002553
0.001747
0.006316
0.001142
0.010615
0.002620
0.001881
0.003830
0.002620
0.002553
0.001008
0.006181
0.001612
0.013706
0.000941
0.008667
0.000873
0.005576
0.003225
0.002016
0.001142
0.005173
0.001747
0.017468
0.000672
0.002956
0.000537
0.005241
0.002150
0.014042
0.001881
0.005442
0.001075
0.004770
0.001881
0.002889
0.001948
0.005711
0.001612
0.018006
0.003426
0.002486
0.000739
0.001411
0.003158
0.011825
0.002352
0.003023
0.002083
0.003359
0.001814
0.001411
0.012833
0.005308
0.001680
0.003897
0.004770
0.002217
0.001881
0.003158
0.006584
0.008734
0.000672
0.002284
0.001747
0.003292
0.007323
0.001612
0.007861
0.007995
0.000941
0.001545
0.000873
0.000806
0.001948
0.005375
0.001747
0.004098
0.007928
0.002889
0.001411
0.001344
0.001814
0.003762
0.003023
0.000873
0.001747
0.007995
0.002620
0.002352
0.002016
0.007794
0.001612
0.002284
0.004972
0.003426
0.001680
0.005576
0.005576
0.002217
0.002352
0.001612
0.002016
0.008264
0.005845
0.002150
0.001881
0.001948
0.002419
0.002016
0.007189
0.001411
0.001545
0.001612
0.006047
0.001881
0.007928
0.000873
0.002822
0.002687
0.001814
0.000537
0.001948
0.000605
0.002284
0.003292
0.005778
0.001948
0.001344
0.001277
0.003158
0.001277
0.006047
0.001747
0.001747
0.005039
0.001747
0.002822
0.001680
0.008869
0.001747
0.009473
0.002755
0.004837
0.001142
0.005845
0.002016
0.003359
0.002889
0.003225
0.001142
0.008667
0.000269
0.002553
0.000403
0.004166
0.001478
0.009944
0.003897
0.003897
0.000941
0.003964
0.001948
0.002352
0.003426
0.003158
0.000537
0.010145
0.003091
0.002016
0.001142
0.000941
0.002016
0.006047
0.005980
0.001612
0.004233
0.002822
0.001680
0.001075
0.006114
0.001948
0.001075
0.003762
0.005308
0.001411
0.002150
0.002620
0.002419
0.005980
0.002553
0.001344
0.001612
0.004905
0.003158
0.002889
0.006786
0.002822
0.000941
0.002755
