0.078272
0.001344
0.002553
0.003426
0.002016
0.004166
0.009876
0.004569
0.000941
0.001008
0.003091
0.002486
0.001747
0.002486
0.003830
0.012295
0.006517
0.001747
0.001948
0.004770
0.001008
0.001747
0.008465
0.007458
0.001680
0.005039
0.004703
0.001881
0.000941
0.001612
0.005778
0.009205
0.004501
0.001411
0.001545
0.002553
0.003897
0.001142
0.009742
0.001411
0.001142
0.004905
0.004905
0.001277
0.013975
0.002217
0.005241
0.002016
0.005912
0.001277
0.001881
0.001881
0.002284
0.003964
0.011153
0.004031
0.001008
0.002016
0.004770
0.000806
0.010884
0.004501
0.003359
0.003158
0.003292
0.002486
0.001075
0.005106
0.001075
0.014983
0.001075
0.005644
0.000873
0.007055
0.003426
0.002755
0.001814
0.006584
0.001209
0.012967
0.001747
0.001545
0.000806
0.004434
0.000806
0.016595
0.001948
0.005375
0.000873
0.006651
0.000672
0.002755
0.001814
0.005173
0.002083
0.011825
0.003225
0.003494
0.000873
0.001881
0.002687
0.016058
0.002284
0.002150
0.002352
0.005241
0.001478
0.001008
0.011758
0.005845
0.001948
0.003359
0.005509
0.002083
0.002217
0.003494
0.003158
0.011354
0.001075
0.001612
0.001075
0.005711
0.003628
0.001142
0.007995
0.006114
0.002150
0.002620
0.001680
0.000806
0.003695
0.004770
0.001142
0.004501
0.006987
0.002083
0.001075
0.001277
0.002150
0.002083
0.006383
0.001747
0.001948
0.006853
0.003292
0.002620
0.001612
0.005778
0.000941
0.002889
0.005845
0.002687
0.002352
0.002486
0.004972
0.001881
0.002486
0.001478
0.002889
0.005442
0.005106
0.002352
0.001747
0.002083
0.002755
0.002553
0.007794
0.001478
0.001881
0.001881
0.006450
0.002284
0.007323
0.001411
0.003091
0.002217
0.002755
0.000672
0.001142
0.001344
0.001142
0.005980
0.007055
0.001948
0.002217
0.000739
0.001948
0.000537
0.005241
0.001680
0.002889
0.003830
0.002889
0.004031
0.002150
0.005039
0.001277
0.008533
0.002553
0.003359
0.002016
0.009809
0.002352
0.002687
0.001814
0.004300
0.001545
0.008465
0.001747
0.003091
0.000672
0.003964
0.000806
0.009070
0.003695
0.003292
0.000873
0.004233
0.000336
0.002150
0.004031
0.003359
0.001680
0.009406
0.003225
0.003561
0.001075
0.001478
0.001344
0.008801
0.004233
0.001612
0.001881
0.004166
0.000873
0.001344
0.008936
0.002889
0.001680
0.004367
0.005509
0.002419
0.001948
0.005442
0.001948
0.006651
0.001881
0.001411
0.001814
0.007055
0.002419
0.002284
0.005241
0.003762
0.001478
0.003225
