0.085461
0.001814
0.002687
0.002889
0.003628
0.004300
0.010817
0.005106
0.001612
0.002687
0.002822
0.002956
0.003023
0.004501
0.004434
0.010078
0.005106
0.002217
0.001277
0.004972
0.002150
0.001545
0.005039
0.003494
0.002419
0.004972
0.005039
0.003561
0.002217
0.002150
0.003628
0.005375
0.005644
0.002419
0.001814
0.003830
0.003023
0.002687
0.006517
0.002217
0.002419
0.005845
0.003561
0.001344
0.008331
0.002486
0.004098
0.002956
0.004837
0.001209
0.002419
0.002150
0.004434
0.002822
0.008130
0.003023
0.003494
0.002419
0.004501
0.001612
0.009809
0.002755
0.002553
0.002150
0.005241
0.001411
0.001411
0.002822
0.002553
0.009608
0.002150
0.007726
0.003561
0.004031
0.003494
0.002620
0.001411
0.004905
0.001881
0.008801
0.002486
0.002620
0.001478
0.003426
0.003494
0.008869
0.002150
0.004166
0.001344
0.004501
0.002822
0.004703
0.002419
0.003023
0.002553
0.010145
0.004636
0.002083
0.001209
0.002217
0.005106
0.012161
0.002687
0.003359
0.004300
0.002889
0.002016
0.001075
0.014915
0.004501
0.003023
0.003091
0.005778
0.002419
0.002150
0.004367
0.004703
0.005912
0.001948
0.002284
0.003359
0.006316
0.005039
0.003158
0.005644
0.004166
0.001680
0.002352
0.001277
0.001209
0.002553
0.004166
0.003158
0.006651
0.004972
0.002822
0.001209
0.001747
0.002352
0.002822
0.005173
0.002419
0.002419
0.007122
0.004031
0.002956
0.001948
0.006853
0.001948
0.003561
0.002956
0.002284
0.002956
0.003225
0.005509
0.003494
0.002687
0.001142
0.001344
0.005241
0.006517
0.001747
0.002419
0.002419
0.002755
0.004233
0.006987
0.001545
0.003091
0.002016
0.006181
0.001881
0.007458
0.001948
0.002687
0.002755
0.004098
0.001478
0.003023
0.001478
0.002486
0.005778
0.003964
0.001545
0.002553
0.001814
0.003292
0.001881
0.007256
0.001747
0.001344
0.004703
0.002755
0.001008
0.001814
0.005644
0.001344
0.006719
0.003494
0.002687
0.003561
0.009070
0.002016
0.002083
0.003695
0.001881
0.001612
0.004905
0.001747
0.002217
0.001612
0.003023
0.002687
0.006987
0.003964
0.001747
0.001209
0.003561
0.001277
0.002889
0.005375
0.001948
0.001075
0.007323
0.004972
0.001612
0.001545
0.001209
0.002419
0.008600
0.003292
0.002016
0.004166
0.002889
0.001747
0.001142
0.007861
0.001612
0.002217
0.005576
0.008869
0.002620
0.004098
0.003158
0.003225
0.005308
0.002150
0.001747
0.003023
0.006316
0.002687
0.002755
0.005778
0.003762
0.001075
0.002486
