0.091239
0.001814
0.002620
0.002755
0.003494
0.003695
0.013370
0.003628
0.001142
0.002956
0.002486
0.002822
0.003897
0.005173
0.003023
0.014311
0.004367
0.002150
0.001344
0.004434
0.001814
0.001747
0.007794
0.002620
0.001277
0.004972
0.002083
0.002755
0.001478
0.002083
0.002956
0.006517
0.003359
0.001277
0.002284
0.003225
0.002822
0.002016
0.005778
0.002284
0.001075
0.003830
0.003091
0.001612
0.008130
0.002284
0.002284
0.001747
0.003225
0.001545
0.001881
0.002419
0.002217
0.003158
0.014512
0.003225
0.001881
0.002553
0.003091
0.001881
0.012228
0.003023
0.002687
0.002083
0.003695
0.002486
0.001277
0.003695
0.001142
0.010145
0.001814
0.003359
0.001209
0.005778
0.004636
0.003158
0.002284
0.007861
0.001948
0.010078
0.001545
0.004098
0.001612
0.004300
0.002083
0.014848
0.001680
0.003292
0.001209
0.005845
0.001814
0.003695
0.001545
0.005576
0.001881
0.012564
0.002956
0.003091
0.001411
0.002016
0.003561
0.013908
0.002352
0.004031
0.001680
0.005644
0.001478
0.002217
0.014647
0.005375
0.003359
0.001814
0.004703
0.002889
0.001948
0.003091
0.003897
0.011825
0.001075
0.002016
0.002150
0.006786
0.003359
0.001612
0.012631
0.005980
0.001277
0.001814
0.001478
0.002083
0.001814
0.003494
0.001747
0.007256
0.008264
0.002956
0.001478
0.002284
0.000941
0.002486
0.005442
0.002419
0.002217
0.007189
0.001680
0.003762
0.001008
0.006920
0.001680
0.003830
0.005576
0.001814
0.002352
0.002486
0.003762
0.002755
0.003158
0.001478
0.001209
0.003561
0.004569
0.003359
0.001612
0.001680
0.000941
0.003561
0.003158
0.002687
0.001478
0.002284
0.006450
0.003292
0.004636
0.002352
0.001344
0.003225
0.002284
0.002486
0.002822
0.002284
0.001075
0.005039
0.007525
0.002217
0.000941
0.001411
0.002217
0.002352
0.006584
0.001545
0.001747
0.003964
0.001411
0.002016
0.002083
0.005375
0.000873
0.007323
0.002956
0.002620
0.001814
0.006517
0.001747
0.002016
0.002956
0.003426
0.001612
0.003695
0.001277
0.003225
0.002150
0.003561
0.001008
0.008398
0.004703
0.003292
0.001545
0.004569
0.001612
0.003225
0.003561
0.003292
0.001277
0.006651
0.005039
0.004166
0.001747
0.001209
0.001747
0.010078
0.003359
0.002755
0.001612
0.003964
0.000605
0.002284
0.008869
0.002956
0.001545
0.003292
0.006584
0.005173
0.002016
0.004166
0.001344
0.008331
0.002687
0.001747
0.002687
0.008734
0.001814
0.003695
0.005576
0.003762
0.001545
0.003158
