0.078003
0.000672
0.000873
0.001948
0.003426
0.004636
0.016058
0.009205
0.000873
0.002352
0.002419
0.002486
0.004031
0.004031
0.003762
0.016729
0.002687
0.001344
0.001344
0.004166
0.000806
0.001948
0.008331
0.003897
0.003225
0.005442
0.007458
0.004434
0.001344
0.000873
0.004837
0.008936
0.003494
0.000269
0.000134
0.002284
0.009675
0.001411
0.006584
0.002419
0.002419
0.002687
0.003091
0.001209
0.016729
0.001411
0.003494
0.001277
0.005241
0.000470
0.001344
0.000470
0.003292
0.000672
0.009070
0.000941
0.007525
0.002755
0.005442
0.000873
0.013101
0.000739
0.002352
0.001142
0.002553
0.001142
0.000806
0.002284
0.000806
0.015789
0.001008
0.009406
0.000470
0.004098
0.003628
0.001075
0.000739
0.009070
0.001142
0.009473
0.000537
0.003225
0.000336
0.002755
0.000873
0.009876
0.001008
0.003292
0.000873
0.005912
0.002217
0.004233
0.001142
0.002419
0.001344
0.009944
0.004367
0.001612
0.000336
0.000806
0.008062
0.012967
0.004434
0.005308
0.003762
0.002284
0.002889
0.000605
0.020357
0.005912
0.004166
0.002486
0.005173
0.001478
0.001411
0.003158
0.007458
0.007189
0.001411
0.001142
0.005980
0.005241
0.008600
0.002419
0.014042
0.004636
0.002889
0.001008
0.000739
0.000403
0.003158
0.003225
0.002083
0.006517
0.009339
0.004098
0.000403
0.001411
0.002822
0.002755
0.002822
0.002217
0.000941
0.005576
0.002150
0.006316
0.002016
0.009876
0.001142
0.002889
0.003494
0.002755
0.004166
0.004636
0.008331
0.005241
0.001478
0.001209
0.000873
0.003359
0.005241
0.001545
0.000941
0.001142
0.006248
0.002486
0.005173
0.001747
0.001747
0.001545
0.006450
0.001411
0.006248
0.000806
0.001277
0.000873
0.006853
0.000873
0.003762
0.001747
0.002083
0.003091
0.005173
0.000537
0.007323
0.001344
0.002150
0.001142
0.004837
0.000605
0.001008
0.002352
0.000605
0.001209
0.001814
0.004569
0.000403
0.008398
0.002889
0.003695
0.000941
0.005845
0.001478
0.000739
0.001209
0.002687
0.001478
0.003023
0.000537
0.006181
0.000672
0.005308
0.000470
0.006248
0.002419
0.001881
0.000873
0.005039
0.001277
0.005912
0.002687
0.000605
0.000470
0.004972
0.004703
0.002352
0.001881
0.000672
0.005912
0.007861
0.006316
0.002553
0.005912
0.002486
0.001478
0.000269
0.008600
0.001680
0.001881
0.003158
0.010212
0.003225
0.004703
0.002352
0.004636
0.004098
0.003292
0.001277
0.004703
0.008062
0.003359
0.004031
0.006383
0.001478
0.001545
0.000537
