0.100242
0.003023
0.002486
0.002755
0.002083
0.004569
0.008667
0.003561
0.000873
0.004166
0.001478
0.002419
0.001747
0.005106
0.002016
0.011489
0.004367
0.004300
0.000941
0.004233
0.002486
0.002956
0.007794
0.005173
0.001948
0.004434
0.002956
0.003023
0.002419
0.004031
0.002352
0.010548
0.004972
0.003158
0.001142
0.003359
0.003561
0.003964
0.004300
0.001612
0.001814
0.004636
0.003292
0.002822
0.006114
0.003426
0.001478
0.001814
0.003695
0.002553
0.001411
0.002553
0.002486
0.003494
0.008801
0.003628
0.002016
0.004569
0.001545
0.001747
0.008667
0.004031
0.001747
0.002352
0.005173
0.004300
0.000806
0.003897
0.002553
0.007659
0.000537
0.004434
0.002083
0.005912
0.002217
0.003158
0.001478
0.005039
0.001209
0.008734
0.002217
0.004636
0.001209
0.004233
0.003964
0.011556
0.001478
0.004031
0.002150
0.006114
0.001411
0.004031
0.003023
0.005106
0.001545
0.013236
0.003359
0.004300
0.001277
0.002755
0.003023
0.009675
0.000873
0.003561
0.002620
0.004098
0.001747
0.002956
0.013034
0.005644
0.001747
0.003695
0.003628
0.003762
0.001008
0.005644
0.003964
0.007794
0.000605
0.002352
0.002083
0.006450
0.003359
0.002217
0.006248
0.005442
0.001075
0.002016
0.000806
0.003359
0.001209
0.004233
0.001277
0.005375
0.004569
0.003091
0.001747
0.004031
0.002083
0.002150
0.005173
0.004905
0.001008
0.006181
0.001881
0.004098
0.000470
0.006316
0.001814
0.005308
0.002620
0.003091
0.001411
0.004434
0.004233
0.002956
0.002620
0.003426
0.001142
0.005912
0.005711
0.004636
0.000941
0.001881
0.001948
0.003762
0.001209
0.001948
0.001881
0.004300
0.006248
0.002352
0.004166
0.002956
0.000739
0.003628
0.001545
0.002284
0.001277
0.001881
0.001881
0.006248
0.004636
0.003225
0.002083
0.003359
0.001478
0.001747
0.006517
0.003830
0.001612
0.003964
0.002419
0.003091
0.001680
0.006181
0.000739
0.006248
0.001478
0.003628
0.002620
0.008197
0.000873
0.002150
0.002620
0.004098
0.001008
0.006920
0.001814
0.003830
0.000605
0.003023
0.003158
0.008734
0.002620
0.003494
0.001814
0.005106
0.001008
0.003023
0.004569
0.003830
0.001545
0.009473
0.004434
0.004569
0.001411
0.002284
0.002217
0.006920
0.003359
0.003359
0.002822
0.004501
0.000672
0.002419
0.005912
0.003897
0.000739
0.006316
0.005912
0.003561
0.001142
0.002620
0.002822
0.006450
0.001680
0.003494
0.002016
0.007189
0.001075
0.003964
0.004434
0.003426
0.001881
0.003561
