0.093926
0.000941
0.003426
0.003225
0.001948
0.002687
0.017468
0.004837
0.000739
0.002553
0.003628
0.002553
0.001948
0.002150
0.006181
0.019484
0.002016
0.001209
0.002419
0.003292
0.001881
0.001545
0.010548
0.005778
0.000941
0.002352
0.003561
0.001478
0.002150
0.002419
0.007458
0.011892
0.003830
0.000873
0.003628
0.004098
0.006450
0.001142
0.010817
0.001814
0.002083
0.003695
0.004837
0.000739
0.011354
0.001747
0.007659
0.001948
0.002889
0.000537
0.003023
0.001814
0.003628
0.002822
0.014311
0.001948
0.002822
0.001545
0.003964
0.000739
0.014714
0.001344
0.004972
0.001814
0.003561
0.002217
0.001344
0.003897
0.000739
0.009742
0.001680
0.004837
0.001075
0.006248
0.003695
0.001344
0.001142
0.005241
0.002217
0.015386
0.001008
0.003628
0.000537
0.003091
0.001881
0.017872
0.002284
0.003158
0.001008
0.005241
0.001344
0.002284
0.002217
0.004367
0.002956
0.015184
0.004434
0.002956
0.000672
0.001680
0.003695
0.012564
0.001612
0.002822
0.001680
0.003292
0.001277
0.000537
0.014042
0.003091
0.002419
0.001680
0.003292
0.002284
0.000873
0.002755
0.004972
0.008734
0.000941
0.001680
0.000605
0.005375
0.003830
0.000806
0.009540
0.005980
0.001814
0.001008
0.000941
0.001478
0.002822
0.004501
0.001612
0.002956
0.008801
0.001277
0.001008
0.001344
0.003628
0.003830
0.002822
0.001344
0.001948
0.008465
0.002956
0.002553
0.003158
0.005644
0.001478
0.002553
0.004905
0.002687
0.003292
0.002352
0.006786
0.002822
0.002016
0.001747
0.002755
0.005845
0.006517
0.003091
0.002419
0.002284
0.002150
0.002217
0.004166
0.001881
0.003023
0.002150
0.007122
0.003426
0.004434
0.001142
0.003897
0.002352
0.002822
0.001142
0.002956
0.001277
0.001612
0.004569
0.008062
0.001344
0.003695
0.000941
0.003762
0.000941
0.006584
0.000806
0.002889
0.003359
0.001680
0.003964
0.002956
0.005241
0.001612
0.005509
0.002620
0.001814
0.001881
0.009272
0.002083
0.001344
0.001948
0.003091
0.002016
0.006450
0.000873
0.003359
0.001075
0.003023
0.000873
0.008264
0.004972
0.001680
0.001344
0.003494
0.001209
0.003695
0.003964
0.002083
0.001142
0.005241
0.005442
0.005039
0.001478
0.001008
0.001545
0.006383
0.003561
0.001277
0.002352
0.005173
0.001747
0.001277
0.006248
0.001814
0.001881
0.003628
0.004770
0.002553
0.002083
0.003695
0.002150
0.005106
0.001680
0.001209
0.001814
0.005576
0.001814
0.002352
0.004434
0.002822
0.001948
0.001411
