0.096144
0.000873
0.002486
0.004098
0.002687
0.004098
0.009809
0.004434
0.001209
0.001881
0.003023
0.003091
0.002822
0.001747
0.004770
0.010951
0.004233
0.001814
0.001881
0.003762
0.001344
0.001277
0.006920
0.004569
0.001680
0.006719
0.002486
0.002352
0.001680
0.001747
0.004098
0.010615
0.006181
0.001209
0.001545
0.004166
0.005375
0.001747
0.009742
0.001075
0.002419
0.004166
0.004501
0.001612
0.008465
0.001948
0.004770
0.001545
0.005173
0.000941
0.002620
0.001411
0.005241
0.002889
0.010212
0.002016
0.001612
0.001814
0.003426
0.000739
0.013773
0.001747
0.003897
0.003359
0.004837
0.001747
0.000739
0.004636
0.001881
0.013236
0.001680
0.005375
0.001881
0.004233
0.003426
0.002687
0.001411
0.006987
0.001747
0.007861
0.001344
0.002486
0.001075
0.004233
0.002419
0.014512
0.002419
0.004434
0.001344
0.006450
0.002016
0.004031
0.002687
0.003628
0.002553
0.011623
0.006383
0.001411
0.000672
0.001747
0.006853
0.011489
0.002755
0.002553
0.002620
0.002486
0.001411
0.001209
0.014042
0.003964
0.001344
0.002755
0.004300
0.001881
0.001545
0.004098
0.007659
0.011556
0.001747
0.001612
0.001881
0.004367
0.003292
0.001814
0.014109
0.004837
0.001344
0.001948
0.000739
0.001545
0.002620
0.005308
0.001411
0.006786
0.005576
0.002956
0.000672
0.001747
0.002284
0.002889
0.004300
0.001612
0.001612
0.005845
0.002486
0.002553
0.000941
0.005980
0.001008
0.002217
0.006181
0.002419
0.002553
0.002755
0.003762
0.001948
0.001209
0.001209
0.002755
0.005644
0.006651
0.002822
0.001142
0.002419
0.003359
0.002889
0.008398
0.001277
0.002956
0.002956
0.006248
0.002150
0.006248
0.001545
0.001680
0.002150
0.003494
0.001142
0.001747
0.001209
0.003225
0.004233
0.006517
0.002150
0.003426
0.001545
0.002150
0.001008
0.007256
0.001008
0.001478
0.003561
0.002083
0.001948
0.002419
0.007592
0.001277
0.011153
0.001747
0.004166
0.001814
0.005778
0.003494
0.002889
0.001612
0.003091
0.001411
0.005173
0.000941
0.002620
0.000941
0.003695
0.001545
0.007659
0.004905
0.002822
0.000739
0.002150
0.001478
0.003830
0.004501
0.001680
0.001411
0.006517
0.005241
0.001612
0.000672
0.000672
0.002486
0.009272
0.003695
0.001948
0.004636
0.001680
0.001478
0.000873
0.006786
0.002083
0.000672
0.004233
0.007726
0.002217
0.002755
0.002284
0.003762
0.007323
0.003359
0.002083
0.002419
0.005375
0.002755
0.002755
0.008465
0.001545
0.000873
0.001680
