0.097890
0.001545
0.003426
0.004367
0.003762
0.003494
0.012497
0.004367
0.001008
0.002553
0.004031
0.002687
0.002419
0.002553
0.004703
0.010615
0.005375
0.002687
0.003359
0.005173
0.001747
0.002553
0.006114
0.004972
0.001680
0.004300
0.007055
0.002352
0.001948
0.001948
0.002419
0.005912
0.003494
0.001814
0.001680
0.005845
0.004636
0.002083
0.007995
0.002217
0.001814
0.003762
0.004770
0.002217
0.005845
0.002016
0.005241
0.002755
0.003628
0.001612
0.002352
0.002889
0.002284
0.001680
0.007995
0.003292
0.002486
0.002352
0.005241
0.001411
0.007726
0.003158
0.003225
0.002889
0.003762
0.001008
0.003023
0.005711
0.001411
0.010414
0.001680
0.005778
0.001478
0.003561
0.004367
0.002419
0.002016
0.005509
0.002687
0.007794
0.002352
0.003695
0.001545
0.004166
0.001478
0.010212
0.002352
0.003359
0.001142
0.004300
0.002687
0.002486
0.002486
0.003494
0.002284
0.008667
0.002889
0.002217
0.001411
0.002956
0.003426
0.011690
0.003023
0.003628
0.002217
0.002352
0.002352
0.002083
0.010615
0.005308
0.004233
0.003091
0.005644
0.003762
0.002687
0.004703
0.003091
0.005845
0.002419
0.002284
0.001612
0.006719
0.006316
0.002150
0.005509
0.004233
0.001881
0.001747
0.001411
0.001814
0.003628
0.004703
0.003158
0.004972
0.007794
0.002150
0.001680
0.001008
0.003628
0.002352
0.004434
0.002083
0.002150
0.007995
0.002150
0.003091
0.002352
0.006316
0.001478
0.003023
0.004367
0.003494
0.003964
0.003695
0.007659
0.003023
0.003158
0.001344
0.003359
0.006316
0.005644
0.002217
0.002016
0.003359
0.001881
0.003091
0.007323
0.001545
0.002620
0.001277
0.008062
0.002755
0.005308
0.001411
0.002687
0.003830
0.001478
0.001881
0.002956
0.002486
0.000873
0.004166
0.007189
0.002755
0.003091
0.002150
0.004636
0.000873
0.004434
0.001814
0.002486
0.007323
0.001344
0.001344
0.002352
0.006920
0.002016
0.006517
0.003158
0.001814
0.001948
0.006114
0.001411
0.002419
0.002284
0.002822
0.002150
0.006651
0.001478
0.003762
0.001277
0.004166
0.001209
0.005442
0.004166
0.002083
0.001344
0.003561
0.001411
0.004233
0.003897
0.001814
0.002486
0.007122
0.003830
0.003426
0.001948
0.001008
0.002822
0.007659
0.006181
0.002016
0.002553
0.001881
0.001612
0.001545
0.005576
0.003292
0.002687
0.005308
0.004972
0.002620
0.003762
0.002284
0.001209
0.004501
0.002755
0.001545
0.002553
0.006584
0.003225
0.001948
0.003628
0.002284
0.001680
0.003695
