0.094934
0.001277
0.002284
0.003091
0.002284
0.002284
0.011690
0.003158
0.002083
0.000605
0.002553
0.001612
0.003023
0.002889
0.004905
0.016192
0.004972
0.001478
0.002284
0.003897
0.001881
0.001209
0.006786
0.003292
0.002889
0.002486
0.003494
0.001344
0.002352
0.001411
0.003494
0.007323
0.004569
0.002150
0.001478
0.003897
0.007592
0.001948
0.006786
0.001814
0.002755
0.003091
0.003091
0.001680
0.008869
0.000739
0.004770
0.001680
0.003964
0.001411
0.002352
0.001948
0.006584
0.002687
0.009608
0.001747
0.003023
0.002150
0.002486
0.001277
0.012295
0.001747
0.003695
0.001680
0.003830
0.002016
0.002284
0.003359
0.002083
0.009608
0.001747
0.002352
0.002486
0.001814
0.003091
0.001142
0.002486
0.004098
0.002284
0.009473
0.001612
0.003225
0.002083
0.003695
0.003292
0.012967
0.001881
0.003897
0.001881
0.002755
0.001209
0.001478
0.002687
0.005375
0.001881
0.012698
0.003897
0.003830
0.001478
0.003359
0.006316
0.015318
0.002150
0.002956
0.004031
0.003023
0.001142
0.000806
0.014714
0.002956
0.004972
0.002284
0.005509
0.003023
0.004300
0.004233
0.007928
0.010212
0.001612
0.002687
0.003158
0.003426
0.004031
0.002083
0.013236
0.004233
0.001612
0.001142
0.002016
0.001411
0.001545
0.003830
0.002822
0.002486
0.008264
0.001142
0.001411
0.000336
0.002083
0.001478
0.005039
0.001747
0.003762
0.010279
0.002553
0.003359
0.001344
0.006248
0.002083
0.002352
0.004770
0.001881
0.004636
0.001209
0.004837
0.001814
0.004098
0.001747
0.002150
0.004636
0.006517
0.002419
0.001612
0.002553
0.003830
0.002553
0.004569
0.001411
0.003158
0.002217
0.006181
0.002755
0.005845
0.002083
0.003225
0.005039
0.002956
0.001277
0.002016
0.001344
0.003292
0.002687
0.007995
0.001209
0.003561
0.000672
0.001881
0.001277
0.010817
0.001008
0.002016
0.003830
0.004300
0.001881
0.003225
0.005845
0.003158
0.005241
0.002687
0.000806
0.003426
0.005375
0.002687
0.000806
0.003762
0.001881
0.002553
0.005106
0.000873
0.003762
0.001142
0.001344
0.001747
0.006853
0.003695
0.001680
0.001277
0.001948
0.001612
0.002284
0.004367
0.002486
0.002016
0.007189
0.005173
0.002553
0.001075
0.001075
0.003628
0.008667
0.004434
0.002217
0.003695
0.002217
0.001209
0.001008
0.009944
0.002150
0.002620
0.005241
0.005375
0.002822
0.004166
0.001680
0.004166
0.005576
0.003091
0.001344
0.003091
0.003628
0.003023
0.003292
0.008801
0.003158
0.002016
0.004233
