0.097353
0.001478
0.003830
0.003695
0.002822
0.003561
0.008936
0.003359
0.001142
0.002217
0.007323
0.002217
0.002486
0.003964
0.005241
0.013101
0.002956
0.001948
0.002150
0.005308
0.001948
0.001478
0.007390
0.004569
0.001008
0.004300
0.004972
0.001545
0.001948
0.001545
0.006181
0.012429
0.003359
0.001545
0.002486
0.003964
0.006047
0.001881
0.011690
0.001277
0.001680
0.003359
0.004501
0.000941
0.011354
0.002620
0.006383
0.000873
0.003359
0.001075
0.001545
0.001948
0.004233
0.002755
0.009944
0.002822
0.002956
0.001680
0.003897
0.001075
0.009876
0.003091
0.003225
0.002822
0.003426
0.001881
0.001344
0.004972
0.001612
0.014243
0.001209
0.006651
0.001209
0.005845
0.002553
0.002150
0.001680
0.007726
0.001680
0.010951
0.001209
0.003628
0.001344
0.004434
0.001747
0.011892
0.002620
0.003762
0.001142
0.008264
0.002217
0.003494
0.002553
0.004837
0.002419
0.010279
0.002822
0.002486
0.000941
0.002352
0.005980
0.011422
0.002889
0.002956
0.001142
0.004300
0.000873
0.000605
0.010817
0.005241
0.003561
0.002352
0.003561
0.002217
0.001881
0.003628
0.004636
0.006181
0.001142
0.001142
0.002150
0.006181
0.004233
0.001075
0.010078
0.005308
0.001209
0.001277
0.001344
0.000806
0.003494
0.003897
0.001747
0.005375
0.006383
0.002419
0.001411
0.001277
0.003695
0.003494
0.003628
0.001209
0.001545
0.006450
0.001747
0.002284
0.002217
0.007122
0.000941
0.002956
0.007592
0.003091
0.001478
0.002352
0.005980
0.003091
0.001881
0.001142
0.003426
0.006248
0.004972
0.002016
0.002352
0.001478
0.002150
0.002217
0.008801
0.001209
0.000806
0.002956
0.007458
0.001612
0.006651
0.001881
0.003762
0.001747
0.003695
0.001344
0.002083
0.001612
0.001411
0.003426
0.005576
0.001612
0.002284
0.001747
0.004367
0.001142
0.005912
0.001612
0.002755
0.004569
0.002620
0.002419
0.001747
0.006181
0.001612
0.009137
0.001478
0.003225
0.003023
0.006719
0.001545
0.002620
0.002083
0.004367
0.001075
0.006316
0.001411
0.004569
0.001277
0.004501
0.001075
0.007122
0.003762
0.002352
0.000941
0.006853
0.001209
0.004569
0.003023
0.003359
0.000941
0.005980
0.002553
0.003561
0.001008
0.000806
0.001948
0.008465
0.004300
0.002083
0.001344
0.003225
0.001277
0.001478
0.007592
0.002620
0.001478
0.003494
0.007122
0.003292
0.002419
0.001545
0.002150
0.005980
0.001545
0.000873
0.002284
0.006383
0.002352
0.002486
0.004972
0.003091
0.000605
0.001344
