0.097622
0.001008
0.004031
0.007122
0.002687
0.004031
0.015520
0.004905
0.001142
0.001612
0.003628
0.003023
0.001680
0.002352
0.003964
0.016058
0.002956
0.001612
0.001545
0.006450
0.001680
0.001411
0.010347
0.008197
0.002016
0.003964
0.004233
0.002553
0.001747
0.001075
0.005778
0.012094
0.004098
0.001411
0.002486
0.006181
0.005308
0.001680
0.009540
0.002217
0.001277
0.002419
0.004636
0.002620
0.008062
0.001612
0.004703
0.002016
0.002016
0.000806
0.002687
0.002016
0.003762
0.002016
0.015587
0.003897
0.001747
0.001411
0.003158
0.001680
0.015654
0.001277
0.006383
0.003762
0.004098
0.001209
0.002217
0.007592
0.001545
0.008801
0.001344
0.004837
0.001948
0.003494
0.003292
0.002419
0.001277
0.004703
0.002553
0.007592
0.001344
0.001747
0.001075
0.004031
0.001948
0.012497
0.003023
0.004837
0.001008
0.003695
0.002217
0.003023
0.002419
0.002755
0.004367
0.016729
0.002016
0.001277
0.001008
0.002083
0.004166
0.014378
0.002083
0.003494
0.001747
0.002352
0.001680
0.001277
0.012564
0.003225
0.002553
0.002016
0.002352
0.002150
0.001948
0.003695
0.004569
0.004367
0.001680
0.001814
0.000941
0.004166
0.003091
0.002687
0.007726
0.002150
0.001612
0.001545
0.001277
0.001478
0.003359
0.005375
0.001814
0.004166
0.008130
0.002419
0.001277
0.001209
0.003091
0.003225
0.003561
0.001411
0.001948
0.009070
0.001545
0.003091
0.001344
0.007525
0.001814
0.002352
0.006651
0.003225
0.003091
0.001209
0.006383
0.003158
0.003292
0.001142
0.003561
0.010481
0.005241
0.002083
0.001612
0.003426
0.003023
0.002486
0.004098
0.001948
0.001881
0.001545
0.006248
0.003897
0.004434
0.001411
0.002150
0.003292
0.001948
0.001344
0.002755
0.001075
0.001411
0.002889
0.008936
0.002083
0.002687
0.001008
0.002217
0.001344
0.010145
0.000739
0.003158
0.007122
0.001545
0.001747
0.003023
0.008264
0.002016
0.003897
0.003494
0.003158
0.002620
0.007189
0.001948
0.002486
0.002687
0.002352
0.002083
0.006651
0.001075
0.001814
0.001075
0.003494
0.001277
0.007122
0.003426
0.002419
0.001075
0.003494
0.000537
0.002889
0.004166
0.001612
0.003023
0.011758
0.003359
0.001142
0.001209
0.001209
0.001478
0.007995
0.003158
0.001747
0.002016
0.002553
0.000336
0.001612
0.007659
0.001814
0.001344
0.004636
0.003225
0.001545
0.002822
0.001612
0.001545
0.002687
0.003158
0.001814
0.001680
0.006383
0.001344
0.004166
0.003762
0.001612
0.001814
0.003628
