0.084386
0.001881
0.003359
0.003023
0.003023
0.004233
0.007525
0.003897
0.001411
0.002687
0.003225
0.002822
0.004233
0.003897
0.004166
0.010683
0.003897
0.002352
0.003426
0.005711
0.002889
0.002217
0.006383
0.002755
0.002352
0.003964
0.004972
0.002486
0.002419
0.001881
0.003091
0.005241
0.007122
0.001411
0.003292
0.004501
0.004770
0.002553
0.005039
0.003225
0.002822
0.002419
0.004501
0.001747
0.007122
0.002016
0.003091
0.002486
0.003897
0.001209
0.003225
0.003292
0.005308
0.003494
0.009876
0.003561
0.003762
0.002016
0.003561
0.001545
0.012497
0.002217
0.003897
0.003964
0.006047
0.002284
0.002889
0.004166
0.003023
0.008062
0.001142
0.002956
0.002284
0.004166
0.004837
0.001881
0.002419
0.005039
0.002419
0.006719
0.002889
0.002889
0.001612
0.004367
0.002822
0.010951
0.003023
0.002553
0.001411
0.003695
0.003292
0.002083
0.003695
0.004300
0.003695
0.011086
0.004905
0.002419
0.002150
0.003091
0.004031
0.009205
0.002016
0.002083
0.002284
0.003225
0.002419
0.001814
0.009473
0.004098
0.003023
0.003897
0.004972
0.002419
0.002687
0.005375
0.004031
0.006181
0.002083
0.002083
0.002419
0.004233
0.003830
0.001277
0.006920
0.003695
0.002352
0.002150
0.002419
0.002083
0.003091
0.002956
0.002956
0.005106
0.006181
0.001545
0.002284
0.001209
0.002217
0.002419
0.004972
0.002889
0.003091
0.007256
0.001747
0.002486
0.002284
0.005106
0.001612
0.002687
0.004972
0.001948
0.003158
0.002217
0.004972
0.002284
0.004501
0.001612
0.004031
0.003830
0.007794
0.002620
0.002016
0.003023
0.003695
0.003695
0.005442
0.002083
0.002822
0.001277
0.007256
0.002486
0.006853
0.001612
0.004233
0.003494
0.002755
0.001411
0.001814
0.001814
0.002956
0.004233
0.005912
0.001747
0.002284
0.001008
0.001948
0.002083
0.007995
0.002419
0.003292
0.006920
0.003091
0.002284
0.003359
0.005442
0.002956
0.007458
0.002486
0.001881
0.002217
0.005576
0.002419
0.001277
0.005308
0.003091
0.002150
0.005711
0.001478
0.002687
0.001814
0.002620
0.002016
0.007323
0.005039
0.002956
0.002083
0.002687
0.001747
0.001344
0.007055
0.002486
0.002822
0.006450
0.004434
0.002755
0.001948
0.003225
0.002419
0.006248
0.004703
0.002150
0.001948
0.001478
0.001142
0.002687
0.007256
0.003359
0.002755
0.006450
0.004972
0.003023
0.002083
0.005039
0.002352
0.004367
0.003695
0.001277
0.002352
0.005778
0.002956
0.002889
0.007323
0.001881
0.001612
0.003561
