0.093926
0.001478
0.004501
0.003091
0.004300
0.002352
0.014915
0.003897
0.001209
0.002419
0.004837
0.002822
0.002352
0.003292
0.006181
0.014848
0.003964
0.002217
0.002822
0.003494
0.001478
0.001344
0.012564
0.005173
0.004166
0.004233
0.005375
0.002755
0.002016
0.002553
0.008264
0.010145
0.002486
0.002150
0.002687
0.003762
0.004501
0.001747
0.008062
0.001277
0.000806
0.003964
0.004569
0.001747
0.007323
0.001545
0.006181
0.002284
0.002419
0.001277
0.002553
0.001411
0.003494
0.001881
0.014512
0.001680
0.002083
0.002016
0.004098
0.001344
0.008734
0.003023
0.006853
0.002486
0.002687
0.000873
0.002553
0.002352
0.002083
0.008667
0.002284
0.004166
0.002687
0.003964
0.004569
0.002083
0.001344
0.002687
0.002083
0.009406
0.001075
0.001344
0.001612
0.002755
0.002150
0.011758
0.002419
0.005308
0.001612
0.003359
0.002352
0.003897
0.001747
0.003762
0.002352
0.011892
0.002419
0.001344
0.001814
0.000470
0.004770
0.014714
0.002419
0.002352
0.001814
0.003158
0.001948
0.000806
0.011758
0.002889
0.002553
0.002822
0.003628
0.001612
0.003762
0.002217
0.003091
0.007458
0.002217
0.001814
0.002419
0.004770
0.004703
0.002217
0.007525
0.003225
0.002822
0.001008
0.001277
0.001142
0.003695
0.003023
0.003091
0.005644
0.010548
0.001881
0.001344
0.001612
0.003091
0.003091
0.004166
0.002352
0.003292
0.008331
0.003023
0.002956
0.002419
0.003964
0.002217
0.003695
0.008130
0.002956
0.003830
0.001814
0.006584
0.002419
0.003830
0.001478
0.004166
0.006584
0.005173
0.002150
0.003158
0.002083
0.002352
0.005644
0.007256
0.002419
0.001478
0.002083
0.008130
0.002016
0.005106
0.001680
0.003091
0.002419
0.002419
0.001008
0.003830
0.001008
0.002352
0.003830
0.011086
0.001075
0.002620
0.000941
0.002889
0.000873
0.007055
0.001209
0.003292
0.003023
0.002419
0.000806
0.004098
0.004367
0.002016
0.005576
0.004300
0.002016
0.003292
0.007323
0.003359
0.001612
0.001948
0.001209
0.002553
0.005778
0.001277
0.002083
0.001344
0.001612
0.001008
0.008331
0.005039
0.002755
0.000941
0.002284
0.001008
0.003695
0.003897
0.001478
0.002486
0.006450
0.002956
0.001075
0.001545
0.000605
0.003897
0.009809
0.005106
0.002083
0.002284
0.001948
0.001814
0.001008
0.008062
0.001612
0.002620
0.002150
0.005576
0.002083
0.004501
0.001411
0.002284
0.004233
0.004233
0.001747
0.001209
0.005644
0.002956
0.003762
0.004098
0.002016
0.002419
0.002150
