0.093792
0.001411
0.003023
0.003762
0.003762
0.002687
0.013908
0.003561
0.000672
0.002822
0.002956
0.003292
0.001411
0.002956
0.004972
0.017804
0.003091
0.002620
0.001814
0.006920
0.001478
0.001478
0.006316
0.006853
0.002486
0.004703
0.004098
0.002755
0.001747
0.001680
0.005509
0.008667
0.004166
0.001411
0.002217
0.003695
0.004300
0.001948
0.006920
0.001411
0.001478
0.003897
0.004233
0.001747
0.007861
0.002419
0.005644
0.002486
0.001680
0.001478
0.002150
0.002419
0.004031
0.002486
0.013639
0.002486
0.002016
0.002755
0.003494
0.001545
0.011623
0.001747
0.005711
0.002889
0.004098
0.002352
0.002217
0.004166
0.000941
0.011758
0.001680
0.004233
0.001881
0.004703
0.003964
0.002486
0.001277
0.003695
0.002016
0.012026
0.001142
0.002553
0.002352
0.004367
0.002352
0.013572
0.002956
0.003091
0.001075
0.004770
0.001881
0.003628
0.003897
0.003091
0.002284
0.013706
0.002083
0.002352
0.001209
0.002217
0.003897
0.015587
0.002083
0.002486
0.001747
0.002217
0.002217
0.001881
0.014714
0.004233
0.002419
0.003158
0.003494
0.002217
0.002217
0.004770
0.002956
0.005576
0.002217
0.002486
0.001747
0.005039
0.002956
0.003091
0.005711
0.001881
0.002553
0.002284
0.000806
0.001545
0.002956
0.004905
0.001948
0.005241
0.008936
0.002284
0.001277
0.001277
0.003023
0.003023
0.003561
0.001277
0.003292
0.010078
0.001411
0.002553
0.002822
0.005912
0.001344
0.003830
0.004031
0.003494
0.002956
0.002284
0.005711
0.001680
0.003561
0.002352
0.002889
0.005576
0.006248
0.002284
0.002016
0.002083
0.002083
0.004166
0.004166
0.002486
0.001142
0.001612
0.007390
0.003628
0.005778
0.002016
0.002620
0.003426
0.000739
0.002150
0.002352
0.001545
0.002284
0.004300
0.009070
0.001545
0.002217
0.001411
0.002419
0.002083
0.008197
0.001545
0.002284
0.004569
0.002352
0.001142
0.003561
0.006383
0.001209
0.005173
0.003628
0.002486
0.002016
0.006920
0.002486
0.002284
0.002687
0.002284
0.002822
0.006853
0.000873
0.002284
0.001545
0.004031
0.001075
0.009473
0.003561
0.002687
0.001008
0.004166
0.001478
0.002284
0.004367
0.001612
0.001545
0.009137
0.003091
0.001747
0.000941
0.001209
0.001814
0.010011
0.003762
0.001680
0.001277
0.001814
0.001142
0.001209
0.007995
0.001948
0.002083
0.005039
0.004098
0.001478
0.003830
0.003628
0.001881
0.004972
0.003359
0.002620
0.001344
0.006316
0.001948
0.003023
0.004300
0.001344
0.001948
0.003158
