0.089626
0.001680
0.003561
0.005644
0.002083
0.002284
0.013908
0.005442
0.001075
0.001948
0.003091
0.003426
0.002553
0.002217
0.005241
0.015318
0.004166
0.001881
0.002687
0.004905
0.001478
0.001277
0.008398
0.006047
0.002284
0.003830
0.003426
0.002889
0.001478
0.002150
0.003628
0.011556
0.002352
0.001545
0.001344
0.005711
0.002352
0.001344
0.007659
0.002150
0.001478
0.002956
0.004636
0.002352
0.010078
0.001612
0.005644
0.002755
0.002956
0.001545
0.003225
0.003091
0.002687
0.001277
0.014042
0.002755
0.003158
0.002150
0.002822
0.001747
0.011690
0.002150
0.004031
0.003359
0.002083
0.001478
0.001948
0.005576
0.001075
0.008197
0.001814
0.005039
0.001277
0.003091
0.003830
0.002486
0.001612
0.003292
0.003628
0.009809
0.002016
0.002755
0.001209
0.004501
0.001277
0.014781
0.002352
0.005576
0.001478
0.002553
0.001411
0.004837
0.001142
0.005039
0.001814
0.015117
0.002150
0.002620
0.000941
0.002419
0.001612
0.014781
0.002822
0.003359
0.002150
0.002150
0.001881
0.001545
0.012900
0.002016
0.003897
0.001814
0.004300
0.001277
0.002217
0.005308
0.004233
0.009070
0.002822
0.002419
0.002822
0.003292
0.004166
0.002822
0.006517
0.006920
0.002956
0.003225
0.001209
0.001680
0.002956
0.005442
0.002553
0.004636
0.008398
0.003225
0.001411
0.001209
0.002284
0.003359
0.004300
0.001478
0.003494
0.008667
0.003695
0.002755
0.002486
0.006047
0.002284
0.003494
0.006383
0.002687
0.003897
0.002083
0.005912
0.002889
0.002822
0.002755
0.002889
0.006920
0.002956
0.002217
0.001948
0.003762
0.001680
0.002419
0.006450
0.002352
0.001209
0.001814
0.006248
0.003830
0.005980
0.001209
0.003225
0.004569
0.002486
0.001075
0.003023
0.001881
0.001277
0.004031
0.009070
0.001545
0.002016
0.000739
0.002553
0.001881
0.004569
0.001411
0.002083
0.005980
0.000941
0.001948
0.004434
0.005711
0.002687
0.004300
0.003023
0.002889
0.002284
0.007189
0.002889
0.002755
0.002822
0.001948
0.002419
0.006047
0.000873
0.002284
0.002083
0.002755
0.000806
0.009272
0.003628
0.003023
0.001478
0.001545
0.001344
0.003292
0.002889
0.002217
0.002016
0.010279
0.002687
0.002553
0.000806
0.001142
0.001680
0.007794
0.005241
0.002687
0.002217
0.001545
0.001344
0.001411
0.006920
0.001478
0.002150
0.005241
0.005308
0.001411
0.003897
0.001881
0.002150
0.003628
0.002419
0.002419
0.001411
0.004837
0.001478
0.003023
0.003964
0.002620
0.002889
0.004569
