0.091037
0.001008
0.002687
0.003830
0.003494
0.001612
0.016662
0.004031
0.001209
0.001209
0.002755
0.001881
0.002352
0.001747
0.004972
0.013034
0.003830
0.001881
0.001680
0.004569
0.002889
0.001881
0.009070
0.004233
0.002755
0.003426
0.002822
0.002016
0.002150
0.001814
0.003628
0.008062
0.005980
0.003023
0.001948
0.004905
0.005375
0.001277
0.013370
0.002150
0.002620
0.004367
0.004098
0.003628
0.007256
0.002083
0.005576
0.002083
0.002889
0.001680
0.002822
0.002419
0.005039
0.001277
0.014311
0.002755
0.002150
0.001008
0.003426
0.002016
0.014311
0.001075
0.003762
0.002687
0.006517
0.001612
0.003426
0.004837
0.002217
0.004569
0.002352
0.002620
0.002956
0.003830
0.004031
0.001008
0.002620
0.001142
0.002419
0.005912
0.002620
0.001344
0.002150
0.002822
0.003762
0.014781
0.002687
0.004770
0.001881
0.002150
0.002486
0.001948
0.002822
0.003695
0.003292
0.012497
0.005845
0.001814
0.002620
0.002486
0.005711
0.011825
0.003292
0.004501
0.002687
0.002822
0.001680
0.000941
0.011556
0.002486
0.002755
0.003359
0.003830
0.001680
0.001747
0.002956
0.004098
0.006383
0.002553
0.003762
0.001344
0.002352
0.003494
0.002553
0.004905
0.002822
0.001948
0.002016
0.001209
0.001545
0.002083
0.004233
0.001411
0.003561
0.009944
0.002352
0.002016
0.001344
0.002016
0.002150
0.003897
0.001209
0.003158
0.007458
0.002419
0.002150
0.001075
0.005509
0.003359
0.003359
0.004703
0.001948
0.003292
0.002284
0.004770
0.001814
0.004501
0.001948
0.001948
0.006114
0.008197
0.004434
0.001747
0.002889
0.003561
0.002755
0.007189
0.002553
0.002486
0.002687
0.007323
0.003897
0.003695
0.001142
0.002217
0.005241
0.002956
0.000605
0.002150
0.001277
0.002419
0.004636
0.008801
0.001545
0.002822
0.001545
0.003494
0.001411
0.008801
0.001948
0.003023
0.005106
0.002486
0.001478
0.003494
0.008869
0.002217
0.003494
0.004031
0.002150
0.004434
0.009070
0.002553
0.001680
0.004031
0.001142
0.002755
0.004367
0.001411
0.000739
0.001344
0.001948
0.002553
0.007323
0.004972
0.002217
0.002150
0.000941
0.001814
0.001612
0.007323
0.001344
0.002956
0.007861
0.003762
0.002620
0.001411
0.000941
0.003494
0.005711
0.003023
0.002150
0.003023
0.001411
0.001545
0.001680
0.007794
0.001411
0.002352
0.004300
0.004905
0.001277
0.004367
0.001881
0.002217
0.004837
0.003964
0.002352
0.002620
0.004837
0.004031
0.003494
0.006114
0.001478
0.002822
0.003897
