0.094195
0.000873
0.003494
0.003561
0.003023
0.003158
0.014579
0.003695
0.001277
0.002419
0.003091
0.003628
0.001545
0.002956
0.005106
0.017132
0.003023
0.001814
0.001948
0.006987
0.001277
0.001478
0.005980
0.005912
0.002486
0.004703
0.004098
0.001814
0.001478
0.001612
0.006114
0.009608
0.003964
0.001411
0.002755
0.004166
0.004300
0.001814
0.006651
0.001814
0.001277
0.003628
0.004434
0.001881
0.006517
0.001948
0.004703
0.001612
0.001814
0.000941
0.002284
0.002352
0.005509
0.002217
0.013840
0.003494
0.001948
0.002150
0.002889
0.000873
0.012967
0.002150
0.006248
0.003091
0.004098
0.001747
0.002889
0.005576
0.001814
0.010951
0.001747
0.005308
0.002083
0.003225
0.003292
0.002553
0.001680
0.003695
0.001545
0.012228
0.001344
0.002083
0.002016
0.004434
0.002553
0.013840
0.002553
0.004098
0.000672
0.004837
0.001142
0.002755
0.004233
0.003158
0.003359
0.013101
0.002553
0.002352
0.001411
0.002486
0.004098
0.014378
0.001814
0.002755
0.001478
0.001814
0.002352
0.001411
0.013370
0.003426
0.003158
0.002755
0.002956
0.001478
0.001478
0.005308
0.004905
0.006920
0.002284
0.002419
0.001881
0.005375
0.002956
0.002687
0.006651
0.002150
0.002755
0.001881
0.001075
0.001411
0.003426
0.005442
0.002150
0.004367
0.007861
0.002150
0.001142
0.001478
0.003225
0.002889
0.003628
0.002150
0.002889
0.011556
0.001344
0.003158
0.002889
0.006248
0.001344
0.004031
0.004703
0.003628
0.003225
0.002217
0.005845
0.001948
0.002687
0.001881
0.003897
0.006181
0.006450
0.002083
0.001814
0.001747
0.001948
0.003628
0.004233
0.001344
0.001344
0.001814
0.008667
0.003762
0.005375
0.001881
0.002352
0.003292
0.001209
0.001545
0.002150
0.001948
0.001411
0.003897
0.008398
0.002755
0.002284
0.000672
0.002284
0.001545
0.008197
0.001478
0.003292
0.004367
0.002687
0.001814
0.003091
0.006517
0.002150
0.007189
0.003695
0.001881
0.002889
0.006181
0.002755
0.002486
0.002150
0.001008
0.002486
0.006920
0.001075
0.001881
0.001209
0.003359
0.001478
0.008600
0.003292
0.001948
0.001344
0.003225
0.001008
0.002687
0.004770
0.001612
0.002083
0.010347
0.002956
0.002217
0.000873
0.001277
0.002284
0.009070
0.004031
0.001545
0.001612
0.002083
0.001008
0.001209
0.007928
0.002755
0.002083
0.004233
0.004031
0.001008
0.004300
0.003023
0.001881
0.004837
0.002889
0.002217
0.001344
0.005845
0.001411
0.003225
0.004636
0.001478
0.002150
0.003494
