0.097017
0.001008
0.002217
0.002889
0.001814
0.003426
0.012161
0.005980
0.001747
0.001881
0.003023
0.003426
0.001814
0.004367
0.004166
0.013908
0.003964
0.002687
0.002284
0.004636
0.001881
0.002822
0.007995
0.003762
0.002687
0.005912
0.003628
0.004098
0.001344
0.002150
0.004098
0.008667
0.002553
0.001948
0.001680
0.004501
0.001814
0.002083
0.009406
0.002083
0.001814
0.004972
0.003494
0.001411
0.006517
0.002083
0.004703
0.002822
0.001948
0.002150
0.003359
0.001948
0.003762
0.002755
0.013034
0.001814
0.001948
0.002553
0.002687
0.002016
0.009406
0.002352
0.003830
0.003628
0.003023
0.001881
0.002352
0.003964
0.002150
0.008734
0.002217
0.005644
0.002083
0.003225
0.003494
0.002687
0.001612
0.005509
0.002352
0.010884
0.003158
0.002687
0.001075
0.004636
0.001881
0.012026
0.002553
0.004972
0.001142
0.003762
0.002687
0.005375
0.001814
0.004434
0.002486
0.014647
0.001881
0.002352
0.002150
0.002083
0.002352
0.010548
0.002419
0.003359
0.002889
0.003628
0.001747
0.001948
0.010683
0.004703
0.003091
0.004569
0.003695
0.002150
0.002016
0.005509
0.002889
0.006786
0.002083
0.001881
0.002150
0.004770
0.003561
0.003695
0.005308
0.004098
0.002083
0.002486
0.001142
0.002150
0.001814
0.003359
0.001478
0.004972
0.009205
0.004367
0.002352
0.000873
0.001411
0.001680
0.004031
0.002150
0.003158
0.010212
0.001948
0.003628
0.002016
0.006248
0.001948
0.004166
0.005644
0.003628
0.003023
0.002620
0.004300
0.002419
0.003494
0.002352
0.003091
0.006584
0.003695
0.002822
0.002016
0.002083
0.001881
0.003292
0.005308
0.002889
0.001747
0.002419
0.006383
0.002217
0.003023
0.002016
0.002687
0.004031
0.001075
0.001478
0.002150
0.001612
0.001075
0.004770
0.007390
0.001545
0.001478
0.001680
0.001814
0.002083
0.007592
0.002083
0.003158
0.004569
0.001747
0.002016
0.003426
0.005980
0.001814
0.006584
0.004434
0.003359
0.003292
0.006248
0.002016
0.001680
0.003225
0.002620
0.002553
0.007525
0.001747
0.002150
0.002016
0.002620
0.001814
0.007928
0.004501
0.002889
0.001612
0.001411
0.001142
0.004434
0.003426
0.002553
0.002419
0.008869
0.002217
0.001478
0.002016
0.001008
0.001881
0.009272
0.004434
0.003359
0.002620
0.002150
0.001814
0.001881
0.007995
0.002016
0.002419
0.005442
0.004434
0.002553
0.003225
0.002755
0.001344
0.006316
0.003494
0.002352
0.001545
0.004837
0.001948
0.003292
0.003964
0.001680
0.002150
0.003292
