0.079817
0.000605
0.001344
0.003762
0.001680
0.002687
0.011959
0.004770
0.000672
0.002486
0.004434
0.003359
0.001344
0.003225
0.002150
0.015856
0.003494
0.000739
0.000336
0.004569
0.001545
0.000806
0.005442
0.006383
0.001075
0.004300
0.003494
0.002217
0.000873
0.001344
0.004501
0.008600
0.004233
0.001075
0.001478
0.002083
0.007525
0.001344
0.010481
0.000806
0.001545
0.002822
0.004434
0.000672
0.015722
0.002889
0.003359
0.001209
0.005980
0.000470
0.001075
0.001142
0.003494
0.001612
0.010145
0.001747
0.001881
0.001545
0.003628
0.000605
0.011758
0.002217
0.003359
0.003225
0.003023
0.002419
0.000470
0.004703
0.001142
0.017939
0.002284
0.010078
0.000470
0.005173
0.003628
0.004233
0.000941
0.013034
0.001209
0.023448
0.000941
0.002419
0.000336
0.004367
0.001747
0.010145
0.001680
0.004367
0.000605
0.006584
0.001948
0.006786
0.001478
0.006853
0.001747
0.014915
0.004233
0.001747
0.000269
0.001209
0.007659
0.013639
0.002352
0.002083
0.003158
0.004972
0.001277
0.001008
0.020357
0.007122
0.001747
0.001747
0.006853
0.000873
0.001008
0.003762
0.008801
0.007928
0.001344
0.001277
0.001411
0.005375
0.003023
0.001075
0.015789
0.006114
0.001680
0.001142
0.000403
0.001142
0.001814
0.004636
0.001277
0.004434
0.005241
0.003494
0.000672
0.000806
0.002620
0.002083
0.003426
0.001142
0.000941
0.004837
0.001545
0.001948
0.000605
0.007592
0.001344
0.002822
0.004300
0.004031
0.001948
0.002822
0.004300
0.002217
0.000873
0.001411
0.001142
0.003897
0.005644
0.001747
0.001277
0.001344
0.003561
0.002822
0.005778
0.000806
0.001142
0.001680
0.008667
0.001209
0.008197
0.001008
0.001680
0.000403
0.003628
0.000806
0.001680
0.000336
0.002553
0.003695
0.007794
0.000941
0.002889
0.000537
0.002419
0.000470
0.005845
0.000672
0.000873
0.002083
0.001747
0.001411
0.001411
0.005778
0.000806
0.012497
0.002217
0.007861
0.001545
0.006987
0.002150
0.002956
0.001075
0.006181
0.000873
0.010414
0.000672
0.004300
0.001008
0.005241
0.001075
0.008331
0.003628
0.003292
0.001209
0.007390
0.001142
0.005576
0.003023
0.002419
0.000739
0.006517
0.003830
0.002620
0.000739
0.000470
0.003225
0.008197
0.003023
0.002083
0.003359
0.002419
0.001277
0.000806
0.008667
0.001881
0.000873
0.003426
0.007458
0.002956
0.001814
0.001411
0.004770
0.006248
0.002419
0.001545
0.003561
0.007458
0.003762
0.001545
0.009070
0.001478
0.000403
0.001209
