0.084117
0.001612
0.002419
0.003023
0.002150
0.002553
0.015453
0.005375
0.001277
0.002620
0.002620
0.002486
0.001881
0.002284
0.004098
0.017468
0.003359
0.002889
0.001277
0.005778
0.001277
0.002620
0.016058
0.004367
0.001881
0.004636
0.005912
0.001747
0.001008
0.002352
0.003158
0.007525
0.002822
0.003762
0.001411
0.003494
0.003158
0.002956
0.010212
0.002284
0.000739
0.003762
0.005442
0.003158
0.009272
0.001075
0.003695
0.002016
0.001881
0.001478
0.001344
0.003225
0.003023
0.001948
0.017267
0.003494
0.003426
0.001814
0.003426
0.001209
0.013975
0.002083
0.003359
0.002217
0.003897
0.001881
0.002352
0.004233
0.000739
0.010414
0.002352
0.004501
0.002016
0.004501
0.005039
0.001142
0.001142
0.003158
0.002217
0.009944
0.000941
0.003023
0.002150
0.003897
0.001209
0.013975
0.001948
0.004501
0.000873
0.004434
0.002419
0.002822
0.001411
0.003426
0.002083
0.012900
0.001948
0.002620
0.001344
0.001948
0.002150
0.015386
0.002217
0.003426
0.001075
0.002553
0.002889
0.002016
0.013840
0.004166
0.003158
0.003695
0.002956
0.001948
0.002150
0.004434
0.002486
0.007390
0.001478
0.003023
0.001747
0.004636
0.003964
0.004501
0.007055
0.004031
0.002284
0.002486
0.000672
0.002150
0.002284
0.003225
0.000806
0.004770
0.010817
0.003091
0.000537
0.001680
0.002016
0.001881
0.003762
0.001209
0.001209
0.010683
0.000739
0.005912
0.000941
0.007726
0.001344
0.003628
0.004972
0.002352
0.003158
0.004434
0.005980
0.002755
0.003158
0.002352
0.002419
0.006316
0.004166
0.003292
0.001142
0.002284
0.001008
0.003292
0.004636
0.002822
0.000873
0.002620
0.009205
0.003830
0.004031
0.002016
0.001411
0.004031
0.002419
0.001277
0.001680
0.001881
0.000806
0.004166
0.009608
0.002889
0.003225
0.000605
0.003225
0.001747
0.007659
0.002687
0.001747
0.003897
0.001142
0.001948
0.004703
0.005845
0.001612
0.005442
0.005375
0.002822
0.002419
0.008197
0.002352
0.001209
0.002150
0.002150
0.003023
0.005375
0.000470
0.003091
0.001545
0.003762
0.000605
0.009339
0.004300
0.002352
0.000806
0.002822
0.001545
0.002150
0.003897
0.002755
0.001411
0.008667
0.003091
0.002284
0.000672
0.001008
0.001209
0.010481
0.004972
0.002553
0.001277
0.002150
0.001075
0.001344
0.006584
0.002150
0.001747
0.004770
0.005308
0.001948
0.003628
0.004098
0.000873
0.003762
0.004300
0.002956
0.001814
0.006316
0.001277
0.003695
0.004098
0.002755
0.002016
0.005106
