0.082034
0.000806
0.003091
0.004367
0.003426
0.003225
0.011422
0.003964
0.001277
0.001008
0.003225
0.002150
0.002889
0.003158
0.003561
0.014109
0.004233
0.002956
0.002150
0.005711
0.002956
0.001612
0.007122
0.005375
0.002016
0.004031
0.003426
0.002352
0.001881
0.002083
0.003561
0.007122
0.004434
0.001277
0.002150
0.006047
0.004434
0.001411
0.007525
0.002419
0.002016
0.003561
0.004703
0.002553
0.008062
0.001948
0.006450
0.002352
0.004166
0.001545
0.002352
0.002956
0.003494
0.002150
0.011556
0.003091
0.003023
0.002016
0.003897
0.001814
0.012833
0.002822
0.003830
0.003091
0.003494
0.001075
0.002150
0.004636
0.001277
0.007458
0.002150
0.006248
0.001411
0.003023
0.004300
0.001680
0.001747
0.004905
0.002150
0.009742
0.002083
0.003561
0.002217
0.004837
0.001814
0.010145
0.002486
0.004031
0.000873
0.002755
0.001881
0.002419
0.002284
0.002889
0.002620
0.014714
0.002687
0.002150
0.001612
0.001680
0.003225
0.012631
0.002150
0.004703
0.001881
0.002889
0.002016
0.002284
0.014647
0.004569
0.003494
0.004233
0.004703
0.002486
0.002352
0.005912
0.006047
0.006853
0.001411
0.002889
0.002217
0.005106
0.003897
0.002687
0.011892
0.004837
0.002553
0.003023
0.000873
0.001478
0.002083
0.004300
0.002284
0.004434
0.006853
0.002687
0.001881
0.000941
0.002217
0.002284
0.004434
0.001948
0.002822
0.010145
0.002083
0.002889
0.002352
0.006920
0.001209
0.002352
0.005576
0.002150
0.003292
0.002687
0.005644
0.003091
0.003292
0.002083
0.002822
0.006584
0.006114
0.001545
0.002016
0.002956
0.002486
0.002284
0.004905
0.002620
0.002083
0.002620
0.007122
0.003225
0.006450
0.001612
0.002889
0.004501
0.002553
0.001008
0.003158
0.002016
0.001612
0.003964
0.008801
0.001478
0.002755
0.000941
0.002755
0.001814
0.007055
0.001545
0.002889
0.004367
0.001478
0.001209
0.002419
0.007323
0.001411
0.004703
0.003426
0.002083
0.002419
0.005576
0.003023
0.002755
0.002553
0.001277
0.002486
0.006651
0.000873
0.001948
0.001881
0.003426
0.001411
0.005576
0.004703
0.001881
0.001680
0.002352
0.001478
0.002419
0.003695
0.001478
0.002486
0.009137
0.003091
0.001612
0.002217
0.001948
0.002284
0.007726
0.003897
0.002284
0.001747
0.001747
0.001478
0.002083
0.009272
0.002352
0.003023
0.005912
0.004837
0.002553
0.003158
0.002822
0.002217
0.006047
0.002687
0.002755
0.001814
0.006853
0.001680
0.003695
0.006584
0.001680
0.001814
0.005039
