0.084117
0.001680
0.002553
0.002889
0.004367
0.002822
0.014243
0.001814
0.001747
0.003158
0.006786
0.004098
0.002083
0.004098
0.005039
0.013101
0.005039
0.002150
0.002352
0.003897
0.002553
0.001680
0.007659
0.004098
0.002352
0.003897
0.005241
0.001747
0.002150
0.001948
0.006651
0.007592
0.003158
0.001881
0.002016
0.003494
0.005241
0.002822
0.009205
0.002217
0.001948
0.003561
0.005980
0.001478
0.010414
0.002620
0.005241
0.002486
0.005308
0.001075
0.002620
0.003292
0.003426
0.001814
0.013840
0.003023
0.001747
0.001277
0.004770
0.002083
0.011690
0.001209
0.006047
0.003091
0.002419
0.001747
0.002083
0.003897
0.001881
0.005644
0.001545
0.004031
0.001814
0.003158
0.005845
0.003158
0.001344
0.004501
0.002620
0.008533
0.002486
0.002016
0.001881
0.002755
0.003426
0.012631
0.003964
0.005509
0.002016
0.002352
0.003023
0.001948
0.002352
0.002687
0.003964
0.014243
0.002284
0.001545
0.001881
0.002217
0.003561
0.012497
0.002889
0.003023
0.001545
0.002083
0.002822
0.001478
0.013840
0.003023
0.003225
0.002553
0.005912
0.001747
0.002217
0.004233
0.004501
0.008130
0.002486
0.001948
0.002553
0.003426
0.004569
0.001948
0.004166
0.002083
0.003091
0.001814
0.002217
0.001612
0.003561
0.003830
0.001612
0.005106
0.009137
0.002352
0.001881
0.001411
0.003091
0.003158
0.005711
0.002217
0.002486
0.007390
0.002553
0.001814
0.002889
0.005644
0.001948
0.004031
0.007055
0.003158
0.001881
0.001478
0.007323
0.002620
0.003158
0.002419
0.001948
0.004300
0.003964
0.002217
0.002486
0.003091
0.003023
0.002822
0.006248
0.002352
0.000941
0.003091
0.008264
0.002687
0.007995
0.002083
0.002755
0.003494
0.002419
0.001277
0.004501
0.001344
0.002352
0.004367
0.007861
0.002486
0.002486
0.001881
0.003830
0.001680
0.006920
0.001277
0.003091
0.003964
0.001747
0.002352
0.003494
0.006517
0.002083
0.004367
0.003830
0.002217
0.002150
0.005039
0.002553
0.002083
0.004501
0.001814
0.002822
0.004636
0.001344
0.001948
0.002083
0.001277
0.001545
0.006584
0.006181
0.002956
0.000941
0.001142
0.001612
0.002553
0.002620
0.001747
0.002284
0.006383
0.003628
0.001612
0.002620
0.001142
0.001680
0.006719
0.004770
0.001344
0.001747
0.001478
0.002217
0.001747
0.009809
0.002016
0.002284
0.003359
0.008869
0.002419
0.002755
0.003158
0.001948
0.004837
0.003628
0.002889
0.001881
0.005442
0.002150
0.002956
0.004031
0.001209
0.002284
0.003292
