0.068328
0.001008
0.003292
0.003561
0.002687
0.001209
0.013303
0.003897
0.001277
0.001881
0.003494
0.002755
0.003091
0.001747
0.005106
0.014714
0.003695
0.002217
0.002352
0.005106
0.002284
0.001209
0.008398
0.004636
0.002620
0.004098
0.005509
0.000873
0.001948
0.001612
0.005980
0.008734
0.005241
0.002016
0.002486
0.007458
0.003225
0.001478
0.006920
0.002553
0.001747
0.002822
0.004905
0.004501
0.007458
0.001478
0.005308
0.001881
0.002687
0.001075
0.002687
0.002889
0.002889
0.002016
0.014378
0.004233
0.002016
0.001814
0.004434
0.001545
0.015722
0.001545
0.005375
0.003359
0.003964
0.001680
0.003762
0.007726
0.002217
0.003561
0.002284
0.003225
0.002284
0.004233
0.006316
0.002284
0.002217
0.001008
0.003091
0.006853
0.001881
0.001545
0.002553
0.002419
0.003695
0.012967
0.003628
0.005241
0.001209
0.001680
0.003158
0.001881
0.002284
0.002150
0.004569
0.015654
0.002284
0.001545
0.001948
0.003359
0.003359
0.011690
0.002889
0.003292
0.001948
0.001881
0.001881
0.002284
0.016259
0.002150
0.003561
0.001478
0.004837
0.000605
0.003091
0.003762
0.004031
0.005980
0.002284
0.002755
0.001948
0.003561
0.004703
0.002956
0.007928
0.001478
0.002687
0.001478
0.001209
0.002284
0.002553
0.004031
0.002419
0.003830
0.009339
0.002150
0.001411
0.000941
0.002889
0.002956
0.003762
0.001545
0.003494
0.009809
0.002083
0.003292
0.001478
0.008130
0.002217
0.003964
0.004905
0.003158
0.004233
0.000941
0.007861
0.001209
0.004636
0.001344
0.003426
0.006584
0.007861
0.003359
0.002284
0.003964
0.002284
0.002822
0.005845
0.003158
0.001277
0.001209
0.009406
0.005241
0.004098
0.002352
0.003158
0.005173
0.003158
0.000806
0.003158
0.001478
0.001478
0.004098
0.010011
0.002956
0.002217
0.000739
0.003225
0.001814
0.009070
0.001344
0.004569
0.006719
0.001344
0.001075
0.005308
0.008398
0.001881
0.002486
0.003762
0.001814
0.002755
0.007726
0.003561
0.001612
0.003561
0.000941
0.003225
0.004233
0.001344
0.001277
0.001747
0.002620
0.001948
0.007525
0.006316
0.002755
0.001881
0.001277
0.001075
0.001680
0.003023
0.001209
0.003225
0.012362
0.003091
0.001209
0.001612
0.001814
0.003091
0.006651
0.004636
0.002016
0.001814
0.002419
0.001545
0.001478
0.007794
0.001142
0.002755
0.004300
0.005644
0.000873
0.004569
0.001814
0.001478
0.002822
0.004569
0.002620
0.001814
0.007390
0.001948
0.003494
0.003695
0.000873
0.002620
0.005173
