0.088753
0.001612
0.003091
0.002083
0.004905
0.003561
0.013034
0.003158
0.001612
0.002419
0.001478
0.000941
0.003225
0.003628
0.003762
0.014042
0.004300
0.003695
0.001478
0.003830
0.002284
0.001747
0.005711
0.002217
0.003628
0.005039
0.004098
0.001411
0.001478
0.002284
0.003964
0.005442
0.004837
0.004569
0.001881
0.003225
0.004972
0.002687
0.006517
0.001612
0.001680
0.004031
0.003023
0.002083
0.009473
0.003762
0.003225
0.001612
0.002755
0.002217
0.003158
0.001411
0.004166
0.002755
0.010481
0.001747
0.002419
0.002486
0.002755
0.001277
0.017267
0.003091
0.004300
0.001411
0.004905
0.001612
0.003292
0.003494
0.002755
0.007592
0.002083
0.002217
0.003359
0.005308
0.003225
0.000537
0.002083
0.004434
0.002016
0.005039
0.002687
0.002486
0.001209
0.001277
0.002083
0.012295
0.002284
0.002083
0.001411
0.003426
0.002419
0.001747
0.002956
0.005711
0.002956
0.010615
0.003091
0.003023
0.000873
0.001545
0.004636
0.017334
0.002956
0.002083
0.002553
0.004434
0.002217
0.001142
0.014311
0.005980
0.002687
0.001209
0.004569
0.002016
0.003494
0.004098
0.002755
0.007256
0.001612
0.001344
0.002217
0.005845
0.005039
0.002956
0.010951
0.005845
0.002687
0.001008
0.001277
0.001344
0.002352
0.002620
0.003091
0.005442
0.008331
0.002016
0.001747
0.000403
0.001612
0.001142
0.003426
0.002755
0.002352
0.007458
0.003897
0.004031
0.001948
0.005442
0.003359
0.004905
0.003158
0.001948
0.005644
0.002217
0.006517
0.002016
0.005106
0.001747
0.002352
0.003494
0.008734
0.004837
0.001344
0.002822
0.002486
0.005711
0.003762
0.001075
0.001075
0.001814
0.005241
0.003023
0.006517
0.002553
0.001545
0.002687
0.001747
0.001881
0.002553
0.000941
0.002553
0.003762
0.008130
0.001142
0.002217
0.001075
0.001411
0.001411
0.010817
0.002755
0.002150
0.003292
0.004031
0.001680
0.004098
0.005308
0.003628
0.006047
0.004031
0.001142
0.005845
0.006383
0.001814
0.000336
0.005173
0.002687
0.002083
0.002553
0.001209
0.001612
0.001747
0.001142
0.002016
0.010078
0.002755
0.001680
0.001948
0.001747
0.001008
0.001411
0.003695
0.003225
0.001478
0.006316
0.004905
0.002553
0.001545
0.000739
0.002956
0.011422
0.004703
0.001277
0.003561
0.001948
0.001545
0.000873
0.009003
0.003830
0.001881
0.004501
0.008197
0.001411
0.004569
0.002822
0.001747
0.006181
0.003695
0.002016
0.002016
0.007189
0.002956
0.004770
0.005980
0.002956
0.002687
0.003292
