0.098361
0.001411
0.001948
0.002822
0.004569
0.002822
0.010212
0.005106
0.001948
0.002352
0.003359
0.001948
0.002486
0.004031
0.003628
0.012094
0.006584
0.002016
0.001478
0.006383
0.001680
0.001881
0.005576
0.003426
0.002284
0.004837
0.005308
0.003628
0.002150
0.002083
0.003225
0.006181
0.005039
0.001948
0.002016
0.004367
0.005644
0.002889
0.005375
0.003292
0.001747
0.005509
0.003023
0.001612
0.006248
0.002352
0.004636
0.002016
0.004300
0.001411
0.002016
0.002150
0.003158
0.003225
0.008264
0.002822
0.003023
0.003426
0.004098
0.001747
0.007861
0.002889
0.002083
0.001948
0.004098
0.002553
0.001680
0.003426
0.002284
0.008062
0.002217
0.005576
0.003023
0.004905
0.003830
0.001344
0.001680
0.006181
0.001881
0.009742
0.002486
0.002620
0.001411
0.004703
0.002553
0.008264
0.002150
0.003158
0.001277
0.005039
0.002217
0.003561
0.002284
0.003292
0.001680
0.010615
0.003695
0.003091
0.001075
0.001680
0.004569
0.010481
0.002486
0.002486
0.003964
0.004300
0.001545
0.001411
0.013034
0.004434
0.003762
0.003426
0.007390
0.003023
0.001814
0.004166
0.003225
0.004367
0.001814
0.001948
0.002755
0.004837
0.005509
0.002822
0.006383
0.004837
0.001814
0.002486
0.001411
0.001948
0.002419
0.004098
0.002419
0.005576
0.006181
0.003359
0.001747
0.001478
0.002956
0.002620
0.006047
0.002016
0.002486
0.008062
0.003023
0.002352
0.002150
0.006920
0.001881
0.003830
0.003494
0.002486
0.004031
0.002419
0.005106
0.003023
0.003225
0.002016
0.001008
0.004501
0.005980
0.002755
0.002284
0.001478
0.002687
0.003695
0.005576
0.002016
0.001680
0.002553
0.007122
0.001948
0.007189
0.001948
0.001881
0.003091
0.005039
0.001277
0.003426
0.002016
0.002755
0.006584
0.005106
0.002016
0.003023
0.002016
0.001545
0.001209
0.006450
0.002486
0.000806
0.004098
0.001612
0.001209
0.002083
0.004770
0.002553
0.007256
0.002150
0.002284
0.002352
0.008398
0.002016
0.001411
0.003359
0.002486
0.001747
0.006719
0.001344
0.004300
0.001209
0.002956
0.002083
0.006786
0.004703
0.001881
0.001142
0.004166
0.001612
0.003158
0.004434
0.002016
0.000739
0.006181
0.005375
0.002284
0.001881
0.001478
0.002150
0.007592
0.004300
0.001948
0.003158
0.003292
0.001209
0.001680
0.007794
0.002620
0.003292
0.004770
0.007861
0.003762
0.003830
0.003292
0.003292
0.006181
0.002486
0.001747
0.002352
0.006517
0.002016
0.003359
0.005106
0.003292
0.001478
0.003091
