0.063894
0.002284
0.003023
0.002889
0.001680
0.002822
0.011019
0.005173
0.000739
0.003091
0.003292
0.004031
0.001008
0.003628
0.004098
0.017401
0.003225
0.004098
0.002419
0.005241
0.002217
0.002620
0.006987
0.005375
0.002217
0.003964
0.003091
0.001680
0.001747
0.003225
0.003762
0.009003
0.004031
0.003628
0.001209
0.004367
0.001948
0.001881
0.006584
0.002687
0.001612
0.004770
0.004837
0.003426
0.004905
0.002620
0.004770
0.002016
0.001747
0.002419
0.003023
0.002956
0.003158
0.003359
0.012295
0.003561
0.001142
0.002620
0.001814
0.001142
0.013437
0.003359
0.004770
0.002687
0.004434
0.001948
0.003426
0.004300
0.001478
0.007659
0.002486
0.003561
0.003158
0.006651
0.004636
0.002150
0.001142
0.006584
0.002553
0.008398
0.001008
0.003225
0.001075
0.002822
0.001680
0.018275
0.003359
0.003897
0.001344
0.004233
0.002150
0.002889
0.001209
0.006719
0.002486
0.013706
0.001545
0.002687
0.001008
0.003023
0.002150
0.011086
0.001881
0.002352
0.001478
0.003762
0.002150
0.001612
0.010481
0.005509
0.002150
0.002217
0.003158
0.001545
0.002889
0.005173
0.001411
0.009003
0.002150
0.002889
0.000806
0.004770
0.002687
0.003091
0.005442
0.004972
0.002284
0.003359
0.000806
0.002150
0.002352
0.003292
0.001612
0.003628
0.007458
0.002687
0.001881
0.001075
0.002419
0.002016
0.003091
0.003225
0.002016
0.010011
0.001545
0.003964
0.001344
0.008734
0.001209
0.006853
0.003897
0.002486
0.002889
0.001948
0.005845
0.001747
0.003426
0.003359
0.002284
0.005039
0.006786
0.004367
0.002016
0.004098
0.001814
0.005509
0.003830
0.002083
0.001680
0.002486
0.007189
0.005173
0.003292
0.002956
0.002016
0.004636
0.001344
0.001209
0.003225
0.001680
0.001881
0.005644
0.008734
0.003225
0.001277
0.000739
0.002620
0.001814
0.007189
0.002889
0.001747
0.004166
0.002553
0.001478
0.004501
0.006853
0.002217
0.005375
0.004098
0.002822
0.004501
0.008600
0.003426
0.002083
0.002822
0.003158
0.002016
0.005173
0.000941
0.002822
0.001612
0.002889
0.001209
0.012765
0.004031
0.003158
0.001411
0.001680
0.001545
0.003628
0.004501
0.003628
0.002217
0.010414
0.002016
0.002889
0.001545
0.001948
0.001344
0.010817
0.003494
0.002217
0.001881
0.002687
0.001612
0.002553
0.006719
0.003091
0.002016
0.004636
0.005576
0.002553
0.004300
0.002956
0.000806
0.006920
0.003628
0.004098
0.000873
0.004703
0.002150
0.005241
0.003359
0.003830
0.002352
0.004367
