0.096883
0.000941
0.002553
0.004636
0.001478
0.001478
0.014915
0.005442
0.000605
0.001478
0.004434
0.002687
0.001344
0.002083
0.006114
0.017468
0.003158
0.001344
0.002687
0.005644
0.002217
0.001075
0.008062
0.005845
0.001008
0.003426
0.003762
0.003023
0.001209
0.002217
0.005912
0.010817
0.003359
0.001948
0.002083
0.005039
0.003561
0.001478
0.007592
0.002352
0.001747
0.003762
0.004300
0.002352
0.006114
0.001680
0.006248
0.001277
0.004031
0.000873
0.002889
0.002217
0.005173
0.001948
0.014579
0.002889
0.001680
0.001814
0.003225
0.000873
0.014714
0.002889
0.003897
0.002956
0.002822
0.002687
0.001881
0.004905
0.002016
0.009473
0.001545
0.005980
0.001142
0.004569
0.003897
0.002217
0.001344
0.004434
0.002822
0.012094
0.001209
0.002687
0.000941
0.004569
0.002755
0.015520
0.002822
0.005509
0.000873
0.004434
0.001142
0.001881
0.001277
0.003762
0.002217
0.017334
0.001948
0.002889
0.000806
0.001545
0.005106
0.012228
0.001881
0.002822
0.001478
0.002889
0.001411
0.001075
0.012967
0.003762
0.003830
0.003830
0.003023
0.001478
0.001881
0.004501
0.004233
0.011220
0.001142
0.002150
0.001612
0.003897
0.003091
0.001545
0.009070
0.005039
0.002687
0.001277
0.000134
0.001545
0.002889
0.005509
0.001142
0.003964
0.009137
0.003494
0.001075
0.001008
0.003292
0.004031
0.003158
0.001411
0.002419
0.008936
0.001747
0.002620
0.001948
0.007794
0.001142
0.003964
0.004636
0.003292
0.002352
0.002016
0.006047
0.003225
0.002352
0.001948
0.002822
0.006181
0.004636
0.004166
0.003023
0.002486
0.001612
0.002083
0.005644
0.001814
0.002352
0.003023
0.007323
0.003426
0.004837
0.001411
0.004233
0.003292
0.002150
0.000941
0.003964
0.001478
0.002083
0.003762
0.008936
0.001747
0.001747
0.000941
0.001612
0.001814
0.007256
0.001008
0.002755
0.004031
0.001478
0.002016
0.003225
0.006450
0.001545
0.004703
0.002889
0.002822
0.002016
0.010078
0.002755
0.002553
0.001478
0.002083
0.001142
0.006450
0.001209
0.003023
0.001209
0.002889
0.000941
0.008936
0.004434
0.002755
0.001478
0.002553
0.000605
0.003762
0.003762
0.001478
0.001814
0.008734
0.003494
0.002822
0.001075
0.001612
0.002016
0.007256
0.004300
0.001747
0.001344
0.002284
0.001680
0.001680
0.006719
0.001747
0.001747
0.003561
0.004905
0.001680
0.003225
0.001948
0.001545
0.004233
0.003023
0.001277
0.001277
0.005576
0.001814
0.002956
0.004434
0.002284
0.001478
0.002620
