0.086603
0.001075
0.004233
0.004434
0.002553
0.002755
0.016528
0.007189
0.000806
0.001881
0.003292
0.003023
0.001881
0.001948
0.005711
0.016662
0.003762
0.001344
0.003695
0.003359
0.001545
0.001142
0.011556
0.007861
0.001478
0.003158
0.004837
0.003628
0.001209
0.001948
0.005509
0.008801
0.003762
0.001142
0.002352
0.003426
0.003292
0.001478
0.010212
0.001881
0.001881
0.003830
0.004501
0.001814
0.007390
0.001478
0.006047
0.002016
0.001948
0.000672
0.004031
0.002016
0.003494
0.001881
0.016393
0.002687
0.002284
0.001747
0.002486
0.000941
0.015251
0.001814
0.007592
0.002083
0.002687
0.001209
0.002620
0.004031
0.001478
0.010615
0.002016
0.010481
0.000739
0.004233
0.003023
0.002822
0.001948
0.003695
0.001478
0.011758
0.001814
0.002956
0.001277
0.002755
0.002016
0.015386
0.002217
0.007256
0.000873
0.003830
0.001478
0.003158
0.002217
0.002419
0.003561
0.015050
0.004031
0.001948
0.001075
0.001680
0.003426
0.013975
0.002553
0.003426
0.002150
0.002150
0.001814
0.001814
0.011220
0.003897
0.002553
0.002889
0.004166
0.001747
0.001545
0.003695
0.002620
0.006047
0.001344
0.001814
0.001008
0.003359
0.003897
0.002956
0.008936
0.004501
0.002217
0.002016
0.001008
0.001478
0.004031
0.005039
0.000672
0.003964
0.010750
0.003426
0.001008
0.000941
0.002889
0.002352
0.003091
0.001747
0.002889
0.008264
0.002150
0.002889
0.002284
0.007592
0.001680
0.002217
0.007592
0.004703
0.003158
0.002352
0.006987
0.002352
0.003695
0.001545
0.004233
0.003964
0.005106
0.001814
0.002553
0.002486
0.001545
0.002419
0.006383
0.002553
0.001411
0.002083
0.005845
0.003494
0.003359
0.001075
0.004300
0.002956
0.002352
0.001814
0.002486
0.000806
0.001814
0.004434
0.007256
0.001478
0.001881
0.001612
0.002016
0.001277
0.008869
0.001612
0.003830
0.002822
0.001680
0.001411
0.002822
0.005442
0.001478
0.005778
0.003964
0.005711
0.002956
0.006114
0.003628
0.002150
0.003494
0.001881
0.001948
0.004367
0.000873
0.002150
0.001277
0.003897
0.001344
0.007928
0.003897
0.002956
0.000941
0.002687
0.001142
0.003695
0.003091
0.002217
0.001814
0.008533
0.004031
0.002217
0.000739
0.001344
0.001612
0.007726
0.003494
0.001612
0.001881
0.001545
0.001747
0.001411
0.007726
0.001277
0.001747
0.003091
0.004703
0.001277
0.003091
0.003292
0.001612
0.003964
0.002620
0.003023
0.001814
0.005375
0.002486
0.003830
0.004905
0.002284
0.002217
0.003561
