0.063424
0.001209
0.003830
0.002620
0.002217
0.001142
0.016864
0.005173
0.001948
0.001411
0.004166
0.003561
0.001881
0.001209
0.005375
0.015587
0.003359
0.002419
0.002284
0.004300
0.002352
0.001209
0.008667
0.004770
0.003897
0.003695
0.005845
0.001478
0.001411
0.001008
0.005576
0.008801
0.002956
0.002889
0.002284
0.004501
0.003695
0.001478
0.007659
0.002553
0.001142
0.003762
0.005173
0.003964
0.007256
0.001209
0.005241
0.001680
0.003023
0.002016
0.003023
0.003023
0.003023
0.001680
0.016192
0.003023
0.003762
0.002150
0.004098
0.002284
0.013370
0.001545
0.007122
0.003091
0.002755
0.001075
0.003091
0.004233
0.002217
0.004233
0.002889
0.005039
0.002150
0.003426
0.005912
0.002217
0.001814
0.001209
0.002956
0.005778
0.002687
0.002419
0.002553
0.002687
0.002687
0.013169
0.004098
0.005106
0.001747
0.002083
0.002822
0.002016
0.001612
0.001008
0.003561
0.013236
0.002016
0.002284
0.002889
0.002083
0.003695
0.013370
0.003628
0.003426
0.001747
0.001747
0.002956
0.002016
0.013303
0.001814
0.003091
0.003023
0.003628
0.001209
0.003897
0.004367
0.003023
0.007861
0.003292
0.002620
0.002016
0.002822
0.005308
0.002620
0.006719
0.001814
0.004098
0.003091
0.001680
0.000873
0.003023
0.003964
0.001814
0.003158
0.012295
0.002755
0.002150
0.000806
0.002419
0.003292
0.002956
0.001478
0.003964
0.010481
0.003158
0.004098
0.001814
0.007122
0.002486
0.003830
0.007055
0.003830
0.004031
0.002083
0.007726
0.002217
0.004300
0.001948
0.003695
0.004837
0.005980
0.003830
0.002956
0.002687
0.002553
0.003225
0.007122
0.002956
0.001142
0.002553
0.007390
0.004367
0.004501
0.002553
0.002687
0.004770
0.001881
0.001478
0.002016
0.001411
0.002217
0.003695
0.010548
0.001948
0.002284
0.000605
0.002150
0.001411
0.007995
0.001478
0.004636
0.004031
0.001814
0.001075
0.005106
0.007122
0.001881
0.003225
0.006248
0.001612
0.002620
0.006316
0.004300
0.003225
0.003292
0.000941
0.004367
0.003695
0.001411
0.000873
0.002687
0.002150
0.002284
0.007390
0.004569
0.003158
0.001680
0.001478
0.001747
0.002083
0.003897
0.001277
0.003158
0.009608
0.003023
0.000873
0.001881
0.001881
0.002620
0.006383
0.005711
0.002352
0.001478
0.003091
0.002419
0.002553
0.006786
0.002284
0.002822
0.004837
0.004636
0.000202
0.004972
0.002419
0.001747
0.003359
0.005845
0.002486
0.001142
0.006114
0.003762
0.003762
0.003359
0.000873
0.003023
0.004098
