0.085058
0.001142
0.003158
0.005644
0.001948
0.002822
0.008869
0.005509
0.002016
0.001747
0.003426
0.003830
0.002486
0.002553
0.002755
0.014647
0.003494
0.001277
0.001747
0.008869
0.001075
0.001612
0.004770
0.006786
0.001814
0.003762
0.003830
0.003762
0.001344
0.001680
0.003359
0.006853
0.003695
0.001008
0.002016
0.005241
0.003494
0.001209
0.004166
0.002755
0.002083
0.003897
0.004367
0.002822
0.006316
0.001612
0.003561
0.002486
0.002889
0.001008
0.002016
0.003762
0.003897
0.001814
0.009205
0.004636
0.002217
0.002016
0.004031
0.002553
0.011086
0.002016
0.002956
0.004031
0.003225
0.001411
0.002083
0.007726
0.001881
0.011153
0.001881
0.007323
0.001747
0.003897
0.004770
0.004300
0.001411
0.002889
0.002620
0.010951
0.001747
0.001612
0.001075
0.007458
0.002755
0.010750
0.003225
0.005845
0.001142
0.005241
0.002217
0.005039
0.003023
0.005173
0.004031
0.012833
0.003091
0.001008
0.001209
0.002620
0.002284
0.010615
0.002284
0.004300
0.002889
0.002620
0.003023
0.002755
0.010615
0.003091
0.003023
0.004905
0.004031
0.001680
0.001411
0.006719
0.005241
0.010481
0.001142
0.003225
0.002083
0.003964
0.004300
0.003158
0.008197
0.004434
0.001948
0.003359
0.000605
0.001075
0.002419
0.006114
0.002150
0.003897
0.005644
0.004031
0.001142
0.001680
0.002486
0.003628
0.003695
0.002016
0.001948
0.009070
0.002016
0.002352
0.002083
0.009809
0.001478
0.003494
0.004367
0.005912
0.001747
0.001814
0.006047
0.004166
0.001814
0.001881
0.001814
0.007592
0.007323
0.001142
0.002083
0.002956
0.001612
0.002419
0.004233
0.002083
0.002486
0.001948
0.007256
0.002419
0.004166
0.001277
0.002553
0.002620
0.002687
0.000873
0.002956
0.001881
0.001948
0.004569
0.004837
0.003091
0.002217
0.001680
0.001747
0.001612
0.005509
0.001142
0.001747
0.006383
0.001478
0.001612
0.003830
0.009742
0.001478
0.007525
0.002755
0.004501
0.001209
0.007659
0.002083
0.003830
0.002083
0.001948
0.002486
0.009540
0.000941
0.002150
0.001545
0.004434
0.001545
0.006047
0.005778
0.003897
0.001411
0.003494
0.001142
0.005308
0.003897
0.002016
0.002150
0.007458
0.004031
0.001344
0.002419
0.001478
0.001680
0.005509
0.004098
0.003426
0.002352
0.001344
0.001411
0.002620
0.004905
0.001075
0.001948
0.006786
0.005241
0.002150
0.002822
0.003494
0.002486
0.006584
0.003292
0.002822
0.002016
0.004166
0.001142
0.003225
0.004300
0.001814
0.001747
0.003225
