0.101317
0.001277
0.002620
0.004905
0.002755
0.002352
0.011758
0.003561
0.000806
0.002352
0.003494
0.002083
0.002217
0.002822
0.003964
0.013572
0.003426
0.002755
0.002486
0.004434
0.001411
0.001612
0.009406
0.006047
0.001277
0.004972
0.004031
0.001680
0.001747
0.002687
0.003225
0.007794
0.004905
0.001209
0.001411
0.004636
0.006920
0.001075
0.013169
0.002083
0.000873
0.005241
0.002956
0.001814
0.012429
0.001478
0.005980
0.001747
0.004569
0.001209
0.003359
0.001881
0.002956
0.002486
0.011690
0.002419
0.001747
0.002352
0.003091
0.001411
0.012026
0.002889
0.003830
0.003023
0.003897
0.002486
0.001612
0.004300
0.001545
0.010951
0.001545
0.004636
0.000941
0.006047
0.003158
0.001814
0.001747
0.005576
0.001545
0.007592
0.002419
0.003762
0.000739
0.005173
0.002419
0.013101
0.002419
0.004367
0.000672
0.006181
0.001411
0.002352
0.002083
0.004367
0.000873
0.012429
0.003494
0.001411
0.001142
0.002016
0.003292
0.012698
0.002352
0.002687
0.001948
0.004300
0.001612
0.001612
0.014042
0.003762
0.001814
0.003023
0.004569
0.002687
0.001008
0.005173
0.003494
0.008264
0.000873
0.003359
0.001612
0.005644
0.003494
0.001209
0.007390
0.005106
0.001948
0.002016
0.001142
0.001344
0.002217
0.006786
0.001814
0.005375
0.006383
0.001881
0.001277
0.001075
0.002822
0.002822
0.004233
0.002352
0.002486
0.007189
0.001142
0.002687
0.001545
0.006517
0.001008
0.002687
0.006114
0.003494
0.002016
0.002956
0.005980
0.002217
0.002553
0.001008
0.001478
0.005711
0.006517
0.001881
0.002016
0.001881
0.002217
0.003023
0.005980
0.001075
0.001814
0.001881
0.008062
0.002486
0.007323
0.001814
0.003964
0.002956
0.003494
0.001008
0.002083
0.001075
0.001612
0.005576
0.006114
0.001478
0.002419
0.001142
0.002553
0.001545
0.006987
0.001478
0.001814
0.004367
0.002150
0.003359
0.001478
0.007726
0.001612
0.007189
0.001881
0.001747
0.001881
0.009944
0.002352
0.002755
0.003292
0.003561
0.001209
0.005912
0.000873
0.003561
0.000873
0.002889
0.001478
0.008869
0.003359
0.002553
0.001814
0.005106
0.000672
0.002755
0.004031
0.002822
0.001612
0.007726
0.004972
0.001545
0.001478
0.001411
0.001478
0.008533
0.004031
0.001612
0.001948
0.003225
0.001142
0.002352
0.007525
0.002083
0.001075
0.005912
0.005845
0.002083
0.001814
0.003023
0.001075
0.004770
0.002352
0.002083
0.001680
0.007995
0.001478
0.002620
0.005106
0.002284
0.000941
0.002620
