0.064230
0.001680
0.001344
0.004636
0.003964
0.004837
0.011825
0.005106
0.001209
0.002016
0.003023
0.002150
0.003897
0.003158
0.003628
0.016393
0.004972
0.001411
0.001478
0.006114
0.002217
0.002284
0.004905
0.006181
0.001948
0.004837
0.003292
0.002284
0.002150
0.002755
0.003762
0.009742
0.005039
0.001545
0.000941
0.003292
0.005980
0.002217
0.008062
0.002083
0.001948
0.004434
0.002956
0.001814
0.008801
0.002284
0.003359
0.001747
0.005644
0.000806
0.002217
0.002553
0.005308
0.003023
0.007794
0.003897
0.003426
0.002284
0.003830
0.001344
0.012698
0.002419
0.002486
0.002687
0.003964
0.001948
0.001209
0.006517
0.001277
0.009272
0.002217
0.007458
0.001209
0.005241
0.004166
0.002150
0.002016
0.005711
0.001478
0.016595
0.002150
0.002352
0.000672
0.007390
0.002284
0.011690
0.001209
0.004569
0.001344
0.004569
0.002217
0.003494
0.002419
0.003359
0.002486
0.013437
0.002889
0.001948
0.000806
0.002687
0.003426
0.011287
0.002217
0.003023
0.002352
0.003426
0.001545
0.002217
0.012967
0.003762
0.001411
0.004166
0.006517
0.002620
0.001209
0.004703
0.004031
0.010548
0.001277
0.001814
0.002553
0.005106
0.005442
0.001612
0.008398
0.004166
0.002553
0.002419
0.001344
0.001747
0.001075
0.004434
0.002419
0.004233
0.007928
0.002284
0.001814
0.000941
0.001680
0.003494
0.004703
0.002016
0.001142
0.011623
0.002620
0.001344
0.001008
0.007189
0.001478
0.002620
0.003158
0.002553
0.002217
0.002150
0.004837
0.002755
0.002755
0.001747
0.003494
0.005039
0.006047
0.001881
0.001814
0.002083
0.004166
0.003426
0.005644
0.001411
0.002755
0.002217
0.005106
0.002352
0.006248
0.001612
0.001545
0.003695
0.005308
0.001344
0.001747
0.001478
0.002419
0.004233
0.005173
0.002150
0.004098
0.001277
0.002956
0.001881
0.008331
0.001545
0.001411
0.003897
0.002486
0.001948
0.001545
0.007659
0.001747
0.006920
0.002620
0.003830
0.001680
0.005845
0.001612
0.003292
0.002352
0.003561
0.001680
0.012362
0.001008
0.002486
0.001209
0.005039
0.002486
0.007458
0.003695
0.002150
0.001612
0.003628
0.001612
0.003158
0.004569
0.001948
0.002016
0.010145
0.003964
0.001814
0.001478
0.001680
0.003225
0.008264
0.005241
0.002083
0.001478
0.002956
0.001344
0.001747
0.008801
0.002822
0.001545
0.005980
0.007861
0.002284
0.001142
0.002755
0.003426
0.005509
0.003561
0.002150
0.002553
0.007055
0.002217
0.001881
0.004098
0.002553
0.001545
0.003023
