0.096278
0.001008
0.001612
0.003830
0.003225
0.002956
0.011623
0.005375
0.000873
0.002284
0.002620
0.002486
0.002822
0.002822
0.004703
0.010817
0.003897
0.001142
0.002284
0.006450
0.001881
0.001411
0.007323
0.005980
0.001411
0.003830
0.003292
0.003091
0.001411
0.001344
0.005308
0.006450
0.005039
0.001411
0.001277
0.003292
0.006517
0.000941
0.012094
0.002419
0.002352
0.003897
0.003628
0.001747
0.011086
0.001142
0.006383
0.001881
0.003897
0.001411
0.002687
0.002083
0.003023
0.002822
0.010078
0.002419
0.001948
0.001948
0.003561
0.001075
0.009944
0.003561
0.004569
0.003091
0.002956
0.001814
0.001209
0.005980
0.001814
0.009809
0.001612
0.007794
0.001344
0.004300
0.003426
0.002016
0.001008
0.006450
0.001680
0.013908
0.002352
0.003628
0.001142
0.007726
0.002284
0.010078
0.002956
0.005308
0.001344
0.004770
0.001680
0.002687
0.002553
0.004501
0.001612
0.010884
0.005711
0.002217
0.001142
0.002822
0.004434
0.012497
0.002889
0.004098
0.003561
0.003964
0.002755
0.001747
0.009070
0.003695
0.002889
0.003292
0.005375
0.002217
0.001344
0.003561
0.005778
0.011422
0.001612
0.001545
0.002150
0.005241
0.002822
0.001680
0.007928
0.004233
0.001344
0.001612
0.001277
0.001075
0.001209
0.003426
0.000941
0.003897
0.006181
0.003359
0.001142
0.000873
0.001478
0.003830
0.004501
0.002284
0.002687
0.008197
0.002553
0.002150
0.002687
0.007189
0.000605
0.001478
0.006248
0.003158
0.002352
0.001478
0.006786
0.003628
0.001948
0.000941
0.002217
0.005576
0.006316
0.001545
0.001008
0.002553
0.003292
0.002016
0.006719
0.002419
0.002889
0.001747
0.007055
0.001881
0.007726
0.001277
0.002016
0.002620
0.003628
0.000739
0.001948
0.001277
0.002217
0.003964
0.005711
0.002016
0.002083
0.001411
0.003426
0.001545
0.006316
0.001075
0.001545
0.003426
0.001344
0.002486
0.003158
0.006316
0.001411
0.006651
0.001747
0.004098
0.001814
0.007323
0.002284
0.001545
0.001948
0.003292
0.001478
0.009272
0.001142
0.004569
0.000941
0.006181
0.001411
0.006114
0.003561
0.003091
0.001075
0.004501
0.001545
0.004770
0.003494
0.002016
0.001209
0.007390
0.004434
0.003494
0.001277
0.001814
0.002755
0.006316
0.003561
0.001277
0.004233
0.002419
0.000806
0.000739
0.006450
0.002553
0.001948
0.005442
0.006316
0.002284
0.001680
0.002419
0.003292
0.006786
0.002016
0.001612
0.001881
0.007390
0.001881
0.002687
0.007122
0.003023
0.000806
0.003023
