0.068463
0.001948
0.002083
0.001814
0.003964
0.001881
0.015856
0.002016
0.001612
0.003091
0.002889
0.001747
0.002217
0.003225
0.003426
0.011556
0.005039
0.002352
0.001478
0.004569
0.002822
0.001411
0.008533
0.001411
0.003426
0.004233
0.004703
0.000806
0.002889
0.002486
0.003964
0.006114
0.005778
0.003897
0.001612
0.003359
0.005576
0.002687
0.007995
0.001948
0.002083
0.007525
0.005308
0.001814
0.007189
0.002687
0.003695
0.001344
0.003561
0.001948
0.002352
0.001948
0.004434
0.002822
0.014579
0.002150
0.003292
0.002687
0.002755
0.000739
0.013504
0.004166
0.003292
0.001277
0.005980
0.002620
0.001881
0.004233
0.003695
0.006987
0.002150
0.001142
0.003830
0.006987
0.003964
0.001277
0.002755
0.004434
0.002217
0.003494
0.002486
0.001881
0.002217
0.001680
0.004434
0.015520
0.002016
0.001545
0.002352
0.002486
0.001680
0.001478
0.003830
0.004770
0.003964
0.012497
0.003292
0.002553
0.001680
0.002620
0.005106
0.012833
0.002755
0.002083
0.003292
0.003494
0.001881
0.001075
0.012900
0.003023
0.002889
0.001075
0.006584
0.001277
0.002150
0.004098
0.006383
0.008936
0.002083
0.001612
0.002352
0.005308
0.003830
0.001545
0.007189
0.005039
0.002217
0.001075
0.001478
0.001344
0.001747
0.003225
0.002284
0.004501
0.006987
0.001142
0.001747
0.001881
0.002620
0.001612
0.005442
0.001680
0.002687
0.006316
0.002150
0.003426
0.001478
0.007659
0.002755
0.005039
0.003292
0.001411
0.003494
0.001814
0.005980
0.000941
0.004837
0.002217
0.001344
0.003359
0.007928
0.005576
0.001545
0.001142
0.003897
0.005442
0.004434
0.001814
0.002284
0.003628
0.007928
0.003225
0.005980
0.003762
0.001881
0.003023
0.003561
0.001747
0.002620
0.000941
0.004837
0.006786
0.008398
0.001075
0.003426
0.000739
0.003426
0.001008
0.008869
0.002956
0.001948
0.003628
0.003225
0.001747
0.003023
0.007256
0.002889
0.004098
0.003426
0.001075
0.004770
0.009540
0.001612
0.000739
0.004233
0.001478
0.001881
0.002486
0.001344
0.001747
0.002150
0.001612
0.003359
0.010951
0.003830
0.001142
0.001881
0.003830
0.001142
0.001478
0.006383
0.003225
0.002150
0.007726
0.003628
0.002284
0.001948
0.001277
0.003225
0.009339
0.003561
0.001411
0.003628
0.003762
0.001142
0.001747
0.008600
0.001680
0.002822
0.004434
0.008264
0.001411
0.004300
0.001075
0.004031
0.006047
0.003158
0.001209
0.002150
0.007726
0.002016
0.003897
0.004905
0.004098
0.002419
0.003292
