0.098898
0.001277
0.002822
0.004905
0.003091
0.002889
0.011959
0.003897
0.000806
0.002284
0.002687
0.002687
0.002486
0.002889
0.003426
0.011623
0.003426
0.002016
0.001881
0.005106
0.001545
0.001814
0.008600
0.008667
0.001881
0.004367
0.004501
0.002217
0.001545
0.002352
0.004031
0.007122
0.004569
0.000941
0.001814
0.004098
0.006853
0.001612
0.012026
0.002150
0.001411
0.004837
0.004166
0.001747
0.011892
0.001411
0.005980
0.001948
0.004166
0.001008
0.003225
0.002486
0.003695
0.002553
0.010683
0.002352
0.002016
0.001948
0.003359
0.001142
0.010414
0.003225
0.002889
0.002620
0.003964
0.002486
0.000873
0.004166
0.001545
0.009876
0.001948
0.005039
0.001277
0.005845
0.003695
0.001277
0.001612
0.006383
0.000941
0.007323
0.001747
0.003830
0.000873
0.004972
0.001881
0.013437
0.002083
0.004905
0.001142
0.005980
0.001209
0.002553
0.001948
0.003695
0.001209
0.012564
0.004300
0.001747
0.001344
0.002419
0.004166
0.012833
0.001948
0.002486
0.001612
0.004233
0.001209
0.001814
0.013706
0.004569
0.002822
0.002284
0.004636
0.001881
0.001209
0.005241
0.004166
0.007659
0.001075
0.003091
0.002419
0.006383
0.003695
0.001478
0.007323
0.005845
0.001680
0.002687
0.001411
0.001612
0.002284
0.007458
0.001545
0.004367
0.006383
0.001881
0.001344
0.001075
0.002822
0.002822
0.004098
0.002553
0.002553
0.007928
0.001209
0.001948
0.001881
0.006584
0.000806
0.002419
0.006114
0.003158
0.001881
0.002755
0.006383
0.002553
0.002284
0.001209
0.002755
0.005912
0.006719
0.001680
0.002150
0.001747
0.002486
0.002150
0.005845
0.001680
0.001209
0.002016
0.009070
0.002284
0.007525
0.001411
0.003695
0.002486
0.003494
0.001209
0.002755
0.001209
0.001411
0.004703
0.006114
0.001814
0.003359
0.001277
0.002150
0.001478
0.007122
0.001612
0.002352
0.004300
0.002150
0.003023
0.001814
0.007861
0.001411
0.008130
0.001545
0.002150
0.001545
0.009205
0.002352
0.002755
0.003292
0.003964
0.001277
0.006181
0.001142
0.004703
0.000873
0.003830
0.001411
0.007458
0.003628
0.002419
0.001545
0.006920
0.000336
0.002083
0.003695
0.002553
0.001142
0.006584
0.004569
0.002016
0.001277
0.001075
0.001478
0.007525
0.004233
0.002217
0.001814
0.002419
0.001344
0.002755
0.008331
0.002620
0.001680
0.005173
0.004837
0.002217
0.001747
0.002553
0.001814
0.004770
0.001814
0.001814
0.001612
0.008062
0.001008
0.002553
0.005375
0.001881
0.001478
0.003292
