0.089761
0.001612
0.003494
0.004636
0.001142
0.002553
0.020021
0.006450
0.001680
0.001545
0.002956
0.004972
0.001008
0.000806
0.003964
0.016931
0.003964
0.001680
0.002620
0.004703
0.001680
0.001747
0.009944
0.005106
0.001612
0.003964
0.004434
0.003426
0.001814
0.000941
0.005442
0.011959
0.004300
0.002083
0.002217
0.004434
0.001881
0.001209
0.008264
0.002620
0.000941
0.003023
0.004031
0.003158
0.006181
0.001478
0.003762
0.002486
0.001680
0.001612
0.002889
0.003023
0.002016
0.001612
0.013572
0.004098
0.001411
0.001411
0.003292
0.002822
0.013840
0.001344
0.006047
0.003426
0.003897
0.001545
0.003964
0.005241
0.001612
0.008264
0.002016
0.007525
0.002016
0.003158
0.003830
0.003158
0.001545
0.001478
0.002553
0.009675
0.001881
0.001411
0.002889
0.003292
0.001478
0.015386
0.003426
0.005308
0.001814
0.002150
0.001680
0.003359
0.001881
0.001612
0.003023
0.015856
0.002486
0.002016
0.001948
0.002016
0.001478
0.013034
0.002150
0.003897
0.001344
0.001545
0.001747
0.001881
0.014042
0.002217
0.002755
0.002956
0.003091
0.000806
0.003359
0.004300
0.001612
0.012228
0.001612
0.002217
0.001008
0.002553
0.004300
0.003225
0.006719
0.001612
0.002620
0.002889
0.001411
0.001277
0.003158
0.004569
0.001209
0.004770
0.009675
0.003225
0.001209
0.001075
0.003964
0.004434
0.004367
0.002016
0.002687
0.010683
0.001277
0.001881
0.002620
0.007055
0.001747
0.002687
0.006114
0.004031
0.002755
0.002553
0.005442
0.003359
0.003964
0.001411
0.003292
0.008264
0.006114
0.002486
0.002822
0.004972
0.001277
0.002956
0.004837
0.004166
0.000470
0.000941
0.006920
0.005173
0.003426
0.001747
0.002620
0.004770
0.001075
0.000806
0.002083
0.001612
0.001142
0.004031
0.007794
0.002620
0.001612
0.001411
0.002620
0.002150
0.008667
0.001008
0.002083
0.004569
0.001612
0.001209
0.004166
0.005912
0.001814
0.004569
0.004367
0.004031
0.003023
0.007659
0.004166
0.002083
0.003830
0.001411
0.001948
0.005711
0.000873
0.001680
0.001612
0.002553
0.001411
0.007458
0.004569
0.003158
0.001008
0.001344
0.001948
0.003494
0.004569
0.001075
0.002687
0.010011
0.003964
0.001747
0.001747
0.000873
0.000873
0.007189
0.004233
0.001612
0.001478
0.001612
0.002419
0.001680
0.007928
0.001209
0.002755
0.004300
0.005173
0.000403
0.003158
0.002419
0.000806
0.003695
0.003561
0.002486
0.000605
0.005241
0.002620
0.003964
0.002822
0.001075
0.002486
0.003426
