0.084386
0.002687
0.002352
0.004098
0.002620
0.003561
0.010683
0.003561
0.001344
0.002284
0.005241
0.001680
0.002419
0.003762
0.002553
0.009675
0.004098
0.001948
0.002217
0.004972
0.001545
0.002284
0.009540
0.004703
0.001142
0.004300
0.005644
0.001344
0.001747
0.002553
0.005576
0.008398
0.004233
0.001881
0.001747
0.004434
0.005039
0.001478
0.007794
0.002016
0.001612
0.003628
0.005778
0.001612
0.013034
0.002016
0.005711
0.001142
0.004031
0.000605
0.002687
0.003359
0.002889
0.002352
0.009473
0.003561
0.001747
0.001680
0.004703
0.001142
0.007928
0.002822
0.003830
0.002889
0.002755
0.002687
0.002217
0.005509
0.001814
0.010817
0.001545
0.007122
0.001209
0.005241
0.004031
0.001411
0.001209
0.005912
0.001747
0.009003
0.001881
0.002822
0.001881
0.003695
0.001747
0.010817
0.002150
0.002755
0.001142
0.006383
0.002217
0.001680
0.002486
0.005778
0.002687
0.011422
0.003494
0.001612
0.002150
0.003426
0.004233
0.010548
0.002016
0.003695
0.001209
0.003359
0.002016
0.001411
0.009809
0.005778
0.003091
0.002217
0.005375
0.002083
0.001478
0.003628
0.006181
0.008869
0.001814
0.002687
0.001747
0.006920
0.004501
0.001747
0.012698
0.008398
0.001948
0.002620
0.000672
0.000941
0.002553
0.005576
0.001948
0.005912
0.006651
0.001747
0.001075
0.000941
0.002486
0.002284
0.005039
0.001747
0.002150
0.006383
0.003830
0.002956
0.001411
0.007055
0.001344
0.002755
0.006047
0.003359
0.001948
0.004166
0.007256
0.002083
0.002687
0.002687
0.003762
0.005173
0.005308
0.001814
0.002755
0.002486
0.002822
0.002687
0.008465
0.002553
0.000739
0.001411
0.008197
0.002016
0.007928
0.001545
0.002889
0.003091
0.002620
0.001008
0.002486
0.000873
0.001545
0.003964
0.006047
0.002352
0.001814
0.001075
0.002553
0.001680
0.005375
0.001545
0.003359
0.004501
0.001478
0.002956
0.002217
0.005778
0.001478
0.009205
0.002755
0.002553
0.001612
0.007525
0.001209
0.002352
0.001948
0.004098
0.000873
0.005442
0.001344
0.003897
0.000941
0.003359
0.000806
0.005509
0.004300
0.002620
0.001277
0.004837
0.000672
0.003225
0.004367
0.003494
0.002083
0.008264
0.004770
0.001612
0.001612
0.001814
0.002284
0.006853
0.005980
0.002284
0.002083
0.002150
0.001142
0.002083
0.006316
0.003359
0.002352
0.004501
0.007794
0.004837
0.001881
0.001478
0.001814
0.006114
0.002553
0.001948
0.001008
0.006987
0.001680
0.002083
0.007659
0.003762
0.000941
0.003359
