0.077600
0.002016
0.004098
0.002620
0.001411
0.001881
0.016662
0.003695
0.001814
0.002486
0.002486
0.003292
0.002284
0.003158
0.003830
0.017468
0.003494
0.003628
0.002016
0.003628
0.002284
0.002352
0.009473
0.003628
0.002822
0.004233
0.003830
0.000672
0.002284
0.003628
0.003964
0.008130
0.002822
0.004367
0.002217
0.005644
0.002016
0.002217
0.006114
0.002352
0.001545
0.004300
0.003426
0.002889
0.004972
0.003158
0.002284
0.002553
0.001814
0.001545
0.001747
0.001881
0.002889
0.003359
0.015587
0.003158
0.001612
0.002352
0.001814
0.001881
0.013504
0.003762
0.005039
0.003292
0.003091
0.001881
0.003023
0.003695
0.002217
0.006920
0.001680
0.002956
0.003292
0.003426
0.004770
0.001747
0.002016
0.004434
0.001411
0.007928
0.001545
0.003292
0.001814
0.002419
0.002352
0.017401
0.002822
0.005039
0.001142
0.002687
0.000806
0.001680
0.001545
0.004233
0.001209
0.017200
0.001881
0.002352
0.001545
0.002217
0.002217
0.013706
0.001814
0.002284
0.003023
0.002553
0.001747
0.002486
0.014243
0.004770
0.002352
0.003225
0.003628
0.001344
0.003225
0.005173
0.002352
0.007390
0.002419
0.003695
0.001209
0.005576
0.003091
0.002956
0.006047
0.003695
0.002083
0.003359
0.001075
0.001881
0.002553
0.002419
0.001814
0.005106
0.009608
0.001814
0.003225
0.001545
0.001680
0.002620
0.004031
0.001881
0.001814
0.008600
0.003091
0.005980
0.001881
0.006920
0.002217
0.006316
0.003964
0.002150
0.003695
0.002352
0.005912
0.000537
0.005509
0.002553
0.003225
0.004569
0.006450
0.006114
0.001411
0.002822
0.000941
0.005375
0.003628
0.002150
0.001142
0.003091
0.006786
0.005576
0.003494
0.003292
0.001545
0.003897
0.001814
0.001881
0.001814
0.001209
0.001209
0.004636
0.008197
0.002822
0.001814
0.001209
0.001545
0.001478
0.008062
0.001948
0.001881
0.004972
0.002016
0.001881
0.005308
0.005912
0.002016
0.004233
0.005106
0.001814
0.004770
0.006987
0.003091
0.001612
0.005241
0.001948
0.002620
0.004501
0.000605
0.003091
0.001344
0.003359
0.001277
0.011019
0.003426
0.002889
0.002150
0.003628
0.001142
0.001075
0.002553
0.002419
0.002150
0.009876
0.002822
0.002620
0.001948
0.001478
0.001948
0.011556
0.004166
0.001545
0.001747
0.002486
0.001075
0.002352
0.008331
0.002217
0.002687
0.004636
0.006651
0.001344
0.003023
0.002687
0.000941
0.004905
0.003158
0.003426
0.000941
0.007390
0.001478
0.004972
0.002419
0.001612
0.002822
0.004501
