0.090433
0.001747
0.002687
0.004972
0.001747
0.004703
0.009205
0.004972
0.000537
0.002486
0.003762
0.001411
0.002755
0.004703
0.002486
0.010884
0.003762
0.002016
0.001344
0.006383
0.000873
0.002284
0.006316
0.005241
0.000739
0.003964
0.004367
0.001478
0.000605
0.002486
0.003023
0.006584
0.003292
0.001948
0.002553
0.005308
0.002687
0.001814
0.006383
0.002956
0.001209
0.004434
0.005778
0.001545
0.007592
0.001747
0.003762
0.002150
0.002016
0.002284
0.001881
0.003830
0.002217
0.003494
0.012497
0.002755
0.001680
0.002553
0.002956
0.001680
0.010347
0.003762
0.003964
0.002687
0.004233
0.003023
0.002486
0.006114
0.001075
0.008600
0.002016
0.005375
0.001478
0.007861
0.003628
0.001747
0.001411
0.007323
0.001881
0.008264
0.001075
0.002352
0.001545
0.006383
0.002016
0.015722
0.002150
0.004031
0.001075
0.006987
0.001814
0.002822
0.002687
0.005308
0.002822
0.011153
0.003023
0.002956
0.001747
0.003628
0.003830
0.009944
0.004300
0.004636
0.001478
0.006316
0.002486
0.001478
0.010750
0.003964
0.003023
0.003561
0.003091
0.003292
0.001881
0.004569
0.002352
0.009473
0.001411
0.002822
0.000739
0.005644
0.002419
0.002352
0.010750
0.007861
0.001747
0.002755
0.001008
0.001545
0.002083
0.004569
0.001075
0.006316
0.005039
0.001881
0.000739
0.001142
0.003292
0.002687
0.003897
0.002083
0.002284
0.007995
0.002083
0.003023
0.001814
0.005912
0.000739
0.003695
0.003830
0.002553
0.000739
0.002687
0.006584
0.002553
0.001948
0.002083
0.002620
0.004905
0.005106
0.002553
0.002486
0.001948
0.001680
0.002217
0.004300
0.001948
0.001344
0.001545
0.009070
0.002755
0.003292
0.002687
0.002956
0.003561
0.001814
0.001075
0.002687
0.001545
0.001478
0.004636
0.006786
0.002217
0.001277
0.001478
0.003225
0.002755
0.005778
0.003561
0.002016
0.005644
0.001612
0.003628
0.002217
0.007055
0.000605
0.007458
0.002150
0.002755
0.002486
0.011354
0.002755
0.002419
0.002150
0.004434
0.001814
0.007189
0.000672
0.004233
0.000941
0.002486
0.001948
0.010078
0.004233
0.002016
0.000873
0.004636
0.000806
0.003964
0.003695
0.003628
0.001948
0.007928
0.004233
0.003762
0.001075
0.001209
0.000739
0.007390
0.003292
0.002889
0.002083
0.004905
0.001680
0.002419
0.004837
0.001545
0.001680
0.006450
0.006584
0.003158
0.002016
0.002486
0.001747
0.006651
0.002150
0.002284
0.001344
0.008600
0.001478
0.004837
0.004770
0.003695
0.001344
0.004233
