0.080288
0.000873
0.002284
0.004233
0.002620
0.004233
0.011019
0.005980
0.000941
0.001277
0.001948
0.002150
0.003359
0.002217
0.005039
0.013639
0.003494
0.001545
0.001612
0.006181
0.002419
0.000672
0.008667
0.004905
0.000806
0.003359
0.003359
0.003091
0.001344
0.000806
0.005173
0.011758
0.007323
0.001209
0.002083
0.002956
0.006517
0.001209
0.014983
0.001747
0.002016
0.002553
0.002822
0.000806
0.008600
0.001008
0.006517
0.001680
0.004434
0.001008
0.002217
0.002486
0.004300
0.001881
0.010414
0.002352
0.002553
0.001881
0.004703
0.000806
0.013437
0.002755
0.005308
0.001948
0.004166
0.001545
0.001209
0.004233
0.002486
0.023112
0.000873
0.009473
0.000873
0.004098
0.002083
0.000941
0.001209
0.008734
0.001142
0.013303
0.001680
0.002016
0.000873
0.005241
0.002822
0.010347
0.001277
0.003225
0.000806
0.005442
0.001277
0.001277
0.002150
0.004434
0.001545
0.011489
0.006181
0.002755
0.000941
0.001411
0.005039
0.013706
0.003225
0.002284
0.002620
0.004569
0.001612
0.000537
0.013034
0.006047
0.002150
0.001814
0.005576
0.001814
0.001209
0.003292
0.005711
0.012094
0.001075
0.001344
0.001881
0.005442
0.005106
0.000806
0.011690
0.008264
0.001545
0.001142
0.001209
0.001075
0.002217
0.005039
0.001209
0.005039
0.006114
0.002822
0.000941
0.001075
0.003292
0.004300
0.004636
0.001411
0.002553
0.007928
0.002486
0.001478
0.001814
0.006114
0.000739
0.000941
0.004367
0.002755
0.002553
0.003762
0.005509
0.003830
0.001881
0.001209
0.004233
0.008936
0.006719
0.000941
0.001814
0.002486
0.004166
0.002016
0.007794
0.000873
0.002755
0.001277
0.006047
0.001478
0.006920
0.000873
0.005173
0.001680
0.004166
0.000739
0.002553
0.001478
0.002083
0.003628
0.005106
0.001075
0.002419
0.000672
0.004300
0.000941
0.007189
0.001277
0.002822
0.003964
0.002553
0.001075
0.001075
0.005442
0.001008
0.010683
0.001948
0.003158
0.002284
0.008130
0.001277
0.001747
0.002553
0.003897
0.000941
0.006316
0.000605
0.002822
0.000605
0.002956
0.001142
0.006450
0.002352
0.002150
0.001142
0.004233
0.001075
0.003023
0.003897
0.003359
0.001008
0.006450
0.005711
0.002956
0.001008
0.000873
0.002083
0.007861
0.004837
0.000672
0.004300
0.002889
0.000739
0.000806
0.006786
0.002755
0.001612
0.002822
0.007256
0.002083
0.002083
0.002150
0.002620
0.008667
0.001545
0.001209
0.001814
0.006248
0.003695
0.001209
0.006114
0.003292
0.001344
0.002620
