0.094598
0.001680
0.001680
0.003225
0.003494
0.003762
0.015789
0.006047
0.000672
0.003762
0.002755
0.003158
0.004098
0.004770
0.006316
0.014983
0.004098
0.002016
0.001948
0.005912
0.001411
0.002083
0.009003
0.006114
0.001142
0.004972
0.003292
0.001142
0.000873
0.002419
0.004569
0.007390
0.002352
0.001747
0.001344
0.003897
0.006114
0.002217
0.010347
0.001948
0.000537
0.004434
0.003494
0.001209
0.007592
0.002620
0.006114
0.003091
0.003091
0.000537
0.001747
0.002284
0.003426
0.002956
0.013504
0.002553
0.001881
0.002486
0.001747
0.000941
0.010011
0.002419
0.002956
0.002352
0.002822
0.002620
0.001075
0.004233
0.002083
0.011690
0.001478
0.008130
0.001142
0.006517
0.003494
0.002620
0.002016
0.008398
0.002284
0.012564
0.001277
0.002755
0.000672
0.004636
0.000672
0.016528
0.002284
0.004703
0.000672
0.004501
0.001545
0.002016
0.000873
0.004837
0.001478
0.012833
0.001612
0.001478
0.000336
0.002284
0.004434
0.013908
0.002620
0.003628
0.001411
0.004972
0.001075
0.001209
0.010817
0.005241
0.002755
0.004703
0.002352
0.002822
0.000873
0.005778
0.002687
0.008062
0.001545
0.002486
0.002150
0.005106
0.002755
0.002150
0.004972
0.004703
0.001277
0.001948
0.001008
0.001948
0.002486
0.003897
0.001008
0.005509
0.008062
0.002217
0.000672
0.001478
0.002284
0.002083
0.004703
0.002620
0.002352
0.008734
0.002889
0.003158
0.003091
0.008331
0.001008
0.005375
0.006786
0.002150
0.001948
0.002083
0.005442
0.002016
0.002755
0.002687
0.002553
0.005308
0.003561
0.003158
0.001277
0.002553
0.002620
0.004837
0.005845
0.002352
0.000739
0.001680
0.006517
0.002217
0.004434
0.002352
0.003023
0.002620
0.003225
0.000941
0.002956
0.001344
0.000605
0.004636
0.006786
0.001612
0.001612
0.000941
0.002755
0.000941
0.005375
0.000739
0.001075
0.003561
0.001411
0.002150
0.003023
0.005241
0.001747
0.008331
0.002150
0.002687
0.001948
0.009003
0.002553
0.002217
0.001747
0.004031
0.002083
0.008062
0.000806
0.001948
0.001344
0.004905
0.001008
0.010414
0.002553
0.002284
0.001008
0.003494
0.000806
0.003023
0.003359
0.002822
0.001008
0.008331
0.002486
0.002620
0.001142
0.001008
0.001948
0.008533
0.003091
0.002016
0.000739
0.002956
0.000941
0.001814
0.006114
0.003762
0.001478
0.006047
0.006181
0.002620
0.002755
0.004972
0.000806
0.006719
0.002150
0.002016
0.002217
0.008264
0.001277
0.003695
0.003628
0.003426
0.001142
0.003695
