0.089895
0.001142
0.002352
0.005106
0.002419
0.003494
0.010145
0.004569
0.000672
0.001814
0.002889
0.003158
0.002419
0.002486
0.002284
0.009473
0.004367
0.002083
0.001075
0.004300
0.002016
0.001411
0.011422
0.006316
0.001277
0.004501
0.002620
0.002419
0.001814
0.001948
0.005241
0.013975
0.004636
0.001478
0.001545
0.005778
0.003359
0.002083
0.007861
0.002217
0.001612
0.003830
0.004770
0.002419
0.006920
0.002150
0.003830
0.001478
0.003225
0.001209
0.000672
0.002150
0.003762
0.003292
0.010750
0.004166
0.002284
0.001612
0.002419
0.001814
0.012497
0.002217
0.004636
0.004233
0.003762
0.002553
0.002016
0.006651
0.001747
0.013639
0.001612
0.007794
0.001411
0.004233
0.005173
0.002755
0.001814
0.005308
0.001612
0.010683
0.001008
0.002553
0.001008
0.005375
0.002687
0.012833
0.003762
0.005576
0.001277
0.005106
0.001680
0.003158
0.003628
0.003897
0.003561
0.016528
0.003695
0.001680
0.001344
0.003762
0.003494
0.012026
0.001680
0.003091
0.001209
0.003830
0.001814
0.001344
0.011623
0.004300
0.002352
0.002755
0.003359
0.001747
0.000873
0.003830
0.002553
0.007323
0.001545
0.003023
0.001747
0.004905
0.003225
0.002956
0.009742
0.003964
0.001881
0.002016
0.001075
0.002016
0.002352
0.004770
0.001277
0.005912
0.004972
0.002620
0.001142
0.001008
0.002083
0.002956
0.005241
0.002486
0.001612
0.008936
0.001478
0.001747
0.001209
0.005173
0.000941
0.002284
0.007256
0.003628
0.001612
0.003091
0.003494
0.002419
0.003023
0.001948
0.002352
0.009608
0.006316
0.002150
0.002755
0.005106
0.002419
0.002486
0.005845
0.001747
0.002083
0.001814
0.006651
0.003426
0.005576
0.001411
0.002150
0.002755
0.002016
0.000873
0.001344
0.000873
0.001814
0.004166
0.006047
0.003091
0.002150
0.000672
0.001478
0.002150
0.008264
0.002016
0.002486
0.005980
0.003091
0.002486
0.002016
0.009070
0.001478
0.009205
0.002822
0.004636
0.001747
0.006719
0.002889
0.002553
0.002553
0.003830
0.001209
0.008264
0.001142
0.002486
0.000672
0.002284
0.001545
0.007323
0.006181
0.002755
0.002016
0.002956
0.000672
0.003091
0.003292
0.002217
0.001344
0.010951
0.003964
0.002016
0.001277
0.001545
0.001747
0.007390
0.004098
0.001814
0.001008
0.001344
0.001008
0.002352
0.006047
0.001948
0.001075
0.005442
0.006316
0.001881
0.001411
0.002083
0.001075
0.005845
0.002553
0.002217
0.001747
0.006316
0.001680
0.002687
0.005778
0.002822
0.001209
0.003897
