0.094867
0.001209
0.001881
0.005711
0.002486
0.002755
0.010145
0.004166
0.002620
0.002419
0.002822
0.003359
0.001747
0.003494
0.003762
0.015453
0.004098
0.002889
0.002284
0.005308
0.001747
0.002419
0.005509
0.003158
0.002486
0.003762
0.004770
0.003426
0.002352
0.001680
0.002486
0.006584
0.002956
0.001545
0.002083
0.005308
0.002889
0.001277
0.005576
0.002755
0.002150
0.005308
0.003023
0.003426
0.004770
0.002150
0.002755
0.004031
0.003091
0.001881
0.002016
0.002486
0.003359
0.001881
0.010884
0.003359
0.002419
0.003426
0.003695
0.001478
0.014848
0.002486
0.002755
0.003762
0.003225
0.001478
0.002016
0.005241
0.002755
0.008264
0.002352
0.003292
0.002486
0.005442
0.004501
0.002284
0.002217
0.003494
0.003158
0.010817
0.002083
0.002956
0.001612
0.004703
0.001881
0.011354
0.002486
0.004098
0.001545
0.002956
0.002553
0.004837
0.002755
0.003897
0.001747
0.014176
0.002755
0.001948
0.001344
0.003494
0.003091
0.012228
0.002419
0.003292
0.002419
0.003158
0.002419
0.002352
0.011019
0.002620
0.002150
0.003964
0.003091
0.002150
0.002217
0.005509
0.002620
0.004703
0.002687
0.001814
0.001881
0.003964
0.005778
0.002956
0.007189
0.001478
0.002419
0.002956
0.001680
0.002687
0.002083
0.005845
0.002687
0.005509
0.009137
0.003762
0.002217
0.001478
0.000941
0.002284
0.003292
0.001881
0.001814
0.008801
0.002687
0.003158
0.001545
0.006047
0.001545
0.004098
0.003292
0.002889
0.003158
0.002150
0.005375
0.002620
0.003628
0.002150
0.001478
0.007390
0.004703
0.002956
0.002486
0.003091
0.001612
0.004233
0.004905
0.002419
0.001478
0.001814
0.006517
0.003292
0.003964
0.001545
0.002419
0.003762
0.000941
0.002016
0.001478
0.002352
0.002822
0.005308
0.007055
0.002016
0.001612
0.001680
0.002352
0.003158
0.007122
0.001747
0.002016
0.006651
0.002016
0.001680
0.002687
0.007726
0.002486
0.006114
0.003897
0.003292
0.003158
0.007592
0.001411
0.003628
0.003830
0.001814
0.001612
0.007458
0.001411
0.002352
0.001680
0.002822
0.001814
0.007861
0.004770
0.002620
0.002150
0.002687
0.001411
0.003830
0.004905
0.001344
0.002217
0.010347
0.003359
0.002083
0.002352
0.002486
0.002553
0.008465
0.006383
0.003494
0.001545
0.001545
0.001747
0.001612
0.006584
0.001545
0.001881
0.006047
0.003830
0.002553
0.002956
0.003225
0.001680
0.003494
0.003628
0.002150
0.001814
0.004501
0.002687
0.003292
0.004837
0.001075
0.002284
0.004434
