0.105415
0.001344
0.002486
0.003359
0.002016
0.003292
0.012228
0.004434
0.001680
0.002486
0.003494
0.002352
0.002822
0.004367
0.003830
0.013908
0.003091
0.002956
0.002016
0.006047
0.001747
0.002284
0.005106
0.004300
0.001814
0.003359
0.004501
0.003091
0.001814
0.001747
0.003830
0.007525
0.003225
0.001411
0.002486
0.004434
0.002620
0.002419
0.006987
0.002150
0.001008
0.004703
0.004233
0.001680
0.006651
0.002956
0.004166
0.002419
0.001545
0.001948
0.004031
0.002956
0.002016
0.002822
0.011758
0.003359
0.002419
0.003158
0.003292
0.001344
0.010145
0.002956
0.004434
0.002889
0.002889
0.002150
0.001344
0.003830
0.001948
0.006517
0.002486
0.006786
0.001612
0.004770
0.004703
0.002217
0.001747
0.004501
0.003359
0.008465
0.002755
0.003359
0.002755
0.006316
0.002687
0.011690
0.002956
0.003762
0.001478
0.002755
0.002553
0.003561
0.002150
0.002889
0.002822
0.011825
0.002620
0.002083
0.001612
0.002620
0.002486
0.009675
0.002687
0.004098
0.002284
0.003494
0.002687
0.002083
0.010212
0.004031
0.003494
0.004636
0.004031
0.001948
0.002553
0.007458
0.001680
0.005241
0.002352
0.002150
0.001680
0.005106
0.004367
0.002755
0.004972
0.002620
0.001814
0.002956
0.002083
0.001411
0.001814
0.003830
0.002486
0.004367
0.009070
0.003292
0.002486
0.001680
0.001142
0.001747
0.002956
0.002352
0.002150
0.009205
0.002755
0.002755
0.002620
0.007256
0.001680
0.003359
0.004770
0.002217
0.003561
0.002150
0.004636
0.003628
0.003762
0.001948
0.003023
0.006719
0.004166
0.002217
0.002419
0.002822
0.001277
0.003494
0.005375
0.002553
0.001814
0.002352
0.008331
0.002553
0.003091
0.001612
0.002755
0.003561
0.001612
0.002217
0.002419
0.002016
0.001411
0.005912
0.006584
0.001545
0.001478
0.001277
0.002620
0.003023
0.007592
0.002150
0.002419
0.005509
0.002486
0.001478
0.002016
0.006450
0.001948
0.005241
0.004300
0.003561
0.002956
0.007323
0.002217
0.002217
0.003225
0.003561
0.001948
0.007726
0.001814
0.002755
0.002956
0.003359
0.001814
0.007256
0.004098
0.002889
0.002217
0.002352
0.002016
0.003426
0.003023
0.002217
0.001747
0.007995
0.002755
0.001344
0.003225
0.001277
0.001612
0.007055
0.004770
0.002822
0.002284
0.001948
0.001478
0.002620
0.005375
0.002889
0.002687
0.007726
0.003964
0.001411
0.003830
0.003561
0.001277
0.005039
0.002620
0.002620
0.001209
0.005778
0.002419
0.003359
0.003225
0.002083
0.002956
0.003628
