0.091844
0.002352
0.002217
0.004501
0.002889
0.002755
0.007861
0.003292
0.001948
0.002419
0.003494
0.002889
0.003158
0.004636
0.002889
0.012765
0.005039
0.003292
0.001747
0.005980
0.002083
0.002553
0.006248
0.006786
0.002822
0.006316
0.003762
0.002083
0.002016
0.001680
0.003762
0.006316
0.004501
0.002486
0.001881
0.005106
0.003830
0.001680
0.005241
0.001881
0.002150
0.003359
0.003426
0.001747
0.006383
0.003023
0.002553
0.002284
0.003359
0.001747
0.001344
0.002755
0.004233
0.002620
0.010548
0.004098
0.002956
0.002822
0.002553
0.001277
0.009473
0.003091
0.002755
0.002217
0.004031
0.002889
0.002553
0.004501
0.002486
0.007458
0.002352
0.003762
0.002956
0.004098
0.003628
0.002016
0.002956
0.005845
0.001612
0.009272
0.002217
0.003091
0.001142
0.005106
0.002284
0.009742
0.002419
0.003830
0.001814
0.003426
0.001545
0.002687
0.002217
0.003225
0.001612
0.011220
0.002889
0.002620
0.001478
0.003023
0.004098
0.009809
0.002083
0.003023
0.002352
0.003426
0.001277
0.002016
0.010011
0.004770
0.002755
0.003762
0.004770
0.002352
0.001411
0.006853
0.005241
0.005845
0.001612
0.003158
0.002016
0.006181
0.004031
0.002620
0.006584
0.004837
0.001948
0.002016
0.001411
0.002016
0.001814
0.004233
0.002150
0.006786
0.006114
0.002889
0.001344
0.001277
0.003225
0.003628
0.004703
0.002687
0.002486
0.008398
0.002553
0.004770
0.002419
0.006719
0.002352
0.003628
0.004569
0.002889
0.003964
0.002956
0.005644
0.002083
0.003023
0.003830
0.002419
0.007592
0.004434
0.002755
0.001612
0.002889
0.003023
0.004300
0.004098
0.002352
0.002284
0.002150
0.006987
0.004166
0.005241
0.002083
0.002284
0.003695
0.001948
0.002217
0.001142
0.001344
0.003292
0.002755
0.005576
0.001411
0.004098
0.001545
0.001814
0.001747
0.008062
0.001881
0.002486
0.005442
0.001747
0.002352
0.003023
0.006383
0.002687
0.006584
0.002486
0.002889
0.003695
0.005845
0.002553
0.002217
0.003964
0.005173
0.001814
0.006181
0.001747
0.003762
0.001008
0.003494
0.001814
0.007122
0.003426
0.002687
0.001881
0.002822
0.000806
0.002956
0.003628
0.001948
0.001277
0.007794
0.003091
0.002620
0.000941
0.001747
0.003158
0.008734
0.003628
0.002150
0.003561
0.002755
0.000672
0.001814
0.007592
0.003359
0.002083
0.005778
0.006450
0.003023
0.002486
0.002822
0.002956
0.003695
0.002822
0.002419
0.003158
0.006248
0.001612
0.004434
0.005241
0.003023
0.001948
0.003897
