0.080623
0.001209
0.002150
0.002553
0.002687
0.003762
0.011019
0.004233
0.000672
0.002822
0.004837
0.002419
0.004300
0.003292
0.004972
0.011153
0.003830
0.001277
0.002352
0.004031
0.001209
0.001612
0.011422
0.004300
0.001142
0.004905
0.006047
0.001680
0.001344
0.002083
0.004501
0.008331
0.004569
0.001612
0.001142
0.002755
0.008600
0.000739
0.009944
0.001142
0.001948
0.003561
0.004300
0.001277
0.018073
0.001680
0.008869
0.000873
0.004837
0.000537
0.001814
0.001277
0.004300
0.001948
0.011220
0.001881
0.002284
0.001344
0.004703
0.001209
0.009003
0.003426
0.004434
0.001881
0.003158
0.002217
0.000672
0.003494
0.001344
0.009339
0.001008
0.006651
0.001411
0.006719
0.003628
0.002217
0.001545
0.005241
0.001277
0.013236
0.002083
0.002217
0.000739
0.005241
0.002620
0.011758
0.002352
0.005576
0.000605
0.003964
0.003359
0.002889
0.002822
0.004098
0.001747
0.009272
0.004434
0.002284
0.000537
0.001142
0.004972
0.012564
0.002755
0.003023
0.002822
0.005644
0.001814
0.001209
0.014512
0.003628
0.002956
0.003091
0.005241
0.001612
0.000672
0.005509
0.007995
0.010683
0.001612
0.001075
0.001545
0.006181
0.003091
0.001680
0.010615
0.006383
0.002217
0.001344
0.001142
0.001142
0.002352
0.003695
0.002150
0.004636
0.008264
0.002822
0.001209
0.001277
0.003964
0.001814
0.004905
0.001411
0.002352
0.006383
0.002755
0.001612
0.003897
0.006719
0.001142
0.002486
0.008533
0.003695
0.001814
0.002822
0.006853
0.001881
0.001411
0.000806
0.002217
0.004770
0.006383
0.001948
0.001411
0.001814
0.003628
0.002687
0.006786
0.001142
0.002083
0.001747
0.007659
0.001478
0.009742
0.001209
0.003494
0.001344
0.004703
0.000941
0.002755
0.000672
0.002284
0.004636
0.006719
0.001142
0.002822
0.000672
0.004434
0.000806
0.006920
0.001209
0.001277
0.003023
0.001411
0.002419
0.002016
0.004837
0.001142
0.007256
0.001680
0.004233
0.001277
0.008197
0.003225
0.002352
0.002217
0.004031
0.000739
0.008331
0.000873
0.001881
0.001008
0.004300
0.001075
0.006987
0.004770
0.002553
0.000739
0.006450
0.001142
0.001881
0.004434
0.001612
0.001008
0.004569
0.005576
0.002687
0.000941
0.000806
0.003158
0.006786
0.002352
0.002217
0.002889
0.005106
0.000605
0.001478
0.008398
0.001478
0.001411
0.005576
0.006786
0.002150
0.001545
0.003762
0.002889
0.007055
0.002687
0.001680
0.001612
0.008465
0.002083
0.002419
0.008331
0.002150
0.000605
0.001881
