0.063558
0.000873
0.002755
0.002419
0.004770
0.001075
0.017603
0.003426
0.002016
0.001948
0.002620
0.003359
0.002486
0.001344
0.005375
0.012900
0.003292
0.002620
0.001478
0.003292
0.003426
0.001814
0.008130
0.003426
0.004233
0.003762
0.005106
0.001545
0.003158
0.002150
0.005375
0.006517
0.006517
0.002687
0.002889
0.004569
0.005375
0.001277
0.008264
0.002419
0.001948
0.004770
0.004166
0.003561
0.007794
0.001142
0.002956
0.002553
0.003561
0.001612
0.002620
0.001478
0.006181
0.001209
0.014512
0.002284
0.003830
0.001545
0.003292
0.001344
0.018409
0.001545
0.004300
0.003628
0.004972
0.001344
0.003628
0.004837
0.002016
0.005106
0.002150
0.004703
0.004098
0.004905
0.004031
0.001881
0.001948
0.002419
0.002620
0.006719
0.002284
0.000941
0.001814
0.001814
0.003762
0.014378
0.003561
0.004569
0.002083
0.001948
0.001948
0.003292
0.003561
0.003023
0.003561
0.013437
0.004098
0.001881
0.001680
0.002150
0.005778
0.011892
0.001545
0.002284
0.002419
0.001545
0.002284
0.001411
0.013370
0.001948
0.002620
0.002755
0.003964
0.000739
0.003225
0.002822
0.005644
0.005912
0.003225
0.001881
0.001747
0.003158
0.004972
0.002822
0.009003
0.002083
0.003023
0.001747
0.001411
0.001747
0.002620
0.002956
0.002687
0.003359
0.010750
0.001881
0.002419
0.000537
0.001612
0.001881
0.003426
0.001142
0.002150
0.007458
0.002016
0.003292
0.001612
0.006114
0.003359
0.003695
0.004972
0.001545
0.004770
0.001344
0.007928
0.001008
0.006248
0.001411
0.002352
0.003695
0.007055
0.004837
0.002352
0.003494
0.002956
0.003964
0.004434
0.002755
0.002083
0.002553
0.008264
0.004300
0.004569
0.002217
0.001948
0.003426
0.002889
0.001545
0.002486
0.001478
0.002755
0.003561
0.010212
0.002150
0.003292
0.001142
0.002620
0.001612
0.012362
0.001142
0.002553
0.004569
0.002284
0.001612
0.005644
0.006450
0.002620
0.003158
0.005375
0.002083
0.003628
0.008197
0.003897
0.001881
0.006450
0.000806
0.002150
0.003359
0.000806
0.001814
0.001545
0.002150
0.002553
0.008062
0.003561
0.002956
0.001680
0.002620
0.001411
0.002889
0.004770
0.001411
0.003292
0.009137
0.002620
0.001277
0.002150
0.001209
0.003426
0.007256
0.004905
0.002217
0.002553
0.001344
0.001545
0.001612
0.010615
0.001612
0.001881
0.002822
0.005039
0.000873
0.005442
0.002083
0.003292
0.002889
0.005375
0.002284
0.002217
0.006383
0.003964
0.004501
0.006248
0.001142
0.003426
0.003494
