0.089089
0.002352
0.001478
0.005308
0.002822
0.002553
0.014445
0.006047
0.000873
0.002419
0.002419
0.002956
0.003023
0.003897
0.003762
0.012765
0.003158
0.002217
0.002150
0.006517
0.001142
0.001277
0.012631
0.007928
0.001545
0.003091
0.003897
0.004233
0.001344
0.001747
0.003023
0.011959
0.003158
0.001747
0.001612
0.004233
0.002620
0.001814
0.008062
0.002284
0.001948
0.003023
0.003359
0.002083
0.005576
0.002083
0.002687
0.002083
0.002687
0.001344
0.002016
0.002956
0.002687
0.002217
0.013303
0.002620
0.002620
0.001814
0.003830
0.002083
0.013101
0.003023
0.002486
0.002486
0.004367
0.003292
0.000941
0.006181
0.001411
0.009540
0.002284
0.009473
0.001545
0.003695
0.003830
0.001881
0.001411
0.003158
0.002150
0.009205
0.001612
0.003359
0.001142
0.004905
0.002150
0.011690
0.002016
0.004636
0.001344
0.004098
0.001411
0.004770
0.001747
0.003830
0.001747
0.014311
0.002284
0.003426
0.001612
0.002956
0.003225
0.013437
0.004636
0.005106
0.002284
0.002687
0.002150
0.002016
0.013101
0.003830
0.002889
0.003091
0.002352
0.003091
0.001747
0.005644
0.002956
0.007055
0.001142
0.001881
0.001209
0.003762
0.004770
0.002620
0.008801
0.002755
0.002016
0.002150
0.000806
0.002284
0.001478
0.005375
0.001478
0.003426
0.008734
0.002956
0.001948
0.001814
0.002486
0.003897
0.003695
0.003091
0.001881
0.010481
0.001814
0.003762
0.002352
0.008062
0.001747
0.002822
0.006383
0.003494
0.002553
0.004166
0.006920
0.004703
0.002755
0.001612
0.001209
0.007794
0.004905
0.002755
0.001209
0.002016
0.000941
0.003225
0.004905
0.001948
0.001277
0.001814
0.006316
0.003292
0.003494
0.002016
0.000806
0.003897
0.002352
0.002822
0.000873
0.001344
0.001478
0.003897
0.006651
0.002284
0.002486
0.002822
0.002150
0.002956
0.007928
0.001545
0.001142
0.005241
0.001545
0.001814
0.001680
0.005980
0.001142
0.004636
0.002687
0.004300
0.002150
0.006383
0.001478
0.002150
0.002755
0.002889
0.001075
0.007256
0.001411
0.003695
0.001612
0.004434
0.001881
0.006853
0.003359
0.002687
0.001948
0.003292
0.001478
0.004166
0.004905
0.003158
0.001411
0.009540
0.001948
0.001881
0.001277
0.002553
0.001747
0.006853
0.005644
0.002889
0.002016
0.002687
0.001075
0.002352
0.008130
0.003225
0.001814
0.005980
0.004434
0.002755
0.002150
0.002419
0.001075
0.003830
0.002419
0.001209
0.001277
0.007055
0.002083
0.003023
0.004569
0.001814
0.002217
0.003561
