0.100847
0.002352
0.002083
0.003091
0.002956
0.003225
0.006047
0.003426
0.002687
0.002755
0.003091
0.002553
0.003023
0.002352
0.002083
0.008734
0.004166
0.003225
0.001075
0.003695
0.002217
0.002822
0.006047
0.004166
0.003695
0.004905
0.002553
0.002486
0.003561
0.003091
0.002419
0.006181
0.003964
0.003830
0.002150
0.004569
0.003762
0.003091
0.003628
0.002352
0.003023
0.004233
0.004569
0.004434
0.006316
0.003023
0.002889
0.002687
0.003091
0.001612
0.001411
0.002889
0.005039
0.003225
0.009876
0.002553
0.003225
0.001948
0.002486
0.001008
0.011422
0.003695
0.003158
0.002620
0.005576
0.002755
0.002889
0.004703
0.002620
0.004300
0.001612
0.003494
0.003426
0.003762
0.004905
0.003359
0.003359
0.002486
0.002016
0.007592
0.002687
0.002956
0.001277
0.004166
0.003897
0.011220
0.002889
0.003897
0.002620
0.003897
0.001814
0.002217
0.003292
0.004770
0.002553
0.010548
0.003225
0.001948
0.002352
0.003426
0.004636
0.007659
0.001612
0.002620
0.003091
0.002889
0.002419
0.002553
0.008869
0.003695
0.002284
0.002822
0.004098
0.002956
0.002083
0.005375
0.003091
0.005576
0.002083
0.002352
0.003359
0.003292
0.003695
0.003359
0.006316
0.004905
0.002150
0.002889
0.002822
0.001814
0.002486
0.003762
0.003158
0.004636
0.004501
0.003695
0.002352
0.002016
0.001680
0.003628
0.005106
0.002217
0.001747
0.007323
0.002889
0.003762
0.001747
0.005509
0.002755
0.002419
0.004031
0.002083
0.003091
0.002553
0.003762
0.001881
0.002822
0.003695
0.001747
0.005980
0.006786
0.004837
0.002083
0.002822
0.002620
0.002553
0.003964
0.002755
0.002419
0.003628
0.007592
0.003225
0.006114
0.002352
0.001680
0.003426
0.002352
0.001747
0.001747
0.001881
0.003158
0.004636
0.008465
0.003628
0.002687
0.002284
0.001814
0.001814
0.005241
0.003561
0.003091
0.005509
0.003494
0.002620
0.003762
0.006047
0.003225
0.005039
0.002956
0.002822
0.003225
0.007189
0.002755
0.002822
0.003695
0.002419
0.002016
0.007525
0.002284
0.001545
0.001612
0.002217
0.002956
0.007122
0.004770
0.003023
0.002150
0.003091
0.001411
0.001814
0.005375
0.003359
0.001948
0.007659
0.003830
0.002419
0.002486
0.002150
0.003225
0.006316
0.004166
0.001881
0.002889
0.002016
0.001478
0.003091
0.006316
0.002352
0.001747
0.005173
0.004703
0.002352
0.002016
0.002284
0.002822
0.005241
0.004166
0.003628
0.002956
0.005845
0.001948
0.002755
0.004905
0.003023
0.002620
0.004501
