0.104206
0.001008
0.004501
0.004031
0.002419
0.003830
0.010683
0.004166
0.001612
0.002352
0.004905
0.002620
0.002486
0.002687
0.003964
0.013840
0.002822
0.001209
0.002755
0.004501
0.001948
0.001881
0.009876
0.005711
0.000806
0.004098
0.004703
0.001680
0.002016
0.001680
0.005711
0.009070
0.004166
0.001142
0.001680
0.003292
0.005644
0.001545
0.009540
0.000806
0.001814
0.003091
0.005442
0.001008
0.008264
0.002217
0.006114
0.001344
0.002352
0.001209
0.001344
0.002150
0.003830
0.003964
0.011086
0.003426
0.001680
0.001747
0.003897
0.001209
0.013303
0.001680
0.004166
0.002956
0.004031
0.001209
0.001545
0.004569
0.002284
0.013303
0.001411
0.004837
0.000806
0.006584
0.003561
0.002419
0.002217
0.005711
0.002217
0.010683
0.002016
0.002822
0.001142
0.004098
0.001948
0.012228
0.002486
0.003964
0.001344
0.005778
0.002016
0.002755
0.002083
0.005173
0.003225
0.013303
0.002956
0.003359
0.000806
0.002016
0.003225
0.014983
0.002889
0.001881
0.001612
0.004569
0.002217
0.000941
0.011086
0.004905
0.002419
0.002956
0.003494
0.001411
0.000941
0.004031
0.004703
0.009406
0.001277
0.002284
0.001948
0.004031
0.003023
0.001948
0.009003
0.007055
0.001478
0.001478
0.001747
0.000873
0.005576
0.004501
0.001814
0.004905
0.008264
0.002284
0.001142
0.001277
0.004434
0.004569
0.002486
0.001545
0.001814
0.006181
0.001344
0.002486
0.002620
0.006383
0.001209
0.002083
0.008264
0.002217
0.001411
0.001411
0.007055
0.002352
0.003091
0.001747
0.002553
0.006987
0.006114
0.001545
0.003426
0.001209
0.002889
0.002620
0.006584
0.001344
0.001344
0.003023
0.007928
0.002083
0.003897
0.002016
0.002150
0.001277
0.002889
0.001545
0.002553
0.000941
0.001612
0.003561
0.005576
0.001411
0.001814
0.001411
0.002620
0.001344
0.007189
0.001277
0.002620
0.004636
0.001881
0.001881
0.000941
0.006517
0.001612
0.009742
0.003023
0.003225
0.001814
0.007458
0.001612
0.002486
0.002822
0.002687
0.001344
0.005442
0.000941
0.002889
0.001142
0.003695
0.001948
0.007525
0.004569
0.001948
0.001277
0.003695
0.001411
0.004501
0.003695
0.003225
0.001142
0.006383
0.003494
0.003762
0.000941
0.001008
0.001680
0.008331
0.003897
0.001411
0.000537
0.003494
0.001142
0.001411
0.005106
0.001814
0.001478
0.003830
0.006584
0.002217
0.001881
0.003762
0.001612
0.007189
0.002284
0.001948
0.001612
0.007390
0.001411
0.002553
0.005106
0.003158
0.001344
0.002083
