0.071688
0.001277
0.001680
0.003225
0.002889
0.004098
0.011220
0.003897
0.000672
0.001612
0.002956
0.002956
0.002889
0.002822
0.004031
0.014042
0.004300
0.002352
0.001344
0.006047
0.001881
0.001344
0.006181
0.003023
0.001612
0.006517
0.003628
0.001948
0.000941
0.001545
0.004166
0.006786
0.004569
0.000873
0.001209
0.002687
0.008667
0.001478
0.009137
0.001411
0.001747
0.003225
0.003292
0.000873
0.011959
0.002217
0.004233
0.001209
0.004098
0.000470
0.002217
0.001747
0.004972
0.002284
0.009205
0.002620
0.002016
0.002083
0.003426
0.001814
0.010884
0.002486
0.003091
0.002822
0.003762
0.001478
0.000806
0.003225
0.001881
0.018275
0.001747
0.005241
0.001142
0.004166
0.003830
0.003091
0.001478
0.011287
0.001814
0.011690
0.001545
0.003292
0.000873
0.003225
0.002352
0.011153
0.003292
0.002956
0.000605
0.007122
0.002016
0.003628
0.002419
0.005509
0.002822
0.011287
0.004434
0.001814
0.000537
0.001478
0.006047
0.015990
0.002150
0.002486
0.002352
0.004972
0.001209
0.000806
0.015520
0.007189
0.001612
0.001948
0.006651
0.002083
0.001881
0.004098
0.008197
0.008331
0.001881
0.000941
0.002150
0.006920
0.004636
0.002687
0.012564
0.005711
0.001344
0.002150
0.001008
0.001680
0.001344
0.003494
0.002150
0.005845
0.006853
0.002822
0.001209
0.001545
0.003561
0.002016
0.005106
0.003628
0.001680
0.008264
0.001545
0.003292
0.001411
0.006786
0.001545
0.003225
0.004434
0.002419
0.002217
0.004972
0.005711
0.001612
0.001612
0.002083
0.001277
0.002419
0.005576
0.002486
0.001411
0.001814
0.003023
0.002822
0.005576
0.001545
0.002150
0.001075
0.007525
0.001478
0.007122
0.001277
0.001680
0.001881
0.002352
0.001142
0.001948
0.000605
0.002687
0.003359
0.006383
0.001612
0.002620
0.000873
0.002822
0.000873
0.006920
0.001344
0.001478
0.003561
0.001747
0.001948
0.001747
0.005308
0.002150
0.011153
0.002016
0.004636
0.001747
0.006651
0.002419
0.002150
0.002217
0.007323
0.000873
0.006584
0.000941
0.003964
0.001277
0.003494
0.001948
0.006987
0.004569
0.002553
0.001344
0.005106
0.001142
0.004434
0.003830
0.002284
0.001277
0.005173
0.004031
0.002822
0.001277
0.000873
0.004031
0.010145
0.004501
0.002687
0.003023
0.003091
0.001344
0.001277
0.009137
0.003494
0.001478
0.004434
0.006114
0.002889
0.002486
0.002217
0.004905
0.006181
0.002419
0.002083
0.005308
0.007458
0.002352
0.002620
0.008869
0.002083
0.000873
0.002352
