0.109648
0.000403
0.002553
0.003897
0.004501
0.002352
0.010615
0.005576
0.001545
0.001814
0.004703
0.003225
0.003426
0.003023
0.004434
0.011758
0.004367
0.002755
0.002217
0.006651
0.001881
0.002486
0.007592
0.004569
0.003494
0.004636
0.007390
0.002016
0.002284
0.002083
0.003225
0.007055
0.005039
0.001075
0.001612
0.002822
0.007458
0.001209
0.007794
0.001344
0.002620
0.003091
0.006248
0.001881
0.009003
0.001344
0.005912
0.001411
0.003426
0.001680
0.002083
0.003225
0.002889
0.001612
0.010951
0.002217
0.003695
0.002553
0.004972
0.001545
0.010212
0.001747
0.003359
0.002755
0.003628
0.000941
0.000739
0.003225
0.002687
0.007189
0.001478
0.006853
0.001545
0.003023
0.004703
0.001814
0.001478
0.004098
0.002419
0.007256
0.001881
0.001680
0.000806
0.005576
0.001747
0.007189
0.002419
0.004367
0.001881
0.003762
0.003762
0.003023
0.002150
0.002486
0.001948
0.008801
0.004233
0.002083
0.000806
0.001680
0.005576
0.011489
0.002486
0.003762
0.002150
0.003158
0.003023
0.001075
0.011354
0.004569
0.004434
0.003964
0.007390
0.001545
0.001344
0.005576
0.003695
0.007122
0.002016
0.002352
0.004031
0.005778
0.005375
0.002486
0.006719
0.004367
0.002016
0.001881
0.001008
0.000672
0.003494
0.004031
0.002755
0.006450
0.009070
0.002352
0.001277
0.000806
0.004434
0.003292
0.004434
0.001948
0.002419
0.007928
0.003359
0.001948
0.003091
0.009876
0.001277
0.002620
0.006248
0.002956
0.003494
0.001680
0.005509
0.002822
0.003225
0.001411
0.001277
0.005912
0.007525
0.002284
0.002284
0.001814
0.004569
0.002620
0.006383
0.001612
0.001545
0.001747
0.007995
0.001344
0.005576
0.001612
0.001881
0.002217
0.003628
0.001478
0.002620
0.001142
0.001881
0.002956
0.007928
0.001411
0.004031
0.001142
0.000941
0.001075
0.005644
0.001277
0.001948
0.004166
0.001411
0.001277
0.002352
0.006114
0.002620
0.004703
0.003494
0.002687
0.001344
0.004905
0.001948
0.002486
0.002083
0.001008
0.002083
0.005644
0.001142
0.001545
0.002217
0.003426
0.000873
0.005241
0.004300
0.002016
0.001612
0.001881
0.001478
0.003561
0.003762
0.000537
0.001478
0.005509
0.004233
0.001344
0.001478
0.001411
0.003023
0.009339
0.005644
0.002553
0.002822
0.001747
0.001612
0.001142
0.007659
0.002083
0.002150
0.006248
0.008936
0.002419
0.002956
0.002620
0.002150
0.004770
0.004233
0.001411
0.003830
0.005576
0.002486
0.003762
0.005039
0.001612
0.001680
0.002889
