0.096009
0.000806
0.003628
0.004166
0.003091
0.003494
0.012967
0.002352
0.000941
0.002284
0.009339
0.002822
0.003158
0.002419
0.004972
0.012833
0.003695
0.001411
0.002687
0.005375
0.002755
0.001478
0.013975
0.006383
0.001075
0.004233
0.006248
0.002419
0.001881
0.001478
0.008130
0.011825
0.004166
0.001075
0.002352
0.004166
0.003897
0.001075
0.008667
0.001545
0.000605
0.003426
0.005173
0.001344
0.006248
0.001344
0.006450
0.001612
0.002687
0.000941
0.001881
0.002083
0.003830
0.002889
0.011825
0.002889
0.001142
0.002016
0.004837
0.001680
0.012295
0.002553
0.004098
0.003359
0.003426
0.001411
0.001747
0.004434
0.001344
0.010750
0.002217
0.004367
0.001075
0.005576
0.004636
0.002217
0.001478
0.003762
0.002016
0.008533
0.002016
0.002553
0.001277
0.003695
0.003158
0.012497
0.003292
0.003897
0.000873
0.005308
0.001612
0.001612
0.001814
0.003023
0.002083
0.011422
0.003830
0.002889
0.001411
0.001881
0.002755
0.012900
0.002822
0.002755
0.001075
0.004770
0.001747
0.001411
0.007592
0.006047
0.002822
0.002284
0.004031
0.002352
0.001344
0.004501
0.004837
0.011422
0.001881
0.002150
0.001008
0.005644
0.003628
0.001209
0.007995
0.004905
0.002687
0.001680
0.001008
0.001545
0.003695
0.003830
0.001680
0.005106
0.008600
0.002755
0.000672
0.001142
0.005106
0.003091
0.003359
0.001277
0.003225
0.005711
0.001142
0.002620
0.004233
0.009473
0.001209
0.001612
0.010750
0.003091
0.001277
0.001545
0.008264
0.002687
0.002889
0.002284
0.003762
0.008197
0.006248
0.002016
0.001209
0.001680
0.001747
0.002150
0.007525
0.001545
0.000941
0.002755
0.007055
0.002419
0.003494
0.001680
0.002822
0.002553
0.002486
0.001277
0.002352
0.001277
0.001277
0.003561
0.007525
0.001277
0.000470
0.000873
0.002486
0.001142
0.006853
0.001209
0.002486
0.004367
0.001277
0.001948
0.001209
0.007122
0.001612
0.009944
0.003359
0.002419
0.001545
0.007726
0.001747
0.003023
0.002956
0.001948
0.001814
0.004569
0.001008
0.001478
0.000941
0.005912
0.001814
0.006114
0.004569
0.001814
0.001008
0.003830
0.001545
0.003225
0.004837
0.002687
0.001277
0.006517
0.004166
0.003359
0.001008
0.001545
0.000941
0.009137
0.004837
0.002150
0.001209
0.002419
0.002083
0.001881
0.005375
0.001680
0.001277
0.003897
0.008734
0.001747
0.002150
0.002284
0.001478
0.006920
0.001881
0.001747
0.001545
0.006651
0.002016
0.001948
0.005644
0.002284
0.001411
0.002352
