0.071217
0.000739
0.001747
0.004703
0.001881
0.002016
0.010548
0.004569
0.001612
0.002083
0.003830
0.002486
0.002284
0.002755
0.003964
0.015050
0.005576
0.001209
0.001277
0.006181
0.002016
0.000873
0.007525
0.005106
0.001948
0.004972
0.003628
0.001612
0.002083
0.001948
0.004166
0.005241
0.004501
0.001008
0.001478
0.003628
0.004636
0.001814
0.009809
0.002217
0.002419
0.004501
0.004972
0.000806
0.011825
0.001948
0.004569
0.003091
0.005375
0.001277
0.002889
0.002083
0.004636
0.003091
0.013101
0.002352
0.002687
0.001948
0.003695
0.001277
0.013236
0.004031
0.003897
0.001814
0.003359
0.001478
0.001747
0.005442
0.001814
0.009272
0.001814
0.006786
0.001209
0.004703
0.004837
0.003426
0.002016
0.004166
0.001747
0.012833
0.001747
0.001612
0.001142
0.005509
0.001881
0.011354
0.003091
0.005173
0.001075
0.003897
0.001075
0.003830
0.002620
0.004636
0.002889
0.011892
0.004098
0.001948
0.001209
0.002822
0.005173
0.014445
0.002889
0.003359
0.002419
0.005980
0.002083
0.001344
0.017670
0.005375
0.002150
0.002553
0.005375
0.001948
0.000873
0.004770
0.005980
0.008465
0.001814
0.002553
0.001277
0.003225
0.004300
0.001411
0.012833
0.006181
0.001545
0.002284
0.000941
0.002150
0.001411
0.004972
0.001478
0.005980
0.007390
0.001612
0.001545
0.001209
0.002755
0.003158
0.004703
0.001612
0.001747
0.009406
0.002016
0.001881
0.001478
0.007592
0.001478
0.002352
0.004031
0.002486
0.002284
0.002352
0.005845
0.002687
0.002486
0.000873
0.002620
0.004434
0.006316
0.002150
0.001814
0.001545
0.003830
0.001612
0.006248
0.001277
0.002284
0.003292
0.008465
0.001948
0.008331
0.001142
0.002217
0.002419
0.002687
0.001747
0.001747
0.000873
0.002755
0.004770
0.006383
0.001478
0.002620
0.001142
0.003292
0.001142
0.008197
0.001612
0.003158
0.003830
0.001411
0.002150
0.001948
0.006517
0.001142
0.005308
0.002419
0.003830
0.001747
0.008062
0.001680
0.002217
0.001747
0.001545
0.001209
0.010414
0.001008
0.002016
0.001612
0.005576
0.001411
0.006047
0.005173
0.003628
0.000873
0.003158
0.000941
0.003494
0.003225
0.002150
0.001545
0.008734
0.004905
0.002486
0.001411
0.001747
0.002419
0.007256
0.004434
0.002553
0.002889
0.004031
0.000537
0.001814
0.010884
0.002284
0.001142
0.005912
0.006987
0.002352
0.001209
0.002553
0.003158
0.004367
0.001948
0.001948
0.001612
0.005644
0.001209
0.002217
0.007726
0.002620
0.001545
0.003091
