0.073300
0.001277
0.004031
0.004569
0.003561
0.001881
0.015990
0.004636
0.001142
0.002083
0.003762
0.004031
0.003091
0.003695
0.004300
0.014378
0.002889
0.002620
0.001680
0.004300
0.001277
0.001545
0.010750
0.008264
0.001747
0.002486
0.004972
0.002284
0.000739
0.001478
0.007928
0.013370
0.002687
0.002217
0.002083
0.003225
0.005173
0.001814
0.008936
0.001545
0.001814
0.002620
0.006853
0.002956
0.007323
0.002016
0.003426
0.001881
0.002553
0.001344
0.003225
0.002016
0.003225
0.002016
0.014579
0.004367
0.003158
0.001277
0.004098
0.000739
0.013908
0.002352
0.005442
0.004031
0.002822
0.001747
0.002620
0.004636
0.001209
0.008264
0.001814
0.004636
0.001747
0.002755
0.004905
0.003359
0.002016
0.005106
0.001344
0.008533
0.001478
0.001478
0.001075
0.002956
0.001545
0.015923
0.003762
0.007861
0.001075
0.002217
0.001747
0.002889
0.001680
0.004367
0.004166
0.019887
0.002284
0.001612
0.001209
0.001881
0.003158
0.015318
0.002083
0.002419
0.001881
0.001948
0.002016
0.001411
0.014983
0.004837
0.002217
0.002822
0.002889
0.001747
0.001680
0.003561
0.003897
0.005106
0.002083
0.002553
0.002620
0.002956
0.003494
0.002284
0.006248
0.005980
0.001948
0.002217
0.000537
0.001411
0.006517
0.005509
0.001814
0.003897
0.008734
0.003091
0.001075
0.000941
0.005442
0.004434
0.003158
0.002016
0.001881
0.008062
0.002217
0.002889
0.001545
0.005778
0.001747
0.002620
0.007458
0.004501
0.003494
0.002419
0.006383
0.002755
0.002352
0.001948
0.002822
0.009608
0.005308
0.003091
0.004031
0.002620
0.003426
0.002956
0.005106
0.002150
0.000941
0.001142
0.010481
0.004233
0.004098
0.001545
0.001478
0.003762
0.002755
0.001075
0.002956
0.000739
0.001612
0.003359
0.010548
0.002822
0.002419
0.000537
0.002889
0.001545
0.006114
0.001680
0.001747
0.004905
0.001747
0.001814
0.004233
0.006047
0.002083
0.004905
0.003091
0.002553
0.002822
0.005241
0.002016
0.002755
0.002755
0.001948
0.001948
0.005308
0.001008
0.001814
0.001075
0.002284
0.000873
0.007726
0.004501
0.003494
0.001209
0.002284
0.001075
0.002755
0.002486
0.002620
0.001814
0.012026
0.002284
0.002217
0.002284
0.001075
0.002284
0.009003
0.004098
0.001612
0.001142
0.000873
0.001142
0.002016
0.008197
0.002419
0.001008
0.003225
0.005778
0.001478
0.003359
0.001881
0.002889
0.004233
0.003023
0.002150
0.001344
0.005509
0.002217
0.002419
0.003158
0.003091
0.001545
0.003695
