0.054085
0.002284
0.003897
0.003023
0.003225
0.002083
0.014579
0.003964
0.002486
0.002352
0.002419
0.003359
0.001881
0.001948
0.003964
0.013706
0.004031
0.003426
0.002150
0.003628
0.002687
0.002486
0.008801
0.002217
0.003695
0.004569
0.003762
0.001814
0.003426
0.002217
0.003897
0.006853
0.003762
0.003225
0.003091
0.003762
0.002822
0.002284
0.009205
0.002687
0.002687
0.003695
0.004703
0.003225
0.006114
0.003091
0.003628
0.003225
0.002083
0.002083
0.004501
0.002687
0.005039
0.001948
0.017267
0.002553
0.004569
0.002486
0.001948
0.002620
0.013101
0.001612
0.003830
0.002486
0.005241
0.002217
0.004636
0.003158
0.003225
0.005241
0.003695
0.002755
0.004300
0.002620
0.004703
0.001881
0.002956
0.001814
0.003628
0.008264
0.002352
0.002150
0.002620
0.001881
0.002083
0.012094
0.004098
0.003292
0.001747
0.002419
0.002687
0.003964
0.002620
0.001680
0.002352
0.012698
0.001881
0.002553
0.002486
0.003023
0.003897
0.011422
0.002956
0.003494
0.003158
0.001948
0.002956
0.001612
0.012295
0.002553
0.003762
0.003023
0.003494
0.001344
0.003426
0.003359
0.002352
0.005173
0.004501
0.003091
0.002352
0.003091
0.004166
0.003426
0.006450
0.001209
0.003628
0.002553
0.001680
0.002284
0.002822
0.003091
0.002083
0.003830
0.008801
0.001881
0.002687
0.001277
0.002620
0.002822
0.003830
0.001545
0.002956
0.009003
0.002956
0.004501
0.001814
0.004972
0.004031
0.004905
0.005241
0.001814
0.005039
0.003292
0.004972
0.002083
0.005442
0.002486
0.003225
0.004905
0.004703
0.004837
0.001747
0.003091
0.001612
0.005845
0.004837
0.003091
0.001411
0.002150
0.006920
0.004770
0.004300
0.002755
0.003091
0.005509
0.001881
0.002419
0.002486
0.001478
0.002419
0.004569
0.010750
0.002419
0.002755
0.001881
0.002150
0.003292
0.009540
0.002150
0.003292
0.003964
0.002687
0.000806
0.005173
0.004770
0.002486
0.003494
0.005442
0.001612
0.005173
0.006248
0.004434
0.002150
0.004367
0.001344
0.004770
0.004569
0.001881
0.002553
0.002755
0.002284
0.001814
0.007995
0.005778
0.002083
0.002284
0.001747
0.002419
0.001948
0.005576
0.000739
0.002755
0.008801
0.002083
0.001545
0.002352
0.001948
0.001881
0.007525
0.004031
0.002486
0.002486
0.001344
0.002083
0.003091
0.006786
0.001075
0.002150
0.004300
0.004703
0.001209
0.005106
0.002284
0.001344
0.003830
0.005375
0.002755
0.001948
0.005845
0.003830
0.003964
0.005106
0.000806
0.003964
0.006181
