0.089895
0.001344
0.003023
0.002083
0.003359
0.002755
0.014714
0.002822
0.002150
0.002083
0.002419
0.002486
0.003023
0.002217
0.004434
0.012765
0.005241
0.003426
0.001411
0.003091
0.003359
0.001680
0.006651
0.002419
0.003762
0.005241
0.003091
0.002217
0.002553
0.001881
0.003091
0.006248
0.003426
0.002956
0.001948
0.003426
0.005509
0.002419
0.008062
0.002284
0.001747
0.004300
0.003023
0.003158
0.008062
0.002150
0.003292
0.001814
0.002284
0.002150
0.003225
0.001814
0.005509
0.002217
0.014848
0.002352
0.003292
0.002083
0.001814
0.002016
0.012161
0.001814
0.004569
0.002755
0.004300
0.002284
0.003628
0.003023
0.003695
0.007659
0.001680
0.002486
0.003964
0.002083
0.005308
0.001545
0.003158
0.002419
0.002016
0.004905
0.002419
0.002956
0.001814
0.002553
0.004166
0.011153
0.001881
0.003292
0.002284
0.002822
0.001948
0.002217
0.002755
0.002956
0.002687
0.010279
0.002016
0.003292
0.001948
0.002016
0.007055
0.015722
0.002687
0.002822
0.003158
0.001881
0.002217
0.001814
0.013101
0.003561
0.003359
0.002150
0.003426
0.001277
0.004367
0.004166
0.003964
0.006584
0.003225
0.001680
0.002687
0.003359
0.005173
0.003091
0.006786
0.001814
0.003091
0.001478
0.001612
0.001680
0.001680
0.003897
0.002822
0.005778
0.009473
0.001142
0.002352
0.001478
0.001209
0.003023
0.004770
0.002352
0.002284
0.007323
0.002755
0.005039
0.001545
0.007592
0.003426
0.004837
0.004837
0.001008
0.005375
0.003225
0.004770
0.001545
0.005173
0.002016
0.001612
0.004837
0.003494
0.004501
0.001478
0.003091
0.003023
0.006248
0.003964
0.001814
0.001747
0.002956
0.005711
0.005173
0.005845
0.003225
0.001075
0.004501
0.001948
0.003091
0.002352
0.001277
0.003359
0.003225
0.009339
0.001545
0.003494
0.001612
0.001881
0.001747
0.010145
0.001411
0.002486
0.004300
0.003359
0.000739
0.003695
0.006181
0.003494
0.004166
0.005375
0.001142
0.004569
0.004837
0.002284
0.001478
0.004367
0.000470
0.002352
0.003561
0.002016
0.002352
0.002016
0.001411
0.002419
0.007659
0.004098
0.001747
0.003091
0.001612
0.001142
0.002150
0.005711
0.001277
0.002419
0.007525
0.003426
0.002016
0.002016
0.000739
0.003426
0.010078
0.005241
0.001142
0.001747
0.001142
0.001344
0.002016
0.007928
0.002083
0.002083
0.004300
0.006316
0.001411
0.004636
0.002352
0.002016
0.003964
0.006181
0.001747
0.001948
0.005106
0.004031
0.004367
0.004972
0.001612
0.003762
0.003897
