0.068396
0.001948
0.003426
0.003225
0.004569
0.001344
0.011959
0.002553
0.002150
0.002352
0.002687
0.003158
0.002352
0.002755
0.003091
0.012094
0.003830
0.002217
0.002150
0.003426
0.003091
0.001344
0.010212
0.004770
0.003426
0.002284
0.004031
0.001881
0.003359
0.001747
0.005173
0.011556
0.004166
0.003695
0.003359
0.004434
0.005241
0.001478
0.006114
0.002755
0.001881
0.004233
0.004031
0.003091
0.006786
0.002352
0.004098
0.001948
0.002687
0.001612
0.002755
0.001747
0.003158
0.001747
0.014983
0.003830
0.003158
0.002083
0.002284
0.002284
0.014781
0.002217
0.004569
0.003023
0.003292
0.001747
0.003897
0.004166
0.003292
0.005980
0.002016
0.003964
0.004031
0.003897
0.004434
0.001814
0.002083
0.003225
0.002217
0.005576
0.002687
0.002352
0.001881
0.001277
0.003225
0.015990
0.005241
0.004300
0.001881
0.002016
0.002553
0.001612
0.002486
0.002687
0.005375
0.015318
0.001948
0.002419
0.002352
0.002419
0.003292
0.010279
0.001680
0.002419
0.002822
0.001747
0.002553
0.002016
0.013572
0.003494
0.003158
0.001411
0.004098
0.001478
0.003292
0.002083
0.004166
0.006450
0.003091
0.003225
0.002083
0.004703
0.003628
0.002553
0.006920
0.002284
0.002822
0.002553
0.002150
0.001747
0.003359
0.004166
0.003762
0.003359
0.007659
0.002553
0.001612
0.001411
0.003628
0.002687
0.004434
0.001814
0.002755
0.006987
0.002755
0.003158
0.001881
0.005442
0.003964
0.004569
0.005241
0.002956
0.003762
0.001277
0.006114
0.002284
0.005106
0.002284
0.002687
0.005509
0.004837
0.004972
0.003091
0.003628
0.002486
0.004300
0.003628
0.003091
0.001142
0.002352
0.007995
0.005173
0.005442
0.003158
0.001948
0.004569
0.002284
0.002016
0.002016
0.001680
0.001612
0.005106
0.010347
0.002889
0.001881
0.000941
0.002553
0.001948
0.009809
0.001545
0.003494
0.004300
0.002620
0.001881
0.004972
0.007323
0.003091
0.002687
0.004569
0.001612
0.004770
0.008801
0.002755
0.001881
0.005509
0.001814
0.003292
0.003359
0.001680
0.000873
0.001277
0.001612
0.002284
0.007861
0.005442
0.001948
0.002755
0.002150
0.001680
0.002016
0.005241
0.001478
0.002687
0.008465
0.001545
0.002553
0.003158
0.001680
0.002352
0.008062
0.003628
0.001142
0.002016
0.002083
0.001008
0.001478
0.009272
0.001612
0.002150
0.004098
0.005912
0.001612
0.004166
0.001612
0.001277
0.003561
0.004837
0.002620
0.002217
0.006047
0.002284
0.003897
0.005576
0.001612
0.002352
0.004233
