0.093590
0.001411
0.002822
0.005711
0.002822
0.003158
0.010683
0.002822
0.001680
0.003292
0.004569
0.002284
0.002956
0.003158
0.002956
0.011220
0.004434
0.002016
0.003023
0.006450
0.002486
0.001948
0.008197
0.004501
0.001747
0.005106
0.003762
0.001814
0.001881
0.001545
0.004770
0.006786
0.003359
0.002284
0.002284
0.004434
0.002822
0.001747
0.004569
0.001680
0.002016
0.004300
0.004569
0.002889
0.006181
0.002687
0.003091
0.002284
0.002419
0.002217
0.003023
0.003359
0.003359
0.004166
0.010615
0.003897
0.001814
0.003292
0.003292
0.002419
0.013034
0.003091
0.004636
0.003091
0.003628
0.002284
0.002553
0.006920
0.001814
0.007189
0.001747
0.004837
0.002352
0.005173
0.004434
0.002553
0.001747
0.002889
0.002419
0.007323
0.002217
0.002083
0.001545
0.005106
0.003225
0.007726
0.002553
0.004703
0.001680
0.003561
0.001478
0.002083
0.003762
0.003695
0.003023
0.010884
0.002486
0.002553
0.001411
0.003023
0.003964
0.010011
0.003225
0.004098
0.002755
0.003494
0.002553
0.002755
0.012026
0.002620
0.003158
0.003494
0.003830
0.000873
0.002486
0.006248
0.004434
0.004636
0.001814
0.002419
0.002217
0.004569
0.003964
0.002755
0.008130
0.002217
0.002016
0.002486
0.000941
0.001948
0.002620
0.004233
0.001814
0.005039
0.006987
0.002352
0.001344
0.001814
0.002553
0.002687
0.004636
0.003091
0.003695
0.008869
0.001680
0.002755
0.001948
0.006450
0.001277
0.004098
0.005576
0.002889
0.002217
0.002956
0.005912
0.002822
0.002687
0.002016
0.003561
0.006853
0.004166
0.003292
0.002419
0.002956
0.002284
0.004501
0.005845
0.001680
0.001747
0.002352
0.008600
0.003628
0.004972
0.002755
0.003494
0.004569
0.001277
0.001612
0.001612
0.001612
0.002419
0.005106
0.006786
0.002889
0.001411
0.001680
0.002419
0.001948
0.007458
0.001545
0.002150
0.006248
0.002620
0.002083
0.002016
0.005711
0.002016
0.004636
0.002822
0.003494
0.003628
0.007323
0.002620
0.002755
0.002822
0.002486
0.001680
0.006853
0.001142
0.001680
0.001948
0.003091
0.002083
0.006987
0.004703
0.002755
0.001344
0.002284
0.001075
0.002620
0.004166
0.001881
0.002687
0.008331
0.004031
0.002083
0.001277
0.002217
0.002419
0.007995
0.004703
0.002822
0.002419
0.002687
0.002083
0.001075
0.006651
0.002150
0.001075
0.007122
0.004770
0.001814
0.003359
0.001881
0.002486
0.004837
0.003023
0.002889
0.001411
0.005845
0.002352
0.003964
0.005308
0.001747
0.002284
0.004703
