0.068194
0.001881
0.002352
0.002083
0.001814
0.001612
0.016998
0.003628
0.002620
0.001277
0.002419
0.003292
0.003292
0.001344
0.005576
0.015050
0.004703
0.003897
0.002755
0.004031
0.002889
0.003561
0.010279
0.002352
0.003695
0.004098
0.003561
0.001075
0.002755
0.002486
0.006047
0.005308
0.003023
0.003762
0.002150
0.003964
0.004434
0.001545
0.009742
0.002889
0.002687
0.005106
0.003830
0.003964
0.011354
0.002016
0.004367
0.001680
0.002687
0.001747
0.003359
0.002419
0.005375
0.001948
0.014579
0.001545
0.003897
0.001545
0.002889
0.001747
0.017401
0.001881
0.004501
0.001545
0.004770
0.001075
0.004233
0.003292
0.002620
0.004636
0.002419
0.003628
0.004233
0.004098
0.004233
0.001612
0.002687
0.002217
0.003561
0.006584
0.001881
0.002150
0.002217
0.002083
0.003494
0.010683
0.004098
0.005039
0.001545
0.001277
0.002217
0.002956
0.002016
0.001680
0.004569
0.009608
0.001478
0.001411
0.001881
0.001814
0.005173
0.011153
0.002486
0.003561
0.003292
0.002419
0.001814
0.001411
0.016393
0.001881
0.003091
0.002620
0.003023
0.001478
0.005106
0.004501
0.004098
0.004300
0.002620
0.001881
0.001881
0.002553
0.004233
0.003023
0.009540
0.001411
0.002352
0.002284
0.001142
0.001545
0.002217
0.001948
0.002486
0.003628
0.011086
0.002150
0.001814
0.001478
0.002217
0.001680
0.003628
0.001277
0.002822
0.009003
0.003830
0.004300
0.001814
0.005509
0.003158
0.004837
0.005980
0.000941
0.006853
0.002150
0.006517
0.001008
0.005308
0.002553
0.003023
0.004636
0.005375
0.005039
0.001478
0.002755
0.003023
0.005039
0.005509
0.003292
0.002352
0.003292
0.007189
0.005509
0.006719
0.002486
0.003091
0.005375
0.001680
0.002083
0.002687
0.001277
0.003292
0.004367
0.010884
0.001478
0.002956
0.001478
0.002217
0.002284
0.009137
0.001478
0.002822
0.003158
0.002217
0.000672
0.005106
0.003561
0.003023
0.002687
0.005375
0.001612
0.005375
0.006920
0.003292
0.001612
0.004367
0.001612
0.003023
0.003762
0.001948
0.002284
0.001209
0.001814
0.002217
0.007525
0.004703
0.001478
0.001478
0.001209
0.002083
0.002822
0.003762
0.001277
0.003561
0.006181
0.002822
0.001545
0.002352
0.001075
0.003426
0.007592
0.003695
0.001612
0.002419
0.001142
0.001209
0.001344
0.009137
0.001008
0.002486
0.004367
0.005241
0.001075
0.005912
0.002352
0.002553
0.003762
0.004434
0.001881
0.001478
0.004972
0.004905
0.005106
0.004703
0.001612
0.003762
0.003830
