0.093994
0.001142
0.003426
0.003561
0.003964
0.002419
0.014378
0.003225
0.001277
0.002956
0.003695
0.003561
0.002217
0.003023
0.006651
0.014445
0.003628
0.002217
0.003359
0.003359
0.001545
0.001209
0.012497
0.005106
0.004569
0.003830
0.005711
0.002553
0.001881
0.002687
0.007995
0.011690
0.003225
0.001948
0.003225
0.003292
0.004569
0.001814
0.008869
0.000941
0.001075
0.004098
0.004636
0.001881
0.007055
0.001680
0.006786
0.001814
0.002217
0.001075
0.003494
0.002016
0.004098
0.001881
0.012967
0.001478
0.002620
0.001948
0.004098
0.001277
0.009944
0.001881
0.006450
0.002822
0.002755
0.000873
0.002755
0.002217
0.001948
0.009070
0.002889
0.004770
0.002553
0.003494
0.004569
0.002217
0.001680
0.002352
0.002352
0.009272
0.001478
0.001344
0.001747
0.002822
0.002150
0.012228
0.002553
0.004905
0.001881
0.003225
0.001545
0.003225
0.001948
0.004300
0.002889
0.011422
0.002620
0.001209
0.001612
0.000605
0.004770
0.016058
0.002755
0.002486
0.001948
0.003023
0.001612
0.001075
0.012094
0.002352
0.002620
0.002486
0.003158
0.001680
0.003091
0.002486
0.003561
0.007189
0.002419
0.001680
0.001612
0.005039
0.005039
0.001814
0.007323
0.003561
0.002352
0.001075
0.001411
0.001209
0.004098
0.003426
0.002956
0.005375
0.010279
0.002217
0.001411
0.001344
0.003561
0.003023
0.004031
0.002083
0.003762
0.008667
0.002956
0.003494
0.002687
0.003628
0.002083
0.003762
0.008398
0.003359
0.003426
0.001747
0.006181
0.002553
0.003964
0.001209
0.003494
0.006450
0.004434
0.002419
0.003023
0.001747
0.002822
0.004703
0.006719
0.002284
0.001411
0.001881
0.008130
0.002284
0.004569
0.001478
0.004166
0.002150
0.002016
0.001209
0.003628
0.000806
0.002217
0.003897
0.010548
0.001008
0.001948
0.001344
0.002687
0.001008
0.007592
0.001478
0.003359
0.003158
0.002553
0.000873
0.003964
0.004501
0.002083
0.005509
0.003494
0.001948
0.003158
0.007189
0.002956
0.001948
0.002486
0.000873
0.003091
0.006248
0.001411
0.002284
0.001008
0.001411
0.001277
0.008331
0.004636
0.002419
0.001209
0.002016
0.000739
0.004031
0.003561
0.001411
0.001680
0.007726
0.003225
0.000672
0.001948
0.000537
0.003830
0.010951
0.005106
0.002150
0.002217
0.002150
0.001747
0.001209
0.007726
0.001948
0.003023
0.002419
0.005778
0.001478
0.005039
0.001478
0.002083
0.003762
0.004300
0.001344
0.001411
0.005644
0.002620
0.003426
0.003830
0.001747
0.001948
0.002083
