0.084252
0.001344
0.003225
0.004905
0.001411
0.000806
0.012161
0.005576
0.001008
0.001142
0.004501
0.003426
0.001680
0.001948
0.004972
0.015789
0.002889
0.001948
0.001411
0.004770
0.001612
0.001747
0.008398
0.006114
0.001344
0.003628
0.004300
0.003494
0.001680
0.002150
0.007122
0.013370
0.005241
0.001545
0.002217
0.007189
0.003023
0.000941
0.010145
0.003426
0.001142
0.003292
0.003628
0.002419
0.010951
0.001209
0.004300
0.002284
0.001680
0.001344
0.002620
0.002419
0.003292
0.002083
0.013437
0.003023
0.001478
0.001142
0.004300
0.002419
0.015386
0.001277
0.006853
0.005711
0.008398
0.002016
0.002217
0.007794
0.002083
0.007390
0.001881
0.006853
0.001142
0.003091
0.003426
0.002956
0.001948
0.003225
0.002016
0.010145
0.001277
0.001881
0.001209
0.005509
0.002687
0.010817
0.002419
0.005173
0.001209
0.001814
0.001747
0.004300
0.005241
0.003292
0.003695
0.016058
0.003494
0.001948
0.000537
0.002553
0.002956
0.010347
0.001881
0.003830
0.001612
0.001344
0.001545
0.001478
0.012631
0.002419
0.001881
0.003628
0.002217
0.001209
0.001277
0.004569
0.002687
0.004233
0.001680
0.002553
0.001142
0.002419
0.003762
0.002889
0.007995
0.004434
0.002687
0.002553
0.001344
0.000672
0.002486
0.004905
0.000739
0.003225
0.007122
0.003359
0.001277
0.000873
0.002553
0.003426
0.003292
0.001478
0.003091
0.011287
0.002016
0.002822
0.001344
0.007592
0.001411
0.002755
0.004905
0.004972
0.002755
0.001142
0.005173
0.004233
0.003225
0.001881
0.003695
0.008801
0.005375
0.002083
0.006114
0.005241
0.001277
0.001747
0.006316
0.001881
0.000739
0.001277
0.005845
0.003561
0.005644
0.001612
0.003091
0.004636
0.001142
0.000806
0.001612
0.001881
0.001814
0.003628
0.007861
0.001948
0.001411
0.000806
0.002755
0.002016
0.007726
0.001411
0.004166
0.007390
0.004703
0.002553
0.003091
0.006517
0.001680
0.004098
0.003561
0.004300
0.002553
0.006719
0.002553
0.003695
0.002217
0.002284
0.002284
0.007525
0.001411
0.001344
0.001545
0.003964
0.001680
0.005912
0.003830
0.003762
0.001277
0.000941
0.001344
0.004434
0.009137
0.003225
0.001747
0.009809
0.002889
0.001344
0.001075
0.001411
0.001209
0.005644
0.003494
0.002083
0.001814
0.001075
0.001008
0.001747
0.006584
0.001747
0.001612
0.004837
0.004233
0.000806
0.002083
0.003225
0.001814
0.002755
0.002620
0.002284
0.000336
0.004703
0.001881
0.004300
0.005778
0.002822
0.002687
0.004905
