0.079347
0.000672
0.001277
0.003359
0.001881
0.003359
0.011153
0.005039
0.000470
0.002553
0.004098
0.002889
0.001411
0.003292
0.002217
0.016259
0.003695
0.000739
0.000336
0.003494
0.001277
0.000941
0.004569
0.006383
0.001142
0.005039
0.003628
0.003023
0.000806
0.001478
0.004367
0.008600
0.005173
0.000806
0.001075
0.002016
0.007390
0.001948
0.009339
0.000806
0.001612
0.003561
0.004905
0.001075
0.014243
0.002687
0.003628
0.000873
0.005039
0.000403
0.001209
0.000873
0.004031
0.002016
0.010145
0.001814
0.001411
0.001545
0.003023
0.000605
0.011556
0.002352
0.003561
0.002822
0.003158
0.001411
0.000739
0.004569
0.001344
0.018879
0.002150
0.009675
0.000739
0.005039
0.003628
0.003830
0.000470
0.012026
0.001075
0.022306
0.000941
0.002486
0.000470
0.004770
0.001814
0.010078
0.001814
0.004166
0.000806
0.007525
0.002016
0.006651
0.002284
0.006047
0.002016
0.014848
0.004972
0.001612
0.000470
0.000941
0.005912
0.012698
0.001814
0.002352
0.002889
0.005106
0.001680
0.000739
0.018745
0.006450
0.002150
0.002083
0.006383
0.001008
0.000941
0.003964
0.008869
0.007390
0.001411
0.001478
0.001344
0.005576
0.004031
0.001612
0.014848
0.005845
0.001680
0.000672
0.000537
0.001344
0.001747
0.004636
0.001277
0.004703
0.006786
0.003225
0.001075
0.000941
0.002553
0.002083
0.003695
0.001545
0.000873
0.005644
0.001545
0.001881
0.000134
0.007189
0.001209
0.003494
0.004837
0.004501
0.001814
0.003359
0.003762
0.001948
0.000941
0.000941
0.000537
0.003964
0.006316
0.001478
0.001478
0.001142
0.003494
0.003830
0.005644
0.001008
0.001209
0.001612
0.008667
0.001075
0.008331
0.000873
0.001478
0.000941
0.003023
0.000537
0.001142
0.000269
0.002486
0.003292
0.006719
0.001344
0.003292
0.001008
0.002620
0.000470
0.007189
0.000941
0.001277
0.001814
0.001344
0.001411
0.001747
0.005576
0.001411
0.012228
0.002284
0.007726
0.001814
0.006786
0.002620
0.002822
0.000941
0.004367
0.000739
0.011556
0.000873
0.004233
0.000941
0.005308
0.001209
0.006920
0.003628
0.002755
0.000806
0.006719
0.001142
0.005576
0.003292
0.002284
0.000739
0.006987
0.003158
0.002822
0.000806
0.000806
0.002687
0.010011
0.003426
0.001948
0.002889
0.003023
0.001680
0.000941
0.010212
0.001680
0.000672
0.003494
0.007726
0.002620
0.002016
0.001680
0.004972
0.005980
0.002956
0.001277
0.003158
0.007256
0.003426
0.001881
0.010683
0.002553
0.000806
0.001478
