0.092583
0.001948
0.003292
0.003225
0.003023
0.003158
0.012833
0.002956
0.001747
0.001545
0.005039
0.002755
0.002150
0.002352
0.003695
0.015587
0.002889
0.001277
0.002150
0.004098
0.002419
0.002755
0.011354
0.004098
0.002150
0.003762
0.005509
0.001948
0.002016
0.002419
0.005106
0.009675
0.003359
0.002620
0.003628
0.004098
0.005241
0.001680
0.011623
0.002889
0.001747
0.004636
0.006450
0.002687
0.006450
0.001948
0.005442
0.001142
0.002620
0.001478
0.002687
0.002083
0.003964
0.002755
0.018073
0.002889
0.001814
0.002083
0.004434
0.002419
0.011287
0.002016
0.005241
0.002687
0.003561
0.002284
0.003359
0.005576
0.001411
0.007592
0.002150
0.005106
0.001814
0.002889
0.005375
0.002419
0.001948
0.002687
0.002889
0.007861
0.001814
0.002486
0.001612
0.002822
0.002083
0.010615
0.002956
0.005778
0.001612
0.003359
0.003023
0.002284
0.001344
0.003628
0.003225
0.012967
0.002083
0.001747
0.002553
0.002486
0.004367
0.012833
0.002755
0.002486
0.001142
0.002217
0.003426
0.002284
0.009003
0.003091
0.002889
0.002150
0.002956
0.002016
0.002553
0.003292
0.002755
0.006987
0.001948
0.002553
0.001747
0.004703
0.004501
0.002419
0.005576
0.004569
0.002620
0.002217
0.001478
0.001411
0.003359
0.004367
0.001948
0.003023
0.007323
0.002083
0.001680
0.001814
0.003762
0.003023
0.002687
0.002284
0.003023
0.008331
0.001881
0.002419
0.002687
0.006651
0.002150
0.004233
0.006987
0.002419
0.002419
0.002822
0.005845
0.002889
0.004367
0.002217
0.003359
0.004770
0.005375
0.002150
0.003091
0.002687
0.002889
0.003628
0.006248
0.002553
0.001747
0.002352
0.008062
0.003091
0.003897
0.001344
0.003494
0.003158
0.002016
0.001478
0.003762
0.001612
0.001545
0.004434
0.008600
0.002016
0.001881
0.000873
0.003158
0.002486
0.007189
0.002755
0.003695
0.004166
0.001612
0.001680
0.003897
0.007189
0.002217
0.003897
0.003964
0.002687
0.001814
0.006248
0.003158
0.002486
0.003762
0.001344
0.002956
0.004569
0.001747
0.001478
0.002150
0.002352
0.002217
0.007928
0.006047
0.002822
0.001209
0.002956
0.002419
0.001881
0.003762
0.001881
0.002419
0.007995
0.003091
0.001948
0.001814
0.001881
0.002150
0.006181
0.003561
0.001747
0.001545
0.001881
0.001680
0.001948
0.004905
0.001881
0.002016
0.004098
0.004569
0.002419
0.002620
0.001948
0.001612
0.005173
0.003359
0.002486
0.001142
0.005241
0.002822
0.002486
0.003897
0.002150
0.003158
0.003561
