0.089089
0.003023
0.002016
0.004972
0.002956
0.003091
0.009339
0.003628
0.003023
0.002755
0.002419
0.004166
0.002352
0.003158
0.003628
0.011489
0.004098
0.003762
0.002150
0.006114
0.002419
0.002620
0.004703
0.003561
0.003426
0.004770
0.004501
0.002889
0.002217
0.002486
0.002553
0.006114
0.004031
0.002553
0.002419
0.006450
0.003762
0.001881
0.006047
0.002553
0.002889
0.004770
0.003628
0.002956
0.004098
0.002419
0.004434
0.002150
0.003359
0.002016
0.002217
0.003225
0.003023
0.002352
0.008869
0.002956
0.002553
0.002486
0.002956
0.002620
0.006517
0.002016
0.003628
0.003158
0.004300
0.002822
0.002755
0.004233
0.002889
0.006786
0.001881
0.005039
0.002889
0.004434
0.004166
0.003023
0.002150
0.003426
0.002083
0.006853
0.002284
0.003158
0.002217
0.003158
0.003158
0.009070
0.003292
0.006047
0.001747
0.003292
0.003023
0.004367
0.002352
0.003158
0.002486
0.008465
0.002956
0.003426
0.001142
0.003359
0.003225
0.008264
0.003023
0.004770
0.002620
0.003292
0.001881
0.002352
0.008130
0.003561
0.003091
0.004770
0.004434
0.002889
0.002486
0.006786
0.004098
0.004972
0.002486
0.002956
0.002553
0.005509
0.004905
0.003426
0.004770
0.003628
0.002889
0.002486
0.001545
0.002016
0.001277
0.006047
0.002553
0.006383
0.006853
0.003695
0.002016
0.001612
0.001344
0.002553
0.006047
0.003628
0.002284
0.008264
0.002083
0.002419
0.001545
0.007726
0.002553
0.003695
0.004098
0.002889
0.002956
0.002553
0.005711
0.002687
0.003426
0.002083
0.002620
0.004972
0.004501
0.001948
0.002352
0.003897
0.003023
0.003628
0.003897
0.004166
0.002217
0.001209
0.006181
0.003023
0.004837
0.001478
0.002956
0.004905
0.001814
0.002150
0.002620
0.002553
0.003561
0.005442
0.005980
0.001680
0.002687
0.001612
0.002553
0.002553
0.005375
0.001881
0.002352
0.005375
0.001142
0.001680
0.003426
0.005106
0.002016
0.006853
0.004031
0.003830
0.002956
0.007928
0.002687
0.003158
0.003292
0.002486
0.002889
0.005173
0.001747
0.002083
0.001075
0.003091
0.002150
0.006584
0.005308
0.003359
0.001747
0.002217
0.001478
0.003897
0.004501
0.002352
0.002083
0.006584
0.003225
0.002956
0.001277
0.002486
0.002419
0.005912
0.005375
0.004367
0.002553
0.002553
0.000873
0.001881
0.006047
0.002889
0.003158
0.007525
0.004905
0.002150
0.003158
0.002889
0.003225
0.005644
0.003225
0.002822
0.001209
0.006450
0.002016
0.004569
0.005509
0.002687
0.001612
0.004367
