0.100981
0.002217
0.001948
0.004972
0.001814
0.003897
0.009137
0.005644
0.002553
0.002486
0.002083
0.003494
0.001881
0.004434
0.003292
0.009339
0.004166
0.003628
0.002956
0.004770
0.002419
0.003225
0.006248
0.005980
0.002083
0.005778
0.003964
0.003830
0.002016
0.003494
0.003762
0.007659
0.003292
0.003023
0.002419
0.005241
0.002284
0.002486
0.005375
0.003494
0.001612
0.004031
0.003695
0.003561
0.002620
0.003964
0.003359
0.002822
0.002352
0.003561
0.002889
0.003628
0.001948
0.003830
0.007794
0.003158
0.001545
0.004166
0.002419
0.002553
0.006920
0.003359
0.003897
0.003762
0.004031
0.003225
0.002755
0.005442
0.002016
0.005644
0.002016
0.005173
0.002352
0.004636
0.004501
0.003359
0.002083
0.003897
0.001881
0.005845
0.002352
0.003091
0.002217
0.004367
0.002284
0.009540
0.002755
0.004300
0.001881
0.003561
0.002352
0.003225
0.002486
0.003225
0.002620
0.008398
0.002889
0.002352
0.001747
0.002419
0.002553
0.009406
0.002822
0.002419
0.002217
0.003359
0.001545
0.002419
0.006114
0.004703
0.002352
0.003494
0.003091
0.002486
0.003359
0.005644
0.003023
0.005173
0.002284
0.003426
0.001814
0.005308
0.005106
0.002956
0.005106
0.003762
0.002620
0.003762
0.001612
0.002687
0.001814
0.003628
0.002352
0.004837
0.005576
0.002755
0.001814
0.002419
0.001747
0.002755
0.003494
0.003292
0.002419
0.007122
0.001948
0.003897
0.002284
0.006584
0.002083
0.005106
0.004233
0.004300
0.002352
0.003964
0.006181
0.003359
0.003091
0.003023
0.003225
0.005644
0.004233
0.003225
0.001344
0.003561
0.002217
0.005308
0.004233
0.003359
0.002352
0.002822
0.007122
0.004837
0.003359
0.002620
0.002755
0.004031
0.002083
0.003292
0.002419
0.002553
0.001747
0.004636
0.005173
0.002553
0.002083
0.002553
0.001948
0.002687
0.003158
0.001948
0.002755
0.004770
0.002486
0.002419
0.003091
0.005308
0.003158
0.006517
0.004031
0.002889
0.002083
0.008130
0.002822
0.003426
0.003762
0.004031
0.002687
0.005778
0.001411
0.002553
0.001277
0.002620
0.002083
0.006383
0.005308
0.004300
0.001881
0.003561
0.002284
0.003426
0.004367
0.002083
0.002217
0.006651
0.003292
0.002620
0.001612
0.002352
0.002486
0.006651
0.005106
0.002956
0.001545
0.002217
0.001545
0.002016
0.004636
0.003158
0.002486
0.004837
0.003426
0.003628
0.003292
0.002553
0.002217
0.004367
0.002956
0.003091
0.001277
0.006517
0.003359
0.003426
0.004098
0.002755
0.002822
0.003897
