0.088350
0.002553
0.003695
0.002956
0.002284
0.001948
0.014915
0.004098
0.001344
0.001948
0.003426
0.003225
0.002553
0.002284
0.005644
0.012295
0.004098
0.003023
0.002284
0.003359
0.001881
0.001680
0.007861
0.005106
0.002419
0.004703
0.005711
0.001680
0.001680
0.001545
0.006248
0.006584
0.003158
0.002486
0.002217
0.005509
0.003628
0.001545
0.009608
0.001680
0.001075
0.003762
0.006383
0.002486
0.005980
0.001478
0.006114
0.001478
0.004501
0.001411
0.003292
0.001545
0.002284
0.002486
0.015184
0.003158
0.001747
0.002352
0.003359
0.001478
0.013504
0.001814
0.005644
0.002016
0.003494
0.002217
0.003628
0.004569
0.001411
0.007726
0.002755
0.004233
0.001881
0.003964
0.004031
0.002016
0.001545
0.003023
0.003158
0.007995
0.000941
0.001680
0.001747
0.002553
0.001680
0.014781
0.003292
0.005778
0.001680
0.002553
0.002755
0.002755
0.002822
0.004501
0.004098
0.013370
0.002889
0.001478
0.002083
0.002352
0.003561
0.012564
0.001948
0.003091
0.001881
0.002822
0.002150
0.001344
0.012564
0.003561
0.004031
0.002352
0.003695
0.001277
0.002352
0.002150
0.002687
0.007390
0.001948
0.002217
0.001209
0.003628
0.004972
0.003426
0.006786
0.003762
0.001948
0.002150
0.000806
0.001680
0.003359
0.004031
0.001277
0.005173
0.009272
0.002284
0.001075
0.001209
0.003897
0.004905
0.004300
0.002755
0.003494
0.008264
0.002419
0.003964
0.001814
0.003225
0.001680
0.003695
0.008062
0.002822
0.003494
0.002889
0.005576
0.001075
0.003292
0.002083
0.002553
0.004166
0.005173
0.003225
0.002217
0.003292
0.000739
0.003695
0.005308
0.002150
0.001344
0.001545
0.008465
0.004434
0.004703
0.001948
0.004367
0.003494
0.002419
0.001545
0.003426
0.001344
0.001277
0.004703
0.011354
0.002016
0.002419
0.000941
0.002553
0.001881
0.007256
0.001881
0.003561
0.005644
0.002150
0.001545
0.003695
0.007659
0.001545
0.004166
0.004166
0.001881
0.003158
0.007726
0.002822
0.002284
0.003225
0.002016
0.002352
0.005308
0.000470
0.001209
0.001277
0.002217
0.001948
0.008264
0.005173
0.002553
0.000873
0.002016
0.001411
0.002486
0.003561
0.001680
0.002822
0.009540
0.004501
0.002150
0.002150
0.001008
0.001680
0.009339
0.005039
0.002620
0.001948
0.002620
0.001747
0.001075
0.008264
0.001747
0.002687
0.003091
0.005039
0.001075
0.004703
0.002352
0.001209
0.004166
0.004770
0.002284
0.001008
0.005173
0.002352
0.003897
0.003225
0.002553
0.002553
0.003225
