0.087745
0.000806
0.003964
0.008465
0.001814
0.003964
0.013370
0.004434
0.000873
0.002016
0.003023
0.003426
0.002687
0.001747
0.005106
0.013101
0.002620
0.001411
0.002553
0.006786
0.000941
0.001209
0.008130
0.008667
0.000873
0.004703
0.004501
0.002083
0.000873
0.001747
0.004166
0.015117
0.003897
0.001478
0.002553
0.004905
0.004166
0.001545
0.012228
0.001680
0.002217
0.002755
0.003897
0.001142
0.005711
0.001277
0.007122
0.001545
0.003762
0.001008
0.003426
0.002889
0.003695
0.001881
0.011287
0.003494
0.002083
0.002016
0.003695
0.000941
0.010817
0.002889
0.005778
0.003359
0.002553
0.002284
0.001209
0.007726
0.001545
0.009944
0.000873
0.005375
0.001478
0.005106
0.003158
0.002956
0.001545
0.007458
0.001344
0.011354
0.001478
0.003158
0.000873
0.007256
0.002352
0.011489
0.001545
0.004905
0.000806
0.004905
0.001612
0.002687
0.002956
0.003292
0.001680
0.012497
0.003830
0.002486
0.000672
0.002822
0.002755
0.013236
0.003426
0.002083
0.001881
0.004569
0.001209
0.001209
0.007055
0.004569
0.004300
0.002620
0.003628
0.003158
0.001814
0.003964
0.004300
0.010817
0.000739
0.001948
0.001209
0.007458
0.002822
0.001411
0.008331
0.007525
0.001478
0.002083
0.000605
0.000873
0.003292
0.005778
0.001612
0.003830
0.007055
0.002419
0.000806
0.001075
0.002620
0.004636
0.003091
0.001948
0.002352
0.007928
0.001209
0.001747
0.002352
0.006853
0.000537
0.002956
0.005576
0.004703
0.001478
0.002083
0.006853
0.002687
0.000873
0.001411
0.003628
0.012362
0.005308
0.000806
0.002217
0.002284
0.003091
0.002620
0.007055
0.001142
0.003292
0.000739
0.008398
0.001411
0.003628
0.001612
0.003561
0.002553
0.003897
0.001142
0.003628
0.001277
0.002284
0.003628
0.005106
0.002016
0.002486
0.000672
0.004569
0.001142
0.004703
0.001612
0.001747
0.005644
0.001545
0.001948
0.001478
0.006719
0.000873
0.007726
0.001478
0.003225
0.001142
0.008533
0.001008
0.002755
0.001209
0.003292
0.001209
0.008801
0.000470
0.003494
0.000537
0.002956
0.001344
0.009272
0.003023
0.002822
0.000537
0.003628
0.001008
0.003762
0.003964
0.001612
0.001142
0.010279
0.005308
0.003494
0.001142
0.000873
0.001948
0.007592
0.003762
0.001612
0.001881
0.002419
0.001008
0.001478
0.004300
0.001881
0.001411
0.004233
0.005509
0.002687
0.001881
0.002687
0.001948
0.007794
0.002217
0.001747
0.001478
0.007995
0.002083
0.002083
0.007189
0.004166
0.000806
0.003225
