0.061274
0.001411
0.001747
0.002217
0.001881
0.003091
0.012161
0.005375
0.001478
0.002755
0.003830
0.003023
0.001881
0.003830
0.003628
0.017670
0.003225
0.002620
0.002150
0.004233
0.001680
0.002150
0.007928
0.002553
0.001411
0.003561
0.005106
0.001545
0.001411
0.002620
0.004233
0.008667
0.004434
0.003628
0.001411
0.004434
0.001411
0.002150
0.005644
0.002217
0.001545
0.007122
0.005173
0.003628
0.004501
0.002755
0.002956
0.002486
0.002687
0.002889
0.001948
0.003023
0.003225
0.003158
0.012161
0.003830
0.001411
0.002687
0.003023
0.001747
0.013975
0.003628
0.004434
0.002083
0.004837
0.002284
0.003628
0.004703
0.002083
0.006316
0.002083
0.004972
0.002687
0.006987
0.005375
0.002419
0.001814
0.005912
0.002956
0.011287
0.001277
0.002016
0.001411
0.003359
0.001948
0.013370
0.002486
0.004501
0.001814
0.002956
0.002486
0.002553
0.001142
0.005173
0.002755
0.014176
0.002553
0.003091
0.001545
0.002620
0.001881
0.011287
0.002755
0.004098
0.002889
0.004905
0.002150
0.002284
0.011489
0.005375
0.004233
0.003158
0.003897
0.001344
0.002755
0.003292
0.002620
0.005039
0.002150
0.002217
0.001075
0.004703
0.003225
0.002217
0.006517
0.004770
0.003695
0.002016
0.001344
0.001747
0.002016
0.003225
0.002150
0.004098
0.007861
0.003292
0.001747
0.001075
0.002486
0.002016
0.003695
0.002150
0.002620
0.009944
0.002486
0.003561
0.002553
0.006517
0.001881
0.004233
0.006181
0.001948
0.002889
0.002352
0.006786
0.001008
0.003762
0.003091
0.001948
0.005375
0.008398
0.004098
0.001747
0.002822
0.001075
0.004434
0.004300
0.002620
0.001612
0.002620
0.011153
0.003426
0.002889
0.002284
0.001277
0.004098
0.001881
0.001747
0.001814
0.001411
0.001948
0.007659
0.008533
0.003091
0.000605
0.001680
0.002755
0.001411
0.007055
0.002553
0.002217
0.004837
0.002083
0.002687
0.003426
0.006987
0.001545
0.003964
0.005241
0.002150
0.004098
0.009003
0.002687
0.001612
0.002822
0.003023
0.003091
0.007659
0.001680
0.002687
0.002016
0.004031
0.002083
0.009809
0.005241
0.002956
0.000672
0.003091
0.001680
0.002553
0.005308
0.003158
0.001814
0.008331
0.002553
0.002822
0.002016
0.001814
0.001680
0.007525
0.004367
0.002217
0.002419
0.003628
0.001075
0.001814
0.006853
0.003091
0.002553
0.003628
0.005106
0.002150
0.003426
0.003830
0.001948
0.006383
0.003292
0.003292
0.001478
0.006316
0.001814
0.004501
0.004837
0.002284
0.002217
0.004434
