0.082706
0.001478
0.001545
0.007256
0.002486
0.002486
0.009876
0.006383
0.001075
0.002553
0.003359
0.003695
0.002956
0.002553
0.003628
0.013975
0.003023
0.000941
0.001680
0.007458
0.001881
0.001344
0.006181
0.007861
0.001142
0.003225
0.005039
0.002284
0.001612
0.002419
0.003628
0.012564
0.004972
0.001142
0.000739
0.003897
0.004703
0.001008
0.006719
0.001814
0.001545
0.003292
0.003897
0.002016
0.010347
0.001209
0.003897
0.002419
0.002956
0.000739
0.001612
0.002956
0.004703
0.002755
0.009944
0.003426
0.002687
0.001747
0.003561
0.001612
0.013101
0.002822
0.003158
0.003897
0.004569
0.002352
0.000537
0.007861
0.001814
0.010078
0.001545
0.008197
0.000739
0.005308
0.003695
0.003359
0.001545
0.005241
0.001747
0.012698
0.002553
0.001680
0.001075
0.007189
0.002150
0.010078
0.003292
0.005308
0.001680
0.004636
0.001881
0.003494
0.002755
0.003225
0.003561
0.011489
0.005375
0.003426
0.000941
0.003091
0.002687
0.011623
0.002352
0.003359
0.002687
0.004031
0.001814
0.002083
0.012228
0.004367
0.002687
0.003561
0.004300
0.001948
0.001277
0.003494
0.006450
0.006584
0.001612
0.002217
0.001411
0.004031
0.003964
0.001680
0.015722
0.005711
0.001814
0.002352
0.001478
0.002083
0.001075
0.006853
0.001411
0.004166
0.004837
0.003225
0.001075
0.001948
0.002822
0.003561
0.004770
0.002016
0.001209
0.009205
0.002553
0.002016
0.000873
0.006651
0.001545
0.002083
0.004233
0.004367
0.001747
0.001881
0.006316
0.002956
0.001545
0.001680
0.001747
0.009339
0.006517
0.001411
0.000873
0.001881
0.002284
0.001411
0.003762
0.001612
0.002419
0.002016
0.008936
0.002486
0.007323
0.000941
0.001814
0.002486
0.002755
0.001277
0.000739
0.001344
0.002352
0.003628
0.004972
0.002150
0.003023
0.001209
0.002419
0.001545
0.006450
0.001680
0.002016
0.003830
0.001881
0.002419
0.000941
0.008869
0.001680
0.004905
0.002150
0.003762
0.001612
0.009876
0.001344
0.004501
0.002419
0.002486
0.001209
0.010750
0.001209
0.002150
0.001411
0.003023
0.001411
0.005644
0.004233
0.003225
0.001411
0.004098
0.000739
0.002755
0.004300
0.002419
0.001478
0.009137
0.004770
0.004703
0.001277
0.001680
0.001680
0.006316
0.003494
0.002284
0.003561
0.003359
0.000806
0.001680
0.007256
0.002553
0.001277
0.004501
0.005241
0.002419
0.002284
0.001814
0.002822
0.004837
0.001948
0.002687
0.002083
0.007726
0.001478
0.002083
0.008130
0.002822
0.001075
0.003292
