0.058922
0.001478
0.002822
0.003225
0.005039
0.001545
0.010884
0.003830
0.001747
0.001747
0.005912
0.003158
0.003762
0.001881
0.006987
0.010683
0.005509
0.001814
0.003762
0.005778
0.002016
0.001142
0.006987
0.002083
0.003494
0.003023
0.008465
0.002419
0.002083
0.001277
0.004837
0.005442
0.005778
0.001881
0.003695
0.004166
0.005980
0.001142
0.008331
0.003158
0.002956
0.003897
0.006786
0.003494
0.010884
0.000672
0.006786
0.001478
0.006047
0.001747
0.004367
0.003359
0.004434
0.002419
0.010683
0.002553
0.004770
0.002217
0.004501
0.002083
0.011556
0.002016
0.004233
0.002687
0.003292
0.001411
0.002620
0.005241
0.002150
0.004166
0.003023
0.004703
0.002217
0.004569
0.005980
0.002486
0.001814
0.001881
0.003494
0.005845
0.002150
0.000873
0.003426
0.003628
0.003762
0.009272
0.004770
0.002687
0.001881
0.001814
0.003292
0.002553
0.002150
0.001814
0.004703
0.007055
0.003225
0.001008
0.001881
0.003023
0.003830
0.007323
0.003225
0.003158
0.002352
0.001814
0.003695
0.001680
0.009809
0.001478
0.004233
0.003225
0.007861
0.001344
0.003292
0.004233
0.004367
0.004905
0.004031
0.001881
0.003359
0.003762
0.005912
0.001881
0.006920
0.001881
0.003292
0.002419
0.002352
0.000873
0.003762
0.004031
0.003292
0.003225
0.007794
0.003023
0.002083
0.001680
0.003964
0.001948
0.005912
0.001747
0.004905
0.005711
0.001948
0.002016
0.002419
0.009003
0.003023
0.002755
0.008600
0.003426
0.003494
0.001209
0.009876
0.002687
0.003292
0.001814
0.003225
0.004501
0.005241
0.001612
0.002755
0.002284
0.004098
0.002419
0.007726
0.002217
0.002822
0.001948
0.008734
0.002687
0.008667
0.001545
0.004972
0.002687
0.004636
0.000739
0.004098
0.002150
0.003225
0.004367
0.008331
0.002822
0.003964
0.001680
0.003762
0.001545
0.006584
0.002217
0.004233
0.004569
0.001747
0.001142
0.002956
0.007256
0.002150
0.003158
0.004233
0.002352
0.002889
0.007323
0.003225
0.002083
0.002889
0.001814
0.003561
0.004905
0.001209
0.001008
0.002486
0.003225
0.002083
0.004098
0.006719
0.002956
0.001747
0.002419
0.001545
0.002755
0.003762
0.001948
0.003158
0.004770
0.003897
0.000605
0.002217
0.001478
0.002150
0.003695
0.005980
0.002150
0.003023
0.002620
0.002755
0.002150
0.007592
0.000941
0.004166
0.005442
0.009003
0.001142
0.003695
0.002687
0.002486
0.003023
0.003494
0.002755
0.004031
0.005576
0.003561
0.003426
0.005308
0.001881
0.002419
0.002620
