0.093792
0.001075
0.002889
0.004703
0.003225
0.003292
0.009540
0.005173
0.001747
0.001814
0.002755
0.002687
0.003359
0.003023
0.004233
0.011959
0.004770
0.002419
0.002419
0.007189
0.003023
0.002083
0.005442
0.005308
0.002419
0.004098
0.003292
0.001881
0.002284
0.002284
0.002822
0.005442
0.005576
0.001344
0.001075
0.004703
0.004501
0.001747
0.005845
0.002284
0.001881
0.004905
0.003091
0.002083
0.006316
0.002553
0.002822
0.002822
0.005106
0.001545
0.002822
0.004434
0.004166
0.002687
0.009944
0.002150
0.001814
0.002150
0.002284
0.001814
0.009137
0.002620
0.003561
0.002486
0.003561
0.001680
0.002016
0.003964
0.002486
0.006786
0.001747
0.004434
0.002016
0.005241
0.004166
0.001612
0.002083
0.004166
0.002352
0.005845
0.003426
0.003359
0.001747
0.006651
0.003091
0.011220
0.001680
0.003494
0.001478
0.002889
0.001747
0.002016
0.002217
0.003359
0.001881
0.009406
0.004501
0.001814
0.001209
0.004098
0.004300
0.009473
0.002620
0.004031
0.002419
0.004233
0.001814
0.001209
0.011489
0.003897
0.002150
0.004434
0.006248
0.003292
0.002150
0.007861
0.006316
0.006853
0.002217
0.003292
0.002217
0.004367
0.004166
0.002150
0.005509
0.005576
0.002150
0.002352
0.001612
0.001008
0.001680
0.002956
0.001948
0.004233
0.006114
0.002553
0.002217
0.001344
0.001680
0.003091
0.006047
0.001881
0.003225
0.011959
0.002419
0.003359
0.001814
0.007928
0.002083
0.003292
0.005173
0.001881
0.003091
0.001747
0.005173
0.003494
0.004233
0.001478
0.002956
0.006450
0.005308
0.002016
0.001344
0.001881
0.002956
0.003897
0.004233
0.002284
0.002956
0.002284
0.007390
0.002419
0.005845
0.001411
0.003091
0.005442
0.002755
0.001142
0.003023
0.001478
0.002284
0.006383
0.005980
0.001209
0.001881
0.001142
0.001277
0.001478
0.005980
0.001209
0.002150
0.004636
0.001612
0.001612
0.002889
0.004636
0.002016
0.004501
0.003158
0.002755
0.001814
0.007995
0.002284
0.001881
0.003830
0.004636
0.002486
0.009540
0.001209
0.002755
0.000941
0.002419
0.002217
0.007122
0.004233
0.002553
0.001814
0.002553
0.001209
0.001814
0.005375
0.002217
0.002150
0.005778
0.004501
0.001948
0.001142
0.001881
0.002620
0.008130
0.003628
0.002352
0.002352
0.002150
0.000806
0.002419
0.007995
0.003426
0.001948
0.010145
0.006181
0.002016
0.002822
0.002486
0.002419
0.006987
0.002755
0.002486
0.002956
0.006114
0.002150
0.003695
0.007390
0.002553
0.002553
0.005173
