0.084923
0.001411
0.003023
0.002687
0.003494
0.002755
0.015050
0.004166
0.002016
0.001411
0.001948
0.003091
0.003494
0.002822
0.006248
0.012161
0.005375
0.002083
0.002083
0.004434
0.002553
0.001075
0.006987
0.004166
0.002956
0.003897
0.005173
0.001881
0.001881
0.001411
0.005039
0.009406
0.004166
0.001545
0.001478
0.004367
0.005778
0.001277
0.009742
0.002822
0.002352
0.004166
0.003426
0.002419
0.009339
0.001344
0.005241
0.002486
0.003964
0.001881
0.003225
0.002083
0.005173
0.001680
0.011825
0.003158
0.003897
0.001680
0.003359
0.001680
0.012161
0.001142
0.003830
0.002150
0.003897
0.001478
0.003426
0.004166
0.002150
0.008734
0.001478
0.004837
0.002956
0.002553
0.003762
0.001478
0.002755
0.005039
0.002016
0.005576
0.001344
0.003830
0.001612
0.002553
0.002687
0.013908
0.002352
0.003897
0.001814
0.002352
0.002486
0.001881
0.002083
0.003964
0.002553
0.012631
0.002284
0.001814
0.001948
0.002553
0.005576
0.012497
0.003494
0.004166
0.003830
0.002016
0.002016
0.001075
0.014176
0.002217
0.003561
0.002150
0.004501
0.002083
0.003561
0.003225
0.005241
0.006584
0.002217
0.002352
0.003225
0.003628
0.005106
0.002284
0.004972
0.002352
0.002150
0.002016
0.002486
0.000941
0.002016
0.004434
0.001814
0.004031
0.008936
0.001680
0.002284
0.000537
0.002486
0.002755
0.004636
0.001612
0.003561
0.009473
0.004837
0.003292
0.001612
0.004569
0.002687
0.003292
0.006047
0.002553
0.005980
0.001680
0.007390
0.000873
0.003561
0.001881
0.002553
0.005039
0.005173
0.002419
0.000941
0.001814
0.002419
0.002553
0.005442
0.002687
0.002620
0.001814
0.006047
0.004233
0.006114
0.002016
0.003762
0.004434
0.002352
0.002217
0.002620
0.001142
0.002687
0.004166
0.007323
0.001680
0.004098
0.001008
0.004233
0.001612
0.008533
0.001075
0.002553
0.004501
0.002150
0.000873
0.003897
0.005442
0.002620
0.006181
0.003359
0.001948
0.002956
0.005980
0.002687
0.001545
0.004233
0.001344
0.002687
0.004233
0.001680
0.003897
0.001277
0.002419
0.002083
0.007525
0.004233
0.001881
0.001411
0.001747
0.002150
0.002620
0.004300
0.001344
0.002150
0.008801
0.003830
0.001545
0.001142
0.000806
0.002150
0.007390
0.006114
0.002284
0.002889
0.001277
0.001008
0.001545
0.010078
0.001545
0.002822
0.004501
0.005711
0.002150
0.003695
0.001612
0.003561
0.004905
0.004098
0.002352
0.002822
0.005241
0.004098
0.003158
0.004031
0.001344
0.002419
0.003359
