0.085931
0.001411
0.002284
0.006517
0.002352
0.001545
0.015050
0.005845
0.001478
0.001411
0.004233
0.003292
0.002822
0.002755
0.003964
0.013101
0.003964
0.001344
0.001277
0.006383
0.001948
0.001075
0.010548
0.006517
0.001209
0.003023
0.004703
0.002150
0.001948
0.002217
0.007928
0.008398
0.004569
0.001478
0.001948
0.004636
0.005375
0.001142
0.009406
0.002217
0.002150
0.006248
0.005241
0.001881
0.005711
0.002016
0.004300
0.001747
0.004166
0.001680
0.001209
0.002083
0.004031
0.002553
0.010414
0.003023
0.002352
0.001680
0.004972
0.001008
0.012900
0.002553
0.004031
0.003158
0.003762
0.001814
0.001680
0.005308
0.001478
0.006920
0.001747
0.007525
0.001344
0.006651
0.003628
0.002083
0.002083
0.005308
0.001075
0.009070
0.001209
0.002620
0.000941
0.004098
0.002486
0.015722
0.003158
0.005375
0.001142
0.003292
0.001478
0.003762
0.002150
0.004569
0.002284
0.015386
0.004098
0.002016
0.001612
0.001814
0.003292
0.012026
0.002687
0.002755
0.002620
0.004501
0.001747
0.001008
0.012900
0.004770
0.002016
0.003225
0.003225
0.002217
0.001478
0.003762
0.003695
0.009272
0.002016
0.001747
0.001545
0.004166
0.003964
0.001948
0.007525
0.005039
0.001209
0.001612
0.000873
0.001814
0.002284
0.006047
0.001545
0.003830
0.008130
0.002956
0.001209
0.001411
0.003494
0.003091
0.004098
0.001814
0.001545
0.009473
0.001814
0.001344
0.001277
0.006517
0.001680
0.002419
0.007323
0.003628
0.001411
0.001948
0.005711
0.002956
0.002687
0.001075
0.003628
0.008734
0.005644
0.002889
0.002486
0.002083
0.001747
0.001612
0.008264
0.002016
0.001881
0.002486
0.007458
0.001747
0.005845
0.001948
0.001747
0.002822
0.003292
0.001747
0.002083
0.000873
0.001680
0.007189
0.007458
0.002553
0.001008
0.000537
0.002016
0.001948
0.007861
0.002217
0.002284
0.004098
0.002553
0.002016
0.001948
0.006316
0.001747
0.003830
0.002419
0.003695
0.002150
0.010951
0.001344
0.001948
0.002150
0.002755
0.000941
0.009003
0.001008
0.002419
0.001008
0.003494
0.001209
0.008734
0.003628
0.002553
0.001209
0.002755
0.001209
0.003292
0.003628
0.001680
0.001142
0.009339
0.004098
0.001545
0.001612
0.000672
0.001881
0.005106
0.005173
0.001478
0.001747
0.005576
0.001142
0.001209
0.006920
0.003023
0.001478
0.005308
0.005442
0.002217
0.001814
0.002284
0.002150
0.006719
0.002419
0.001344
0.001344
0.005308
0.002284
0.003091
0.005509
0.003426
0.001478
0.002687
