0.096009
0.001478
0.003695
0.003561
0.002687
0.003561
0.011556
0.004636
0.000941
0.001545
0.002352
0.003426
0.002352
0.001747
0.003762
0.014176
0.003762
0.001948
0.002486
0.004703
0.002150
0.001948
0.008331
0.005106
0.001747
0.003494
0.003964
0.002083
0.002687
0.001209
0.005039
0.010145
0.004569
0.001747
0.003023
0.005308
0.002822
0.002352
0.007659
0.002083
0.001411
0.002822
0.003897
0.003023
0.006651
0.001814
0.003561
0.002352
0.002486
0.001612
0.002956
0.002419
0.003494
0.003225
0.011959
0.003023
0.003494
0.001478
0.002217
0.001411
0.015587
0.002284
0.006786
0.002687
0.005711
0.003494
0.002889
0.004098
0.002284
0.009876
0.002016
0.005442
0.002083
0.003897
0.004770
0.002419
0.002150
0.003158
0.002217
0.007861
0.001680
0.002553
0.001948
0.004569
0.002956
0.014311
0.002486
0.004703
0.001680
0.001680
0.002083
0.003494
0.002352
0.003292
0.003359
0.013101
0.003762
0.003158
0.001814
0.001881
0.003158
0.013975
0.001612
0.002486
0.001680
0.002217
0.001948
0.001545
0.013169
0.003964
0.003023
0.002956
0.004367
0.001747
0.002620
0.003561
0.002553
0.007592
0.002217
0.003158
0.002150
0.002755
0.002352
0.002419
0.006786
0.003830
0.002956
0.002687
0.001612
0.001209
0.003225
0.004569
0.001545
0.003494
0.007592
0.002620
0.002016
0.000941
0.002486
0.003359
0.004098
0.001545
0.002956
0.009473
0.001747
0.002687
0.001612
0.006584
0.001612
0.003158
0.005173
0.002687
0.003023
0.002687
0.004098
0.001411
0.003695
0.001680
0.003762
0.007122
0.006853
0.003561
0.001881
0.002486
0.001747
0.003494
0.004569
0.001411
0.001142
0.001344
0.005912
0.003762
0.003561
0.002016
0.002755
0.003426
0.001680
0.000873
0.003091
0.001277
0.001814
0.003359
0.008936
0.002284
0.003158
0.000806
0.002284
0.001612
0.008667
0.001612
0.004300
0.005778
0.002284
0.001142
0.003695
0.004905
0.001881
0.006719
0.003695
0.003091
0.003225
0.005308
0.002352
0.001814
0.002822
0.001411
0.003091
0.006181
0.001680
0.002083
0.001814
0.002217
0.002016
0.006450
0.004636
0.003561
0.002284
0.001545
0.001881
0.003225
0.006316
0.002083
0.002419
0.008936
0.004166
0.002822
0.001075
0.000470
0.002016
0.008331
0.004300
0.001881
0.002217
0.002083
0.001277
0.001344
0.006719
0.002083
0.001814
0.004501
0.005778
0.001142
0.003359
0.002687
0.001680
0.004837
0.003359
0.002083
0.001948
0.004770
0.002352
0.003359
0.006786
0.001948
0.002016
0.003897
