0.080153
0.001344
0.002889
0.004703
0.002083
0.002016
0.017132
0.004233
0.000605
0.001612
0.004233
0.003695
0.001814
0.001948
0.005644
0.017468
0.002687
0.001881
0.001814
0.003897
0.001478
0.001478
0.011153
0.009137
0.001478
0.004098
0.005912
0.001948
0.001814
0.001881
0.007995
0.014311
0.002553
0.002083
0.002822
0.005173
0.004031
0.001277
0.007928
0.002687
0.001142
0.002956
0.005845
0.002553
0.005644
0.002352
0.003964
0.002352
0.002352
0.001209
0.002352
0.002352
0.003830
0.001612
0.015117
0.004434
0.001814
0.001478
0.005106
0.000941
0.014042
0.002083
0.004569
0.004166
0.003359
0.001545
0.001747
0.007189
0.001545
0.009003
0.002284
0.004703
0.001881
0.001411
0.004098
0.002419
0.001881
0.004098
0.002553
0.008936
0.001411
0.002150
0.001344
0.002822
0.002284
0.015386
0.002889
0.006248
0.001411
0.002553
0.002150
0.001344
0.002083
0.004569
0.002889
0.019954
0.003695
0.001881
0.000739
0.002486
0.003023
0.014445
0.003292
0.002687
0.001545
0.001545
0.001680
0.001814
0.014311
0.004031
0.002284
0.001948
0.002553
0.000941
0.002217
0.003225
0.004233
0.006584
0.001411
0.002687
0.001209
0.003426
0.004972
0.001814
0.005845
0.004233
0.002822
0.002016
0.000537
0.001209
0.003695
0.005845
0.001075
0.004636
0.009944
0.002486
0.001075
0.000941
0.003091
0.004703
0.002486
0.001142
0.003023
0.009137
0.001075
0.002822
0.002620
0.006450
0.001344
0.002822
0.006987
0.003023
0.002889
0.002150
0.005241
0.001612
0.002687
0.002016
0.002553
0.011220
0.005173
0.003426
0.002956
0.002956
0.002016
0.003023
0.007122
0.002016
0.001612
0.001344
0.009137
0.002217
0.002822
0.001881
0.002083
0.003628
0.002889
0.001209
0.004031
0.000806
0.001209
0.003359
0.010615
0.002150
0.001747
0.000873
0.003964
0.001881
0.006316
0.001008
0.001747
0.007659
0.002083
0.001478
0.003628
0.005912
0.001747
0.004837
0.004905
0.002217
0.002822
0.004770
0.001948
0.002486
0.002419
0.001881
0.001747
0.006114
0.000873
0.001612
0.001612
0.001612
0.000537
0.007726
0.004837
0.003225
0.002150
0.002687
0.000806
0.002016
0.002889
0.002553
0.001545
0.012429
0.004569
0.001881
0.001747
0.000806
0.001545
0.009339
0.004031
0.001814
0.001142
0.001075
0.001209
0.001948
0.006987
0.002217
0.001209
0.003897
0.005711
0.001747
0.003628
0.001478
0.002284
0.004367
0.003628
0.002352
0.001344
0.004233
0.001680
0.002553
0.003762
0.002755
0.002352
0.004098
