0.089626
0.001612
0.001545
0.003292
0.001075
0.002486
0.012765
0.004972
0.000941
0.002687
0.003762
0.001881
0.001814
0.002553
0.002956
0.012564
0.002486
0.002553
0.001411
0.005442
0.001612
0.001948
0.008533
0.006316
0.000873
0.003964
0.004300
0.002553
0.001948
0.002083
0.002956
0.006920
0.004098
0.002083
0.001680
0.003762
0.004837
0.001545
0.007794
0.001747
0.001478
0.005442
0.005308
0.001344
0.006987
0.001411
0.004031
0.001478
0.002016
0.001344
0.002956
0.000941
0.004837
0.003628
0.012161
0.002822
0.000470
0.001411
0.005442
0.001277
0.010884
0.004098
0.004501
0.002822
0.003897
0.002889
0.001612
0.005576
0.001747
0.011287
0.001209
0.006719
0.001411
0.008331
0.003494
0.003359
0.001277
0.008264
0.001881
0.014714
0.001545
0.003561
0.001209
0.004636
0.003225
0.016528
0.003292
0.003628
0.000806
0.005173
0.001612
0.003359
0.002956
0.006248
0.002352
0.011623
0.003762
0.003494
0.000739
0.001478
0.002889
0.009608
0.002217
0.002016
0.002687
0.005711
0.001881
0.000873
0.008936
0.004434
0.002217
0.002016
0.002755
0.002956
0.001142
0.005039
0.005980
0.013236
0.001881
0.002217
0.001075
0.004233
0.003964
0.001142
0.010414
0.008062
0.001680
0.001747
0.000605
0.001747
0.001478
0.003426
0.000873
0.003964
0.006450
0.002016
0.001612
0.001814
0.002620
0.001881
0.003023
0.001747
0.001680
0.006383
0.001814
0.002486
0.001478
0.006047
0.000672
0.003426
0.005308
0.003158
0.001142
0.002419
0.006987
0.002889
0.001747
0.002956
0.001209
0.007323
0.005912
0.002889
0.002217
0.001881
0.003091
0.002284
0.005980
0.002016
0.003426
0.003359
0.007323
0.002150
0.004972
0.001277
0.002889
0.001411
0.001277
0.001142
0.003426
0.001008
0.002553
0.004300
0.009003
0.001814
0.001075
0.000336
0.002687
0.001478
0.005778
0.003158
0.001747
0.004031
0.002755
0.003091
0.002083
0.005912
0.000605
0.007794
0.002755
0.003964
0.002352
0.012564
0.003695
0.003091
0.002150
0.003628
0.001277
0.007390
0.000605
0.004098
0.001478
0.003897
0.001411
0.009137
0.003897
0.002553
0.000672
0.002822
0.000672
0.003359
0.004770
0.004300
0.001344
0.007592
0.004367
0.003091
0.000941
0.001209
0.001680
0.008197
0.003628
0.002419
0.002150
0.005241
0.000806
0.000941
0.004636
0.002822
0.001881
0.005308
0.003695
0.002486
0.001881
0.002620
0.002755
0.007189
0.002687
0.002284
0.001277
0.005912
0.001680
0.001680
0.007122
0.004434
0.001411
0.002620
