0.093994
0.001075
0.004166
0.003830
0.003292
0.002755
0.014781
0.002889
0.001277
0.002822
0.004166
0.003359
0.001881
0.002822
0.006248
0.015117
0.003762
0.002016
0.002620
0.003292
0.001209
0.001209
0.012295
0.005576
0.003762
0.004098
0.005375
0.002486
0.001747
0.002687
0.007458
0.010951
0.002956
0.001814
0.002755
0.003561
0.004837
0.001814
0.008734
0.001478
0.001008
0.004367
0.003964
0.001612
0.006517
0.002016
0.007189
0.001747
0.001814
0.001277
0.002956
0.001881
0.003426
0.001478
0.014579
0.001612
0.002217
0.002352
0.004501
0.001411
0.009809
0.002553
0.006450
0.002553
0.002822
0.001142
0.002956
0.002620
0.002016
0.009339
0.002352
0.004367
0.002755
0.003359
0.004569
0.001209
0.001411
0.002755
0.002553
0.009406
0.001075
0.001680
0.001545
0.002150
0.001747
0.011623
0.002620
0.004501
0.001478
0.003494
0.002150
0.004367
0.002016
0.004031
0.002687
0.012698
0.002284
0.001344
0.001881
0.000605
0.004770
0.015050
0.002620
0.002620
0.001411
0.003225
0.002352
0.001008
0.012564
0.003023
0.003225
0.002822
0.003225
0.001545
0.003426
0.002284
0.003628
0.007458
0.002352
0.001478
0.001680
0.004367
0.004972
0.001881
0.006584
0.003494
0.002553
0.000873
0.001545
0.001075
0.003830
0.003359
0.002956
0.005912
0.010145
0.001814
0.001411
0.001881
0.003628
0.002956
0.004233
0.001881
0.003830
0.009070
0.003359
0.003225
0.002755
0.004166
0.001948
0.003225
0.008062
0.003225
0.004434
0.001814
0.005845
0.002016
0.003561
0.001277
0.003695
0.006047
0.005173
0.002553
0.003091
0.001948
0.002755
0.005241
0.006517
0.002284
0.001209
0.002083
0.007861
0.002217
0.004905
0.001747
0.003561
0.002687
0.002150
0.000941
0.003426
0.000739
0.002419
0.004031
0.011556
0.000672
0.002150
0.001008
0.003158
0.001075
0.006517
0.001075
0.002755
0.003359
0.002284
0.000806
0.004166
0.004367
0.002016
0.005778
0.004434
0.002217
0.003225
0.007323
0.003158
0.001814
0.002620
0.000941
0.002822
0.005106
0.001411
0.002016
0.001075
0.002150
0.001277
0.009540
0.004569
0.002889
0.000806
0.002217
0.001142
0.004300
0.003830
0.001209
0.001814
0.006719
0.003292
0.001411
0.001747
0.000403
0.003292
0.010212
0.005308
0.002016
0.001948
0.001545
0.001747
0.001008
0.007592
0.001478
0.002553
0.002687
0.005241
0.002083
0.004434
0.001142
0.002217
0.003897
0.004636
0.001881
0.001747
0.005912
0.003091
0.003628
0.004367
0.001545
0.002419
0.002083
