0.099839
0.001142
0.003830
0.004233
0.002352
0.004031
0.011422
0.003830
0.001411
0.001881
0.007055
0.003494
0.002284
0.002822
0.004166
0.012295
0.002150
0.001344
0.002687
0.005442
0.001948
0.001881
0.010414
0.005711
0.000873
0.004098
0.004837
0.002352
0.001948
0.001411
0.006114
0.011354
0.003494
0.001209
0.002553
0.003494
0.005644
0.002486
0.008869
0.001612
0.001612
0.004098
0.005980
0.001344
0.008465
0.001814
0.006383
0.001142
0.002889
0.001142
0.001814
0.002217
0.003830
0.003292
0.011623
0.003292
0.003225
0.001881
0.003897
0.001075
0.014512
0.002956
0.004434
0.002284
0.003964
0.000873
0.001478
0.004233
0.001680
0.015453
0.001277
0.005644
0.001008
0.005980
0.004098
0.002687
0.002083
0.006987
0.002486
0.009742
0.001612
0.004031
0.001209
0.004367
0.002217
0.010683
0.002755
0.003897
0.001277
0.006316
0.001747
0.002956
0.001747
0.003695
0.003359
0.012161
0.002419
0.003023
0.001209
0.001680
0.004636
0.011690
0.002150
0.001747
0.001478
0.005576
0.001277
0.000739
0.011354
0.004300
0.002217
0.002284
0.003158
0.001881
0.001008
0.003897
0.004300
0.009272
0.001344
0.001478
0.002217
0.004233
0.003023
0.001814
0.008533
0.006181
0.001814
0.001545
0.001411
0.002150
0.003628
0.004166
0.002016
0.005173
0.008667
0.001680
0.001209
0.001680
0.004367
0.004501
0.002956
0.001411
0.002217
0.006853
0.001948
0.002016
0.003561
0.005576
0.000873
0.002083
0.007458
0.002016
0.001277
0.001814
0.007659
0.002755
0.002553
0.002150
0.001948
0.007256
0.006450
0.001478
0.002956
0.001545
0.002217
0.002284
0.007928
0.001612
0.001008
0.002889
0.009944
0.002083
0.003762
0.002016
0.003158
0.001612
0.002755
0.001008
0.002352
0.000873
0.001948
0.004233
0.007390
0.002083
0.001948
0.000941
0.001881
0.001008
0.006047
0.001545
0.002217
0.003964
0.002217
0.002419
0.001948
0.006517
0.001680
0.009809
0.002620
0.004098
0.001948
0.006450
0.001478
0.002486
0.002352
0.002822
0.001814
0.004905
0.000672
0.003561
0.000739
0.003897
0.002284
0.007861
0.004837
0.002687
0.000739
0.003897
0.001612
0.003359
0.003964
0.002620
0.001209
0.006383
0.003628
0.003426
0.001008
0.000806
0.001881
0.008533
0.003762
0.001747
0.000806
0.002352
0.001209
0.000873
0.005375
0.002352
0.001008
0.004031
0.006383
0.002016
0.001747
0.003023
0.001747
0.006786
0.002352
0.001612
0.001612
0.006853
0.001008
0.002284
0.004636
0.001612
0.001075
0.002016
