0.094262
0.001814
0.003023
0.004367
0.002687
0.002822
0.009339
0.003292
0.001680
0.004166
0.003561
0.002889
0.003292
0.002352
0.003292
0.010683
0.004770
0.001948
0.002620
0.006786
0.002083
0.001814
0.006651
0.004233
0.001881
0.003830
0.003964
0.002755
0.002486
0.002352
0.004972
0.006719
0.003426
0.002352
0.002419
0.004837
0.002620
0.001881
0.005039
0.003023
0.001814
0.004905
0.004300
0.003158
0.005845
0.002150
0.003494
0.002956
0.002419
0.002150
0.002956
0.003762
0.003762
0.002620
0.011220
0.002822
0.002016
0.002956
0.003292
0.002016
0.012497
0.002822
0.003762
0.003158
0.003830
0.002016
0.002419
0.005576
0.002486
0.006316
0.001545
0.006047
0.002419
0.004905
0.004569
0.003023
0.001277
0.003023
0.001814
0.007861
0.002620
0.001545
0.001814
0.004031
0.002956
0.009070
0.003158
0.003964
0.001747
0.003426
0.001680
0.002486
0.003695
0.003158
0.002419
0.011422
0.002755
0.002419
0.002217
0.003158
0.004098
0.009003
0.003292
0.004636
0.002620
0.003830
0.002822
0.002956
0.012094
0.002889
0.003225
0.003225
0.004166
0.001411
0.002217
0.006181
0.003091
0.004434
0.002486
0.002822
0.001881
0.004636
0.004434
0.003023
0.007592
0.002486
0.002956
0.003225
0.001209
0.001814
0.002352
0.004098
0.001545
0.004636
0.006920
0.002553
0.001612
0.002284
0.002486
0.002755
0.005442
0.002822
0.002755
0.008197
0.001209
0.002687
0.001545
0.006987
0.001344
0.004569
0.004905
0.002956
0.002284
0.003023
0.006584
0.002687
0.003359
0.002755
0.002755
0.005375
0.004837
0.003292
0.002150
0.002889
0.001814
0.004031
0.004837
0.002822
0.002016
0.002419
0.008062
0.003091
0.004367
0.002620
0.002352
0.005106
0.001814
0.001814
0.001075
0.001814
0.002083
0.005980
0.006651
0.002553
0.001478
0.002352
0.001881
0.002150
0.007323
0.002352
0.003158
0.006316
0.002956
0.001411
0.002352
0.006047
0.001948
0.004569
0.003158
0.003762
0.003359
0.007458
0.001814
0.002755
0.003897
0.002620
0.002083
0.006248
0.001277
0.002150
0.001209
0.002419
0.001881
0.007323
0.005308
0.002352
0.001612
0.002284
0.001344
0.002284
0.003897
0.002419
0.002150
0.009339
0.004972
0.001881
0.001545
0.002150
0.002217
0.007390
0.004569
0.003023
0.002486
0.003091
0.001948
0.001680
0.007122
0.001881
0.001814
0.005442
0.005241
0.001478
0.003225
0.001814
0.002083
0.004636
0.002822
0.003158
0.001814
0.006383
0.002352
0.003762
0.004905
0.001344
0.002889
0.004770
