0.102728
0.001344
0.001747
0.001680
0.003762
0.003359
0.010347
0.005173
0.001008
0.002620
0.002755
0.003091
0.003359
0.003426
0.003628
0.011556
0.004031
0.003494
0.001948
0.004770
0.002150
0.003023
0.004837
0.002352
0.002419
0.005106
0.002419
0.003292
0.002486
0.002956
0.003695
0.005375
0.004300
0.002822
0.001948
0.002889
0.004703
0.002822
0.005308
0.002553
0.001948
0.005375
0.003091
0.003426
0.006786
0.001680
0.002889
0.002419
0.004300
0.001747
0.002486
0.002620
0.004166
0.003023
0.008667
0.002889
0.002284
0.002419
0.002419
0.002150
0.011959
0.002419
0.003964
0.002822
0.004770
0.002352
0.002889
0.002822
0.002217
0.008130
0.002217
0.004233
0.002553
0.004501
0.003494
0.002486
0.003225
0.004434
0.002016
0.007189
0.001814
0.003158
0.001948
0.002687
0.002352
0.009540
0.002755
0.003359
0.001411
0.005039
0.001881
0.003426
0.002889
0.004300
0.002553
0.008600
0.004367
0.002419
0.001680
0.001344
0.004300
0.011153
0.001680
0.003897
0.002620
0.003830
0.002486
0.001747
0.010078
0.004031
0.003023
0.003359
0.003426
0.002687
0.002150
0.005576
0.003897
0.006786
0.002016
0.002486
0.001612
0.006114
0.003426
0.003091
0.010414
0.004569
0.002755
0.002284
0.001612
0.001680
0.001344
0.003359
0.001680
0.005039
0.006316
0.004166
0.001411
0.002217
0.002486
0.001612
0.004098
0.002956
0.002217
0.007458
0.002217
0.004233
0.002083
0.006047
0.002016
0.003628
0.004031
0.002755
0.002889
0.002889
0.004905
0.002083
0.003091
0.002284
0.002419
0.003426
0.007055
0.002889
0.001142
0.002687
0.002419
0.003830
0.004569
0.004166
0.002419
0.002217
0.006853
0.003023
0.006181
0.002352
0.001881
0.003494
0.002486
0.001411
0.002083
0.002486
0.001747
0.005173
0.006114
0.002150
0.002016
0.002687
0.001545
0.001478
0.007189
0.001747
0.003158
0.002284
0.002150
0.001612
0.004166
0.003897
0.002352
0.008398
0.002889
0.003628
0.002419
0.006987
0.003494
0.001612
0.004367
0.003292
0.002284
0.004636
0.002083
0.002620
0.001814
0.002083
0.002150
0.006719
0.003023
0.001948
0.001545
0.003091
0.001478
0.003091
0.005106
0.002620
0.001948
0.005912
0.004367
0.002217
0.001411
0.001881
0.002150
0.008734
0.004098
0.004098
0.001948
0.003091
0.002419
0.002083
0.006786
0.003628
0.002620
0.004501
0.004703
0.002419
0.002620
0.004166
0.002822
0.007390
0.003225
0.002889
0.002217
0.006383
0.002352
0.004166
0.006920
0.003158
0.002016
0.003762
