0.091172
0.001545
0.002956
0.005106
0.003158
0.001344
0.015184
0.006517
0.001277
0.001747
0.003830
0.003897
0.002687
0.003494
0.004098
0.012228
0.003695
0.001881
0.001075
0.005845
0.001344
0.001075
0.010683
0.005912
0.001209
0.003158
0.004434
0.002553
0.002083
0.002150
0.007189
0.008197
0.004972
0.001814
0.001747
0.005241
0.004166
0.001277
0.008667
0.002150
0.002352
0.006584
0.004434
0.002016
0.006047
0.001612
0.004031
0.001344
0.003964
0.001612
0.001142
0.001948
0.004770
0.002956
0.011086
0.003225
0.002284
0.001344
0.004770
0.001075
0.012429
0.002284
0.003359
0.003225
0.003561
0.001680
0.002150
0.004703
0.001545
0.006316
0.001814
0.006517
0.001747
0.007189
0.003762
0.002687
0.002486
0.004501
0.001478
0.009339
0.001209
0.002419
0.001075
0.005173
0.002553
0.016528
0.002687
0.006517
0.000605
0.003023
0.001612
0.003023
0.001747
0.004770
0.002419
0.015520
0.003494
0.002150
0.001277
0.001612
0.003628
0.012228
0.002822
0.002620
0.002352
0.004367
0.001680
0.000672
0.013303
0.004233
0.001814
0.003292
0.003964
0.001814
0.001747
0.004636
0.002755
0.008801
0.002284
0.001747
0.001142
0.003561
0.004434
0.002083
0.007592
0.005845
0.001545
0.001478
0.001277
0.002083
0.003091
0.005845
0.001612
0.002889
0.006181
0.002822
0.001411
0.001209
0.003091
0.002352
0.003830
0.001545
0.001680
0.010279
0.001478
0.001814
0.001344
0.006517
0.001411
0.002150
0.006248
0.004098
0.001209
0.001612
0.005308
0.003158
0.002956
0.001344
0.004166
0.007189
0.004636
0.002284
0.002083
0.001680
0.002016
0.001411
0.008600
0.001478
0.001680
0.003158
0.007726
0.002687
0.004703
0.001680
0.002217
0.003292
0.004098
0.002016
0.001680
0.001142
0.002352
0.007189
0.006987
0.002822
0.001411
0.000605
0.002016
0.001344
0.008062
0.002150
0.003091
0.004501
0.002284
0.001881
0.001747
0.005980
0.001142
0.003830
0.002284
0.003695
0.002016
0.010884
0.001478
0.001948
0.002419
0.002956
0.001209
0.009137
0.001209
0.002486
0.001209
0.003561
0.001545
0.008734
0.004434
0.002553
0.001075
0.002083
0.001075
0.003091
0.003561
0.002352
0.001747
0.008869
0.004098
0.002419
0.001814
0.000941
0.002150
0.005778
0.005241
0.001814
0.002016
0.004905
0.000941
0.001478
0.007861
0.002687
0.001545
0.005039
0.004770
0.002620
0.001478
0.001747
0.002553
0.005576
0.002150
0.001478
0.001008
0.004367
0.002620
0.003494
0.005375
0.003292
0.001142
0.003158
