0.079078
0.000537
0.003426
0.003426
0.002217
0.002486
0.016326
0.002687
0.000336
0.001680
0.004972
0.001680
0.003225
0.002553
0.006316
0.012698
0.003091
0.001948
0.001814
0.005845
0.001411
0.001075
0.010683
0.003292
0.001008
0.003897
0.006181
0.000873
0.002486
0.001881
0.005912
0.008130
0.004905
0.001747
0.002956
0.003292
0.005039
0.000941
0.015453
0.001747
0.002687
0.002889
0.006786
0.001209
0.013034
0.001411
0.006987
0.000873
0.004569
0.000873
0.002083
0.001545
0.005039
0.002150
0.016797
0.001277
0.003561
0.001142
0.005442
0.000672
0.011892
0.002150
0.005173
0.002016
0.002620
0.001545
0.001209
0.004031
0.001680
0.010548
0.001478
0.003830
0.001612
0.004837
0.004770
0.000739
0.001948
0.005644
0.001881
0.013840
0.001948
0.002352
0.001612
0.006114
0.002889
0.011019
0.004031
0.002352
0.000806
0.003964
0.001948
0.000739
0.003628
0.003964
0.004569
0.011354
0.004166
0.002083
0.000806
0.001747
0.004367
0.011959
0.004166
0.002217
0.002687
0.002620
0.001680
0.001008
0.011959
0.003695
0.003426
0.001814
0.004300
0.001814
0.002150
0.007390
0.007726
0.007122
0.001612
0.001008
0.002217
0.004770
0.004300
0.001948
0.007659
0.005039
0.001612
0.000873
0.001411
0.001209
0.003897
0.003225
0.001478
0.003359
0.008869
0.001411
0.000873
0.000605
0.003426
0.002016
0.003561
0.001948
0.002687
0.008667
0.005375
0.002150
0.003023
0.005845
0.001612
0.002150
0.007659
0.001478
0.002553
0.002217
0.007458
0.002016
0.003225
0.001411
0.003023
0.004905
0.004636
0.002150
0.004166
0.002284
0.003359
0.001814
0.007995
0.001142
0.003292
0.001881
0.010145
0.001881
0.008062
0.001344
0.003830
0.001881
0.003897
0.000873
0.001612
0.001612
0.002553
0.003023
0.010414
0.000873
0.002755
0.000537
0.004300
0.001075
0.009473
0.001344
0.003158
0.004031
0.002553
0.002150
0.002755
0.005173
0.000806
0.008197
0.002553
0.002755
0.002419
0.006584
0.002352
0.002284
0.002419
0.002822
0.001948
0.008130
0.000873
0.001545
0.000806
0.003158
0.002553
0.006450
0.005509
0.001411
0.000470
0.002284
0.000537
0.001948
0.003158
0.002553
0.002083
0.005644
0.004166
0.003695
0.001209
0.001680
0.002016
0.006786
0.004434
0.001277
0.002284
0.002150
0.000537
0.000941
0.007189
0.001612
0.001814
0.006920
0.005442
0.001881
0.002553
0.003762
0.003091
0.006248
0.002419
0.000403
0.001948
0.004636
0.002083
0.001881
0.006181
0.002822
0.001612
0.002352
