0.097084
0.001075
0.003897
0.004501
0.001411
0.002016
0.015050
0.005845
0.000941
0.001814
0.003158
0.003158
0.002822
0.002016
0.008398
0.015990
0.004233
0.001680
0.002083
0.005375
0.001948
0.002083
0.009608
0.006987
0.001814
0.003561
0.005509
0.001814
0.001008
0.001948
0.005845
0.008197
0.004233
0.001747
0.002083
0.002889
0.003091
0.002083
0.011287
0.002553
0.001075
0.003964
0.003359
0.002553
0.009003
0.001612
0.006987
0.002284
0.002620
0.001344
0.002889
0.002956
0.003494
0.002217
0.015453
0.003762
0.001881
0.001747
0.004031
0.001680
0.014512
0.001008
0.005509
0.003695
0.003897
0.001142
0.001411
0.004031
0.001545
0.007323
0.001948
0.007390
0.000806
0.004031
0.003830
0.003359
0.002217
0.002687
0.002553
0.008600
0.002150
0.001948
0.001612
0.004166
0.002284
0.014109
0.002553
0.007122
0.001277
0.002822
0.001747
0.002889
0.002284
0.002956
0.002486
0.014915
0.003830
0.002284
0.001545
0.002016
0.002889
0.011153
0.003426
0.003359
0.001881
0.002083
0.001277
0.001747
0.013101
0.002620
0.003494
0.003292
0.003292
0.001612
0.002150
0.003695
0.003964
0.006517
0.001478
0.003091
0.001478
0.003359
0.003964
0.001948
0.006584
0.002956
0.001948
0.003091
0.001008
0.001209
0.003426
0.005644
0.001344
0.003494
0.009809
0.002956
0.001142
0.001209
0.001344
0.003023
0.003762
0.001411
0.002956
0.009742
0.001747
0.002486
0.002553
0.007189
0.001545
0.002889
0.006584
0.003830
0.002352
0.001948
0.006248
0.002150
0.003225
0.002217
0.003091
0.005644
0.005442
0.002486
0.001814
0.002352
0.001545
0.003023
0.004905
0.002956
0.001411
0.001881
0.007122
0.002889
0.005039
0.002150
0.002755
0.002822
0.001478
0.001008
0.002956
0.001209
0.001008
0.003494
0.008197
0.002150
0.001209
0.001344
0.002553
0.001008
0.007592
0.001008
0.002083
0.003494
0.001881
0.001814
0.003225
0.005778
0.001478
0.004434
0.002755
0.004569
0.002352
0.005912
0.002620
0.002755
0.004300
0.001478
0.002083
0.006047
0.001209
0.001881
0.001545
0.003225
0.001008
0.007861
0.003158
0.004367
0.001881
0.002822
0.001142
0.004166
0.004233
0.001142
0.001948
0.009137
0.003695
0.001814
0.001277
0.001008
0.001881
0.007189
0.004434
0.002217
0.001411
0.001344
0.000941
0.002083
0.008734
0.001680
0.001612
0.003426
0.004972
0.001612
0.003225
0.003158
0.001747
0.004569
0.003091
0.002217
0.001680
0.004972
0.002150
0.003897
0.006383
0.001814
0.002620
0.003695
