0.061005
0.001545
0.003091
0.002620
0.003830
0.003762
0.010951
0.002352
0.002150
0.002419
0.005106
0.002150
0.003561
0.003897
0.004972
0.011959
0.003023
0.002822
0.001344
0.004031
0.002352
0.001814
0.005576
0.002553
0.002687
0.003225
0.004569
0.001277
0.002150
0.003561
0.004636
0.005845
0.004837
0.003359
0.002956
0.004770
0.005509
0.002486
0.006383
0.001814
0.002284
0.004569
0.007928
0.002889
0.011892
0.002486
0.004636
0.001881
0.003426
0.001814
0.002083
0.001209
0.004636
0.003023
0.013840
0.002419
0.002016
0.002687
0.003359
0.001344
0.014445
0.004031
0.005644
0.001948
0.004569
0.001075
0.003023
0.004636
0.002284
0.006181
0.002016
0.001948
0.003225
0.006114
0.007592
0.001612
0.002150
0.002755
0.002419
0.004098
0.002755
0.002083
0.002486
0.002486
0.003023
0.013034
0.003225
0.002687
0.001478
0.003628
0.003023
0.001008
0.003359
0.004166
0.003494
0.015184
0.002217
0.002284
0.001545
0.001948
0.004770
0.011825
0.002217
0.002217
0.003359
0.003762
0.002687
0.001680
0.016864
0.003695
0.003426
0.002016
0.004098
0.002016
0.002687
0.003830
0.003426
0.007861
0.002284
0.001612
0.001411
0.004837
0.003225
0.001948
0.007122
0.003426
0.003561
0.001411
0.001344
0.001478
0.003158
0.002620
0.002687
0.003762
0.007055
0.001612
0.001948
0.001478
0.003091
0.003091
0.003359
0.001948
0.003158
0.006047
0.003762
0.003762
0.002822
0.006181
0.002889
0.004166
0.005576
0.002150
0.004166
0.001612
0.006450
0.001075
0.003695
0.002486
0.003023
0.004300
0.006786
0.003897
0.003359
0.002687
0.002419
0.005173
0.004031
0.001344
0.001680
0.003292
0.009675
0.004098
0.007592
0.002956
0.003426
0.003426
0.003292
0.001612
0.002150
0.001209
0.002889
0.004636
0.009339
0.001948
0.002284
0.001277
0.002822
0.001344
0.008533
0.002486
0.003023
0.005375
0.002687
0.002284
0.004367
0.007592
0.002687
0.003964
0.004770
0.001478
0.003426
0.010347
0.002956
0.001209
0.004300
0.001612
0.001277
0.003292
0.001881
0.001545
0.002016
0.001747
0.003225
0.007256
0.007323
0.001948
0.001545
0.002016
0.001411
0.000873
0.005039
0.001814
0.002956
0.007323
0.003359
0.001411
0.001411
0.001209
0.003359
0.008600
0.003762
0.001545
0.001881
0.003158
0.001344
0.001612
0.009876
0.002352
0.002486
0.003023
0.006383
0.002352
0.003628
0.002284
0.002083
0.006114
0.004300
0.002217
0.001008
0.007122
0.002419
0.002419
0.004770
0.001747
0.003359
0.003695
