0.082639
0.002083
0.002822
0.002016
0.002419
0.001075
0.013975
0.002755
0.002486
0.002620
0.002822
0.003023
0.003561
0.001948
0.003762
0.015520
0.004166
0.002083
0.001075
0.003359
0.002956
0.002352
0.008936
0.003695
0.003359
0.003762
0.003628
0.001948
0.002755
0.001747
0.004636
0.007189
0.003091
0.003158
0.001814
0.004837
0.003762
0.002016
0.006316
0.002217
0.001948
0.003695
0.004367
0.004905
0.006450
0.002150
0.002687
0.002352
0.003225
0.002486
0.001747
0.001344
0.004233
0.002217
0.017603
0.002016
0.002889
0.002486
0.001881
0.002016
0.017536
0.002150
0.005039
0.003292
0.003695
0.001075
0.004367
0.003494
0.002889
0.004972
0.002419
0.003494
0.004300
0.003023
0.005912
0.003494
0.002822
0.001209
0.002419
0.006584
0.003158
0.002486
0.001478
0.001948
0.003292
0.012698
0.004501
0.005308
0.001814
0.001814
0.002486
0.002755
0.002755
0.002486
0.004300
0.017603
0.002755
0.002889
0.001545
0.001411
0.004501
0.011354
0.001747
0.002284
0.003023
0.001881
0.001881
0.002352
0.014445
0.001680
0.002150
0.002486
0.004434
0.001008
0.002553
0.003359
0.003292
0.005778
0.002620
0.002889
0.001680
0.002352
0.004703
0.002687
0.005711
0.001881
0.003158
0.001881
0.001680
0.002083
0.002620
0.002755
0.002083
0.004300
0.007390
0.001344
0.002217
0.001814
0.003158
0.002956
0.004501
0.002150
0.001411
0.008398
0.002486
0.003494
0.000672
0.005442
0.004233
0.004098
0.005644
0.002956
0.004905
0.002217
0.004905
0.000806
0.006047
0.001478
0.002083
0.003897
0.005241
0.005912
0.002016
0.002217
0.002083
0.005711
0.003897
0.002553
0.001881
0.002083
0.006383
0.006383
0.005106
0.002486
0.001680
0.004166
0.002889
0.002419
0.001344
0.001142
0.001814
0.004233
0.010481
0.002083
0.002889
0.001545
0.001545
0.001277
0.012228
0.001478
0.003359
0.004031
0.002352
0.001075
0.005644
0.005308
0.002755
0.004300
0.004703
0.001612
0.005039
0.006450
0.002822
0.002352
0.006450
0.001277
0.002755
0.003561
0.001948
0.002150
0.001881
0.002687
0.002083
0.008533
0.006047
0.002150
0.002150
0.001209
0.001680
0.001680
0.004300
0.001277
0.002755
0.010347
0.002486
0.001747
0.002352
0.001344
0.002486
0.008398
0.004031
0.002217
0.001881
0.002150
0.002016
0.002016
0.010347
0.001209
0.001478
0.003964
0.005442
0.001344
0.004367
0.001948
0.001881
0.003225
0.004770
0.003023
0.001612
0.004233
0.001948
0.004367
0.004636
0.001277
0.003091
0.004098
