0.097622
0.001680
0.001814
0.002822
0.002217
0.002150
0.007995
0.005308
0.001344
0.001948
0.002687
0.003225
0.003695
0.003494
0.003897
0.011220
0.005241
0.002553
0.002486
0.004837
0.001948
0.002553
0.006517
0.004434
0.002150
0.003494
0.003830
0.003628
0.002016
0.001881
0.003695
0.008667
0.004770
0.002284
0.003158
0.004031
0.002553
0.001411
0.004434
0.003494
0.002620
0.003225
0.003762
0.003897
0.007189
0.001545
0.004434
0.003628
0.003225
0.001881
0.002217
0.002553
0.003830
0.002620
0.010078
0.002620
0.002553
0.001948
0.003359
0.001948
0.011623
0.003964
0.002620
0.002755
0.005106
0.001680
0.002419
0.003897
0.001344
0.005241
0.002352
0.006114
0.001948
0.003359
0.004367
0.002284
0.002352
0.004569
0.002889
0.007390
0.002217
0.002889
0.002352
0.003897
0.002217
0.009339
0.002553
0.004703
0.001209
0.002956
0.003023
0.004031
0.002956
0.002956
0.002687
0.012765
0.003561
0.002620
0.002284
0.002284
0.002486
0.008600
0.002217
0.003225
0.002217
0.003225
0.002150
0.002016
0.011220
0.003964
0.003023
0.003292
0.004031
0.001680
0.003494
0.005173
0.004031
0.006517
0.002284
0.003695
0.002284
0.004098
0.005308
0.003292
0.006920
0.004837
0.002956
0.002889
0.001411
0.001545
0.002352
0.003561
0.001612
0.003964
0.006517
0.002956
0.002083
0.001277
0.001612
0.003494
0.004636
0.001209
0.003426
0.008130
0.002889
0.003023
0.002352
0.006114
0.002083
0.003762
0.005106
0.003494
0.003494
0.002486
0.004703
0.003359
0.003494
0.002150
0.002217
0.005644
0.004569
0.002889
0.002083
0.003023
0.001478
0.003426
0.005375
0.003426
0.001814
0.002486
0.007323
0.004367
0.005644
0.001344
0.003023
0.005173
0.001948
0.000873
0.001948
0.001881
0.002620
0.004166
0.006047
0.002150
0.002016
0.001344
0.001747
0.001747
0.007928
0.002083
0.002083
0.005241
0.002889
0.001478
0.003023
0.005106
0.001881
0.005308
0.003830
0.002889
0.003091
0.006450
0.003023
0.002956
0.003023
0.002553
0.002150
0.007122
0.002284
0.002150
0.001277
0.002217
0.001545
0.007323
0.005173
0.003762
0.001478
0.002217
0.001075
0.003897
0.005039
0.001948
0.001680
0.009675
0.003292
0.001948
0.002419
0.001545
0.001680
0.006316
0.005173
0.003359
0.002687
0.002553
0.001680
0.002352
0.008130
0.002150
0.001747
0.005576
0.004972
0.002419
0.003292
0.003494
0.002083
0.004367
0.004367
0.003158
0.001814
0.005442
0.002150
0.005039
0.005711
0.002083
0.003359
0.003494
