0.098629
0.001008
0.002083
0.005106
0.002620
0.002284
0.010279
0.004770
0.001075
0.001747
0.002956
0.002755
0.003292
0.002016
0.005509
0.010951
0.004501
0.001209
0.002486
0.006316
0.002150
0.001344
0.009137
0.004972
0.001545
0.003762
0.003762
0.001948
0.001075
0.001545
0.006920
0.006987
0.004972
0.000941
0.002150
0.003897
0.009540
0.001008
0.007794
0.002352
0.002687
0.003426
0.005106
0.001814
0.014647
0.001209
0.005711
0.002419
0.004770
0.001008
0.002553
0.002083
0.004367
0.002352
0.011825
0.002755
0.004166
0.001142
0.003225
0.000873
0.012295
0.001948
0.004770
0.002284
0.003494
0.001075
0.001344
0.004905
0.001747
0.008734
0.001612
0.007323
0.001277
0.003964
0.003830
0.001948
0.001545
0.005845
0.001948
0.010481
0.002217
0.002083
0.001142
0.006584
0.002217
0.009339
0.003292
0.004098
0.001545
0.003964
0.001814
0.002284
0.002889
0.003561
0.002486
0.010951
0.005509
0.002150
0.001411
0.001881
0.006584
0.009944
0.002889
0.002284
0.002822
0.002553
0.002284
0.001344
0.011153
0.004501
0.003695
0.003292
0.007055
0.002016
0.001411
0.004367
0.004031
0.012026
0.001814
0.001344
0.002620
0.005308
0.002755
0.001814
0.008197
0.003158
0.001411
0.001411
0.001277
0.001881
0.002352
0.004300
0.002083
0.004166
0.005375
0.002150
0.001478
0.001142
0.002217
0.001814
0.004837
0.001881
0.003292
0.007055
0.002889
0.001747
0.002956
0.006853
0.000806
0.001545
0.005711
0.002822
0.002889
0.002150
0.004837
0.002083
0.001814
0.000806
0.003091
0.006248
0.005308
0.001545
0.002687
0.002486
0.004501
0.001478
0.006786
0.001209
0.002889
0.001545
0.007794
0.002352
0.009272
0.001075
0.003292
0.002150
0.004098
0.000605
0.003494
0.001545
0.003762
0.002687
0.005912
0.002016
0.004300
0.001209
0.002486
0.001411
0.007458
0.000941
0.002486
0.004770
0.001545
0.001680
0.002150
0.005912
0.001948
0.006047
0.002150
0.004166
0.001142
0.005980
0.002352
0.002620
0.002083
0.002553
0.001545
0.007323
0.001814
0.003426
0.001277
0.003964
0.001209
0.005173
0.003695
0.001411
0.001277
0.003695
0.001209
0.003359
0.004098
0.001612
0.001680
0.007189
0.005106
0.002687
0.001478
0.001277
0.002889
0.005241
0.003494
0.001680
0.002486
0.002352
0.001209
0.001075
0.007592
0.002284
0.002284
0.005106
0.006853
0.001881
0.001948
0.003225
0.002889
0.006517
0.003091
0.002217
0.003158
0.006920
0.001814
0.002150
0.006786
0.002822
0.002284
0.002419
