0.090231
0.001344
0.001478
0.004972
0.002687
0.002889
0.011354
0.004434
0.001747
0.001478
0.004367
0.001881
0.003023
0.002553
0.003494
0.014176
0.005576
0.001277
0.001411
0.007726
0.001142
0.001545
0.008398
0.006047
0.001209
0.004905
0.004434
0.002016
0.001612
0.003158
0.003964
0.008130
0.005644
0.000605
0.001478
0.004569
0.004636
0.001075
0.010212
0.003628
0.001008
0.003091
0.003023
0.001545
0.011287
0.001881
0.003964
0.002822
0.003830
0.000739
0.001411
0.002620
0.003091
0.002822
0.010212
0.002687
0.001747
0.002620
0.003628
0.001411
0.011556
0.002217
0.003225
0.002687
0.003561
0.000873
0.001142
0.006114
0.002083
0.009137
0.002284
0.005308
0.001008
0.004434
0.003494
0.003091
0.001814
0.004233
0.002419
0.007995
0.002217
0.001277
0.001008
0.008197
0.002889
0.008465
0.002687
0.004972
0.001008
0.004703
0.002755
0.003023
0.002486
0.003225
0.002419
0.012833
0.004367
0.001142
0.000806
0.003494
0.003897
0.012765
0.003091
0.003494
0.001814
0.004300
0.001948
0.001209
0.018543
0.002687
0.001814
0.003561
0.006517
0.001411
0.001008
0.006719
0.004098
0.007726
0.001142
0.002620
0.001680
0.004233
0.004569
0.001545
0.012094
0.005442
0.002016
0.002486
0.000806
0.001277
0.002486
0.006114
0.001411
0.005980
0.007055
0.002486
0.001142
0.000739
0.003158
0.003091
0.005778
0.001075
0.002016
0.009473
0.002150
0.002217
0.001075
0.008600
0.001680
0.003292
0.004636
0.003628
0.001277
0.002822
0.006517
0.002352
0.002822
0.001075
0.002083
0.006450
0.004905
0.000873
0.001209
0.002419
0.001747
0.002352
0.006920
0.002016
0.002150
0.002150
0.006987
0.002620
0.008398
0.000672
0.002553
0.003762
0.003494
0.001747
0.001478
0.002150
0.001478
0.004166
0.004972
0.001344
0.002755
0.001478
0.002620
0.002150
0.008533
0.000941
0.002284
0.003964
0.001680
0.001142
0.001478
0.005845
0.001680
0.006517
0.002889
0.003494
0.001881
0.007794
0.002486
0.003158
0.003023
0.001478
0.001209
0.008667
0.001478
0.001814
0.001411
0.005980
0.001948
0.006450
0.003292
0.002822
0.001747
0.002956
0.000873
0.005509
0.004233
0.002217
0.000873
0.007928
0.005241
0.001478
0.001478
0.001209
0.001814
0.006248
0.004233
0.002083
0.002016
0.003091
0.001075
0.001612
0.008801
0.001612
0.001478
0.007390
0.007592
0.001277
0.001277
0.003561
0.001545
0.004098
0.002217
0.002352
0.001612
0.005711
0.001411
0.002553
0.007323
0.002687
0.001075
0.003830
