0.088887
0.001881
0.003426
0.003695
0.002150
0.001411
0.016864
0.004233
0.001545
0.002419
0.003225
0.003091
0.003225
0.001344
0.004569
0.016528
0.004501
0.002016
0.002486
0.005644
0.001277
0.001545
0.013706
0.005845
0.001277
0.004166
0.004837
0.002620
0.001075
0.002352
0.004636
0.008734
0.002889
0.002419
0.002352
0.004098
0.002822
0.001545
0.012161
0.002486
0.001277
0.002889
0.005576
0.002217
0.008869
0.001948
0.005442
0.002620
0.001612
0.002083
0.002620
0.003023
0.002889
0.002217
0.017939
0.004367
0.002016
0.002284
0.002553
0.001747
0.011825
0.002822
0.004434
0.002956
0.003225
0.001680
0.002755
0.003695
0.001008
0.007055
0.002822
0.004233
0.001545
0.004501
0.004837
0.003091
0.001478
0.002150
0.002755
0.007189
0.000806
0.002553
0.001680
0.004300
0.002150
0.013169
0.002956
0.003964
0.001545
0.002150
0.002352
0.003023
0.001747
0.003494
0.003292
0.013908
0.001814
0.001814
0.001881
0.002755
0.003023
0.014243
0.003628
0.003091
0.001209
0.002016
0.002217
0.002755
0.013773
0.003292
0.002486
0.002352
0.003292
0.001277
0.001948
0.004434
0.002284
0.006181
0.002150
0.003426
0.001478
0.004837
0.004098
0.002687
0.005980
0.002419
0.002419
0.002217
0.000806
0.001948
0.003628
0.003964
0.001142
0.004166
0.008600
0.002755
0.001545
0.001277
0.004501
0.002687
0.004569
0.001814
0.002822
0.010279
0.001612
0.003292
0.001545
0.006584
0.001411
0.004636
0.006853
0.003762
0.001948
0.002352
0.005509
0.002150
0.002486
0.002419
0.002217
0.006316
0.005173
0.003225
0.002284
0.002755
0.000873
0.003225
0.004837
0.003292
0.001411
0.001948
0.008600
0.004098
0.005778
0.001948
0.002755
0.004367
0.001478
0.000873
0.002284
0.001948
0.001545
0.003225
0.007592
0.002486
0.001478
0.000806
0.003561
0.001948
0.006853
0.001948
0.002083
0.005509
0.001411
0.001142
0.004233
0.008062
0.000739
0.003695
0.003494
0.002687
0.002284
0.008130
0.004233
0.002889
0.001948
0.001881
0.003023
0.005375
0.000537
0.002083
0.002016
0.001747
0.001411
0.008398
0.004501
0.002822
0.001478
0.001344
0.002217
0.002889
0.004098
0.001814
0.002083
0.007861
0.002486
0.001478
0.002016
0.001478
0.001075
0.008936
0.004703
0.002150
0.001747
0.002217
0.001478
0.001814
0.006584
0.002419
0.002620
0.005912
0.005106
0.001142
0.002822
0.002956
0.001411
0.003225
0.004031
0.003494
0.001142
0.006248
0.001478
0.003494
0.003359
0.003091
0.002284
0.004501
