0.095808
0.002755
0.002956
0.003897
0.003158
0.002956
0.007726
0.003695
0.002083
0.002486
0.003561
0.002150
0.003292
0.002755
0.003628
0.006450
0.005778
0.003091
0.003561
0.003561
0.002755
0.002889
0.005980
0.002217
0.002755
0.006450
0.003964
0.002016
0.003359
0.002217
0.003494
0.004905
0.005912
0.002352
0.003359
0.005375
0.004233
0.002553
0.005039
0.002822
0.002150
0.003023
0.004972
0.001411
0.005644
0.001747
0.004098
0.002150
0.003359
0.002822
0.002889
0.002486
0.004972
0.001814
0.009406
0.002553
0.002553
0.001747
0.004501
0.002150
0.007794
0.002217
0.004233
0.003426
0.005576
0.003158
0.002284
0.003292
0.002217
0.008062
0.002352
0.003426
0.002687
0.003292
0.005173
0.001277
0.002889
0.004098
0.003225
0.004569
0.003225
0.003359
0.002553
0.003292
0.003561
0.007256
0.003091
0.003158
0.002016
0.003158
0.002687
0.002284
0.003158
0.004098
0.002755
0.007122
0.004233
0.003426
0.002016
0.002553
0.004703
0.009809
0.003426
0.002822
0.002889
0.002016
0.002486
0.001948
0.008936
0.004233
0.003292
0.002822
0.006383
0.003023
0.003023
0.004501
0.006181
0.005308
0.002150
0.002352
0.002822
0.004569
0.003762
0.003225
0.008600
0.002553
0.002755
0.002217
0.002150
0.001209
0.002486
0.003225
0.003023
0.005308
0.006248
0.002217
0.002284
0.001344
0.001814
0.001747
0.005308
0.002486
0.003695
0.005644
0.002620
0.003292
0.002956
0.004501
0.003426
0.002687
0.005644
0.002083
0.004166
0.003091
0.005308
0.002217
0.003897
0.003426
0.002217
0.004770
0.004501
0.002150
0.002284
0.003292
0.002620
0.002352
0.005509
0.003494
0.003158
0.001814
0.008465
0.002620
0.006517
0.002755
0.002419
0.004367
0.002822
0.001478
0.002755
0.001344
0.002553
0.004031
0.006987
0.002419
0.002889
0.001948
0.002620
0.001814
0.005711
0.002755
0.002352
0.005509
0.003359
0.000873
0.003158
0.004972
0.002822
0.004770
0.003695
0.002486
0.004367
0.005778
0.002889
0.002083
0.004300
0.003762
0.002956
0.004233
0.002419
0.002822
0.002150
0.001411
0.002419
0.005173
0.005711
0.001545
0.002150
0.002553
0.002217
0.002553
0.003426
0.003494
0.002553
0.004569
0.004367
0.001277
0.002553
0.001612
0.004098
0.006450
0.004905
0.003359
0.003561
0.002016
0.002352
0.001747
0.008869
0.003359
0.003695
0.004031
0.006450
0.002822
0.002889
0.002956
0.002284
0.003359
0.003494
0.002755
0.003628
0.007458
0.002755
0.003225
0.005442
0.003762
0.002284
0.004233
