0.093322
0.001747
0.003695
0.004837
0.001612
0.001814
0.015520
0.003897
0.001008
0.002419
0.004434
0.002755
0.002486
0.002352
0.006181
0.011825
0.002419
0.002284
0.002419
0.003561
0.001142
0.001881
0.010212
0.005241
0.000806
0.004300
0.005039
0.001277
0.002083
0.002284
0.005980
0.007458
0.004098
0.002083
0.002419
0.005912
0.002687
0.001545
0.008533
0.002553
0.001075
0.003494
0.004837
0.003426
0.006584
0.001881
0.006584
0.002687
0.002016
0.001075
0.002956
0.001612
0.002956
0.002419
0.017334
0.003964
0.001008
0.001948
0.004636
0.002016
0.014647
0.002486
0.005375
0.002687
0.003628
0.002150
0.002687
0.006248
0.001612
0.007122
0.002419
0.005106
0.001814
0.004031
0.003830
0.002284
0.001277
0.005106
0.003023
0.007928
0.001277
0.001344
0.001142
0.003292
0.001612
0.015923
0.003091
0.005241
0.001478
0.003292
0.001612
0.002687
0.002352
0.004098
0.003158
0.016393
0.002822
0.001411
0.002352
0.002284
0.002419
0.011153
0.002687
0.003494
0.001680
0.002956
0.001680
0.001747
0.010481
0.003023
0.003964
0.002083
0.002486
0.001142
0.001881
0.002956
0.002284
0.008331
0.002016
0.002687
0.000269
0.003023
0.004905
0.002352
0.006719
0.003964
0.002284
0.001747
0.001277
0.001747
0.003158
0.005241
0.000739
0.004636
0.009742
0.002822
0.001277
0.001545
0.004501
0.004098
0.003158
0.002083
0.004031
0.008197
0.001680
0.003494
0.002419
0.004636
0.001411
0.003830
0.006450
0.001814
0.002150
0.001948
0.006181
0.001814
0.002352
0.001545
0.003023
0.005576
0.005375
0.003091
0.003292
0.002956
0.001478
0.003359
0.006786
0.002620
0.001948
0.001680
0.007794
0.004233
0.003897
0.001142
0.004166
0.004098
0.001747
0.001478
0.003158
0.000941
0.001680
0.004098
0.011489
0.002486
0.001612
0.001209
0.003225
0.001680
0.007458
0.001680
0.003158
0.005644
0.002620
0.002486
0.003628
0.008197
0.001277
0.005308
0.003628
0.002016
0.002620
0.008331
0.001881
0.002083
0.003023
0.001747
0.002620
0.004837
0.000672
0.001680
0.001478
0.002687
0.001680
0.008465
0.005778
0.002419
0.000739
0.002352
0.002083
0.002620
0.003225
0.002553
0.002083
0.009608
0.003628
0.001881
0.001612
0.001075
0.000941
0.007995
0.005241
0.001881
0.002083
0.002352
0.001209
0.001478
0.006383
0.002016
0.002822
0.002687
0.003964
0.001545
0.003830
0.002419
0.001545
0.004636
0.003494
0.001881
0.000605
0.006114
0.001814
0.003426
0.003561
0.001881
0.002822
0.004166
