0.082975
0.002150
0.004905
0.003695
0.002889
0.001277
0.011220
0.003158
0.001075
0.000672
0.004770
0.001612
0.002956
0.001344
0.006517
0.011220
0.005644
0.001277
0.003426
0.002956
0.002352
0.001142
0.011690
0.003292
0.002889
0.003292
0.006181
0.001478
0.002889
0.002083
0.007458
0.007659
0.004098
0.001881
0.003762
0.005509
0.003695
0.001142
0.006383
0.001814
0.002822
0.003158
0.007458
0.003023
0.005644
0.000873
0.007390
0.001881
0.004703
0.001344
0.004501
0.001478
0.004098
0.001209
0.014915
0.003292
0.003897
0.001209
0.004098
0.001478
0.012497
0.002486
0.006719
0.003292
0.004770
0.002352
0.003494
0.004300
0.002889
0.004837
0.002755
0.004434
0.001881
0.002822
0.005375
0.001747
0.002956
0.001747
0.003494
0.006853
0.002150
0.001545
0.001747
0.001948
0.002889
0.009003
0.004166
0.004233
0.002083
0.001814
0.002553
0.001680
0.002822
0.001948
0.005375
0.010145
0.003023
0.001142
0.001612
0.002889
0.005711
0.008533
0.003695
0.002956
0.002352
0.001680
0.002687
0.001142
0.009675
0.002553
0.004434
0.002284
0.003897
0.001209
0.003225
0.003762
0.004031
0.005375
0.002687
0.001411
0.002150
0.003023
0.006316
0.002016
0.005778
0.002083
0.003762
0.002822
0.001411
0.000941
0.003628
0.004031
0.002822
0.004636
0.009675
0.001747
0.002284
0.001075
0.003964
0.002352
0.005308
0.001411
0.003628
0.007189
0.002083
0.002083
0.004031
0.005576
0.002284
0.002150
0.009339
0.002486
0.003225
0.001209
0.006719
0.001075
0.003023
0.002150
0.004636
0.006248
0.005375
0.002016
0.004569
0.003359
0.003292
0.001545
0.007659
0.002553
0.001478
0.000873
0.009205
0.004098
0.005509
0.001411
0.003695
0.004031
0.002755
0.001478
0.003897
0.001344
0.003426
0.004233
0.009205
0.003628
0.002956
0.001277
0.002889
0.001411
0.007861
0.002016
0.004300
0.005442
0.001545
0.001209
0.004569
0.006786
0.002217
0.002553
0.004233
0.002419
0.002083
0.005308
0.004233
0.001612
0.002553
0.002083
0.003494
0.004703
0.001142
0.002150
0.002486
0.001277
0.002822
0.006114
0.007323
0.002284
0.001747
0.001612
0.001209
0.001478
0.006316
0.002352
0.003023
0.006853
0.003091
0.002083
0.002419
0.001680
0.003158
0.004636
0.006584
0.002016
0.002352
0.001277
0.002352
0.001478
0.006383
0.001411
0.003225
0.004569
0.005576
0.001680
0.004703
0.001478
0.002956
0.003225
0.004837
0.001881
0.002419
0.004905
0.002822
0.002419
0.004636
0.001411
0.004166
0.004569
