0.083781
0.001344
0.003561
0.003359
0.003023
0.003494
0.013908
0.005980
0.001680
0.001478
0.002150
0.003897
0.002956
0.003494
0.005039
0.014714
0.004905
0.002083
0.002150
0.005039
0.000873
0.001142
0.009540
0.005711
0.002150
0.004367
0.003091
0.003830
0.000873
0.002016
0.006181
0.009809
0.002889
0.001747
0.002687
0.004233
0.005241
0.001814
0.008533
0.002217
0.001411
0.003091
0.003964
0.002083
0.009406
0.003225
0.004166
0.002016
0.003628
0.000941
0.003023
0.002016
0.003897
0.001612
0.015587
0.002889
0.002150
0.001545
0.002016
0.002150
0.013437
0.002352
0.003762
0.002620
0.003359
0.002352
0.003426
0.004166
0.001814
0.008533
0.001478
0.006651
0.001680
0.003426
0.003359
0.002687
0.001881
0.003426
0.001881
0.010078
0.001209
0.002016
0.001814
0.002822
0.003023
0.013504
0.002553
0.004166
0.000739
0.004166
0.002083
0.004098
0.002620
0.003628
0.002620
0.012900
0.001948
0.002150
0.001344
0.002553
0.003359
0.013236
0.001881
0.005912
0.002150
0.003225
0.002553
0.002217
0.011892
0.003091
0.002419
0.003426
0.004837
0.001747
0.003023
0.003158
0.004434
0.007726
0.001142
0.001881
0.001209
0.005106
0.003023
0.003225
0.009473
0.004166
0.002284
0.002486
0.001008
0.001277
0.003292
0.004031
0.001881
0.004703
0.009205
0.003023
0.001344
0.001075
0.002889
0.002822
0.004905
0.002083
0.003494
0.009070
0.002553
0.002755
0.001814
0.007928
0.001948
0.002083
0.005039
0.003964
0.002889
0.001814
0.004367
0.002755
0.003091
0.001142
0.003426
0.005241
0.005308
0.002822
0.001814
0.002217
0.001948
0.003292
0.004233
0.002687
0.001612
0.001142
0.006114
0.003359
0.005644
0.001545
0.001814
0.003561
0.002150
0.001680
0.002083
0.001209
0.001478
0.003561
0.008331
0.001680
0.001814
0.000806
0.002016
0.001948
0.010414
0.001142
0.003158
0.004300
0.003158
0.001747
0.003695
0.004905
0.001478
0.005980
0.003023
0.004972
0.002687
0.006114
0.002284
0.001344
0.003292
0.002620
0.002620
0.004905
0.001209
0.002352
0.001344
0.003561
0.001881
0.006987
0.003964
0.003225
0.001411
0.002620
0.000806
0.003561
0.004300
0.001411
0.001881
0.007995
0.004367
0.002150
0.001344
0.001344
0.001948
0.007525
0.003695
0.003091
0.001545
0.002486
0.001344
0.001680
0.008936
0.001680
0.002620
0.003897
0.005912
0.001814
0.003359
0.003762
0.001948
0.005173
0.003762
0.002956
0.001814
0.005576
0.002083
0.003830
0.005576
0.001747
0.002083
0.003426
