0.089559
0.000873
0.003158
0.004098
0.002352
0.001814
0.009070
0.002889
0.001209
0.001948
0.005442
0.003158
0.002687
0.002217
0.004098
0.009406
0.004703
0.001277
0.003023
0.003158
0.001747
0.002217
0.013773
0.007122
0.001209
0.004233
0.004569
0.001209
0.001612
0.001142
0.007726
0.009003
0.004636
0.000941
0.003225
0.004905
0.006920
0.001008
0.011019
0.000941
0.002956
0.003628
0.008398
0.001478
0.014512
0.002083
0.008533
0.001344
0.005039
0.001277
0.003292
0.001277
0.003762
0.003494
0.015318
0.003292
0.002956
0.001411
0.005039
0.000739
0.011220
0.002486
0.005711
0.003426
0.003762
0.001612
0.002419
0.004300
0.001344
0.007659
0.001478
0.004434
0.001478
0.004367
0.005442
0.001411
0.001612
0.004434
0.001344
0.007323
0.001680
0.002150
0.001277
0.002284
0.002687
0.012765
0.003494
0.004367
0.001075
0.004905
0.001277
0.000941
0.002822
0.004703
0.003426
0.010011
0.003359
0.001478
0.001478
0.001478
0.005308
0.012497
0.002486
0.001142
0.002150
0.004166
0.003091
0.001008
0.011690
0.003225
0.003292
0.001411
0.005778
0.001075
0.002284
0.003023
0.006316
0.008600
0.002083
0.001545
0.002016
0.004905
0.004098
0.000739
0.006786
0.003561
0.002755
0.001680
0.001008
0.000537
0.002822
0.003830
0.002352
0.004098
0.007726
0.001142
0.001612
0.001142
0.005576
0.002486
0.004905
0.002217
0.002217
0.005509
0.002486
0.001680
0.002217
0.004233
0.002016
0.002620
0.007525
0.002553
0.001747
0.001814
0.004837
0.000605
0.002150
0.001411
0.004905
0.007323
0.004703
0.002083
0.003225
0.002150
0.004098
0.003426
0.009070
0.001411
0.003292
0.003292
0.012228
0.002419
0.008264
0.001075
0.003628
0.001209
0.003897
0.001612
0.004166
0.000739
0.002486
0.003762
0.010279
0.001277
0.004233
0.000941
0.002889
0.000537
0.007390
0.002016
0.004166
0.006047
0.002150
0.002486
0.003023
0.006181
0.001814
0.006584
0.002284
0.003359
0.001545
0.007928
0.003897
0.003292
0.001881
0.002016
0.001612
0.004972
0.000537
0.003292
0.001209
0.001411
0.001948
0.008734
0.004837
0.002620
0.001411
0.002083
0.000739
0.001142
0.004031
0.001411
0.002889
0.005644
0.003494
0.001008
0.001814
0.000806
0.003225
0.006248
0.003695
0.000537
0.002284
0.002620
0.001680
0.000941
0.006181
0.001277
0.001277
0.003628
0.006316
0.001478
0.002553
0.001209
0.003158
0.005308
0.002553
0.001344
0.002620
0.007189
0.002083
0.001075
0.007189
0.001277
0.003426
0.001478
