0.081430
0.002217
0.001814
0.004501
0.002016
0.002822
0.010951
0.004837
0.001814
0.002352
0.003494
0.003762
0.002956
0.002016
0.004501
0.011287
0.004569
0.003359
0.001747
0.004905
0.002150
0.002553
0.008667
0.004031
0.002822
0.005576
0.005106
0.002419
0.002889
0.001881
0.002889
0.008062
0.002822
0.001814
0.001545
0.005711
0.002620
0.002419
0.005912
0.002755
0.002284
0.004770
0.004233
0.003359
0.007122
0.002822
0.002822
0.002956
0.003158
0.002284
0.002083
0.002687
0.003091
0.002687
0.013572
0.002620
0.002486
0.002755
0.003695
0.001814
0.012765
0.003494
0.003762
0.003561
0.004501
0.001680
0.002553
0.004501
0.002755
0.005845
0.002352
0.003023
0.001680
0.002687
0.005644
0.003494
0.002419
0.002217
0.002352
0.005375
0.002486
0.001814
0.002083
0.003561
0.002150
0.011220
0.002956
0.003628
0.001545
0.003628
0.003023
0.003091
0.003359
0.003762
0.002889
0.014109
0.002956
0.002620
0.001478
0.002150
0.004166
0.012497
0.003561
0.002486
0.002016
0.003494
0.003023
0.002419
0.012631
0.003292
0.003359
0.002822
0.004300
0.001612
0.002419
0.004367
0.003359
0.005845
0.002755
0.002889
0.001948
0.003964
0.004233
0.002284
0.007189
0.004031
0.002083
0.002687
0.001277
0.002553
0.001881
0.004703
0.001747
0.005711
0.008734
0.003091
0.001680
0.001545
0.003225
0.003023
0.004905
0.002217
0.002083
0.006987
0.001680
0.003158
0.002486
0.005173
0.002889
0.004367
0.005442
0.003158
0.004166
0.002620
0.005173
0.001680
0.003359
0.003091
0.001545
0.007189
0.004770
0.002755
0.002083
0.003158
0.002217
0.004233
0.005576
0.002352
0.001545
0.002016
0.007189
0.002956
0.005241
0.002419
0.001344
0.003359
0.001545
0.002620
0.002419
0.001814
0.001142
0.004367
0.008130
0.002352
0.001680
0.001948
0.002352
0.002217
0.007458
0.002956
0.002284
0.006584
0.001545
0.001545
0.003292
0.007189
0.002687
0.005039
0.004905
0.002620
0.003830
0.006853
0.003897
0.002150
0.003426
0.001209
0.002553
0.004166
0.001747
0.001948
0.002284
0.002553
0.001747
0.006987
0.005912
0.002620
0.002352
0.002956
0.001478
0.002016
0.004434
0.001814
0.001612
0.008734
0.003628
0.002687
0.002620
0.002486
0.001478
0.009137
0.005173
0.002284
0.002755
0.002620
0.002553
0.002620
0.008062
0.001612
0.002822
0.004569
0.004233
0.001612
0.003091
0.002687
0.001680
0.004233
0.003023
0.002284
0.001612
0.004434
0.002352
0.003292
0.005644
0.002284
0.002419
0.004098
