0.084050
0.001209
0.003695
0.004972
0.004098
0.004031
0.011422
0.005980
0.001277
0.002284
0.006719
0.002822
0.002687
0.004300
0.004166
0.013236
0.005644
0.001948
0.003158
0.006987
0.001680
0.001747
0.009675
0.004703
0.002083
0.003762
0.004233
0.002150
0.001680
0.002217
0.004972
0.009876
0.004233
0.002083
0.003023
0.003695
0.003225
0.002016
0.004972
0.002016
0.001478
0.002755
0.005576
0.001747
0.005039
0.002889
0.003561
0.001209
0.003561
0.001478
0.003426
0.003158
0.002620
0.003091
0.013437
0.003091
0.003561
0.002687
0.003292
0.001545
0.009339
0.002553
0.003897
0.002486
0.003158
0.002284
0.002217
0.004166
0.001612
0.011623
0.001612
0.004703
0.001277
0.004501
0.005241
0.001881
0.001075
0.006920
0.002083
0.009272
0.003292
0.003426
0.001411
0.003964
0.001747
0.010078
0.003292
0.002687
0.001344
0.004569
0.002620
0.001411
0.002150
0.003292
0.002822
0.009876
0.003292
0.002755
0.001142
0.001881
0.003830
0.012026
0.002284
0.002553
0.001478
0.002486
0.003561
0.001478
0.011287
0.006181
0.003225
0.002352
0.005644
0.003292
0.002822
0.004031
0.002687
0.006181
0.001747
0.001612
0.002150
0.005778
0.004233
0.001545
0.006047
0.004972
0.002553
0.001612
0.001209
0.001142
0.004166
0.004972
0.001612
0.004098
0.007323
0.001680
0.002822
0.001209
0.006316
0.002956
0.005912
0.002419
0.003426
0.008936
0.003830
0.003225
0.002822
0.006450
0.001545
0.003091
0.006786
0.002352
0.003494
0.002352
0.006853
0.002419
0.003830
0.001680
0.003897
0.006248
0.006047
0.002486
0.002687
0.001411
0.001948
0.002755
0.005106
0.001209
0.002016
0.002083
0.009406
0.002553
0.005241
0.002083
0.003091
0.003628
0.002553
0.002083
0.001948
0.001948
0.001411
0.003762
0.007659
0.002016
0.002889
0.002016
0.003225
0.001747
0.006181
0.001948
0.003561
0.003762
0.001881
0.002284
0.002352
0.005778
0.002620
0.008734
0.002553
0.002217
0.001612
0.007055
0.002687
0.001612
0.003426
0.002150
0.002486
0.005912
0.001545
0.003292
0.002016
0.001948
0.001277
0.005509
0.005375
0.001612
0.001948
0.003830
0.001545
0.002486
0.003561
0.002150
0.001948
0.006114
0.003830
0.002889
0.001277
0.001209
0.002352
0.007861
0.004636
0.001814
0.002150
0.004031
0.001881
0.001680
0.007458
0.002016
0.001545
0.005308
0.005644
0.002755
0.002419
0.001747
0.001545
0.003426
0.003091
0.001680
0.001478
0.006181
0.002016
0.001948
0.004636
0.002755
0.001680
0.003494
