0.094397
0.000672
0.001814
0.006517
0.002687
0.001948
0.011354
0.005308
0.001008
0.002217
0.004166
0.001881
0.003561
0.002822
0.004703
0.010951
0.005106
0.001209
0.001948
0.006651
0.001814
0.000873
0.012900
0.005442
0.001142
0.002755
0.004367
0.001948
0.001545
0.002150
0.005576
0.008331
0.004501
0.001478
0.001948
0.003830
0.010615
0.001075
0.009809
0.002620
0.002284
0.003359
0.004501
0.001612
0.014378
0.001545
0.007256
0.001881
0.005644
0.001612
0.003561
0.002553
0.003897
0.001747
0.010279
0.002553
0.003225
0.001411
0.003830
0.001277
0.011556
0.002620
0.004501
0.002217
0.003292
0.000941
0.000739
0.006383
0.002284
0.009876
0.001209
0.008936
0.001344
0.004166
0.003762
0.003292
0.001478
0.005375
0.000941
0.011758
0.002553
0.002217
0.000806
0.005442
0.004031
0.012833
0.002083
0.004770
0.001008
0.002620
0.002016
0.003359
0.002889
0.003359
0.002016
0.008667
0.003426
0.001747
0.000672
0.002755
0.004636
0.010078
0.002553
0.002687
0.002553
0.002284
0.001881
0.001277
0.010212
0.003359
0.002620
0.003426
0.006383
0.002150
0.001545
0.004434
0.005442
0.007525
0.001142
0.002217
0.002217
0.003628
0.003023
0.001545
0.009540
0.003426
0.001344
0.001411
0.001209
0.001277
0.002284
0.005173
0.002016
0.004031
0.006316
0.002889
0.001075
0.001209
0.002620
0.002553
0.004905
0.001277
0.003426
0.007861
0.002486
0.001881
0.002016
0.007256
0.001277
0.001948
0.006114
0.003225
0.002284
0.001209
0.006450
0.004434
0.003830
0.000873
0.002822
0.007726
0.006114
0.002217
0.002217
0.001612
0.004434
0.002016
0.005912
0.001142
0.001747
0.002352
0.006719
0.001209
0.008801
0.002016
0.002620
0.002284
0.004770
0.001545
0.004770
0.001612
0.002352
0.002889
0.006383
0.002217
0.004166
0.000806
0.003762
0.001545
0.007323
0.001075
0.002016
0.004098
0.001747
0.001411
0.002150
0.005845
0.001411
0.006248
0.001948
0.005106
0.002419
0.005845
0.001881
0.003359
0.002016
0.002620
0.001277
0.009876
0.001209
0.002687
0.001008
0.003561
0.001411
0.006248
0.004434
0.003426
0.001612
0.001881
0.000873
0.004770
0.003964
0.001075
0.001277
0.006450
0.003225
0.002083
0.001814
0.001209
0.001948
0.006248
0.003359
0.001478
0.002083
0.002352
0.001075
0.001948
0.007659
0.002217
0.002687
0.005308
0.007189
0.001814
0.002486
0.002016
0.002620
0.004770
0.002284
0.002150
0.002687
0.005509
0.001747
0.002620
0.004770
0.001344
0.000873
0.002150
