0.095001
0.001075
0.001277
0.002822
0.002956
0.001545
0.009003
0.001747
0.001478
0.002687
0.004972
0.002486
0.001747
0.002956
0.003225
0.013840
0.002889
0.000806
0.001075
0.003359
0.001814
0.001277
0.015251
0.003359
0.001075
0.001680
0.004501
0.001277
0.001411
0.002217
0.004703
0.004636
0.006047
0.001881
0.001881
0.002687
0.004434
0.001411
0.008130
0.001344
0.003561
0.007659
0.005241
0.001478
0.006786
0.002284
0.003830
0.001075
0.004031
0.001948
0.002083
0.001814
0.004837
0.005778
0.015050
0.002217
0.002217
0.003292
0.006316
0.000470
0.012833
0.006383
0.004905
0.002889
0.005106
0.003561
0.001075
0.003091
0.001411
0.003628
0.001209
0.002755
0.002620
0.009944
0.006047
0.001680
0.001814
0.005173
0.001814
0.012161
0.003023
0.001612
0.001277
0.001881
0.002755
0.011623
0.003426
0.002419
0.000941
0.004098
0.001747
0.001680
0.003830
0.005241
0.002687
0.006584
0.005644
0.003964
0.000537
0.001008
0.004636
0.005375
0.002620
0.001881
0.005039
0.010481
0.001814
0.000403
0.009944
0.003964
0.002284
0.003897
0.006316
0.001411
0.000739
0.001612
0.006987
0.012295
0.001277
0.000806
0.001814
0.005039
0.002755
0.001142
0.015520
0.007794
0.002083
0.000605
0.001948
0.001008
0.002150
0.003628
0.001478
0.002486
0.004837
0.001881
0.001344
0.000941
0.003426
0.002889
0.003897
0.000873
0.001411
0.002419
0.001478
0.001545
0.001612
0.011287
0.001680
0.001948
0.008264
0.002755
0.001612
0.001142
0.005308
0.001680
0.001344
0.000941
0.002016
0.002284
0.010347
0.005509
0.001814
0.002687
0.003426
0.002687
0.006651
0.001478
0.004098
0.003561
0.010615
0.002217
0.005845
0.001814
0.001881
0.001209
0.003091
0.001344
0.001478
0.000470
0.002352
0.009205
0.009742
0.001209
0.002486
0.001277
0.003225
0.000739
0.006517
0.003830
0.000873
0.002352
0.005644
0.005442
0.001612
0.002956
0.001344
0.004233
0.001478
0.002016
0.003494
0.006853
0.002486
0.001344
0.002083
0.002217
0.001411
0.002217
0.001209
0.003964
0.001344
0.008398
0.003225
0.011422
0.006316
0.002486
0.001545
0.002956
0.000739
0.001411
0.005778
0.003561
0.001075
0.003494
0.006450
0.005980
0.000806
0.000537
0.001948
0.005509
0.003830
0.001075
0.004434
0.005442
0.000873
0.001209
0.006651
0.001545
0.000873
0.001209
0.006383
0.002687
0.001209
0.003964
0.004098
0.013840
0.002352
0.001075
0.003091
0.003695
0.001747
0.001344
0.008465
0.004098
0.000470
0.001277
