0.094598
0.002553
0.001411
0.004031
0.002687
0.004233
0.006248
0.003897
0.001747
0.003023
0.003628
0.001277
0.002150
0.004367
0.001747
0.007390
0.005173
0.003091
0.001142
0.004636
0.002352
0.002687
0.004837
0.003225
0.003628
0.004972
0.003628
0.002352
0.002822
0.002620
0.002284
0.004434
0.005912
0.002016
0.002553
0.006047
0.002486
0.002419
0.004031
0.002822
0.002822
0.006181
0.004972
0.001948
0.005778
0.002352
0.003023
0.001612
0.003292
0.002687
0.002486
0.003359
0.003292
0.004233
0.007995
0.003964
0.002352
0.003359
0.002352
0.002419
0.009070
0.003762
0.003695
0.003359
0.004569
0.002956
0.001612
0.006047
0.002352
0.008869
0.001948
0.003561
0.002486
0.006719
0.005509
0.002016
0.002352
0.004837
0.001948
0.005442
0.003830
0.003091
0.002352
0.003897
0.003628
0.008398
0.004233
0.002956
0.002217
0.004501
0.002889
0.002553
0.003091
0.002889
0.003091
0.007928
0.003158
0.002620
0.002553
0.003292
0.002687
0.010347
0.002486
0.003695
0.002755
0.004300
0.003023
0.001814
0.007256
0.002687
0.003091
0.003292
0.005106
0.001881
0.002150
0.005173
0.003426
0.005308
0.002217
0.001948
0.002419
0.005241
0.004166
0.002620
0.006316
0.003426
0.002284
0.002956
0.002956
0.001948
0.001747
0.005173
0.002620
0.005173
0.004636
0.002486
0.002486
0.002553
0.003091
0.001478
0.004300
0.003023
0.001814
0.005375
0.002620
0.003964
0.001277
0.005308
0.003158
0.003426
0.003359
0.002352
0.003023
0.003494
0.004837
0.002822
0.003023
0.001881
0.002620
0.004636
0.006651
0.002755
0.002016
0.002553
0.002352
0.004367
0.003091
0.001747
0.003292
0.002889
0.009406
0.002755
0.004434
0.002620
0.002083
0.002284
0.003830
0.002284
0.001478
0.001747
0.002889
0.005711
0.005241
0.002284
0.001948
0.002083
0.002217
0.002889
0.005778
0.002486
0.002687
0.006383
0.004300
0.002956
0.003023
0.007794
0.002419
0.006651
0.002687
0.002687
0.003762
0.009675
0.003292
0.001747
0.002956
0.003762
0.002956
0.004367
0.002822
0.003225
0.001747
0.003628
0.003091
0.006248
0.005980
0.002284
0.001948
0.005308
0.001948
0.003023
0.006114
0.003023
0.002956
0.004905
0.004770
0.001747
0.001747
0.001545
0.003023
0.005912
0.004569
0.002889
0.002419
0.003762
0.001075
0.001344
0.004905
0.003561
0.002419
0.005375
0.007055
0.002822
0.002822
0.002755
0.002352
0.004636
0.003494
0.002284
0.001814
0.008062
0.002620
0.002217
0.005375
0.002889
0.003023
0.003561
