0.086536
0.001344
0.003225
0.005106
0.002486
0.002620
0.014176
0.005106
0.000873
0.002083
0.002620
0.004300
0.003561
0.002217
0.004972
0.014647
0.003897
0.001411
0.002419
0.005442
0.001411
0.001478
0.010011
0.006316
0.002284
0.003897
0.004501
0.003225
0.001142
0.002083
0.003494
0.012564
0.002486
0.002016
0.001680
0.005173
0.002889
0.001277
0.006987
0.002284
0.001344
0.003359
0.004434
0.002687
0.009473
0.000941
0.007256
0.002889
0.002419
0.001209
0.003695
0.003023
0.002486
0.001344
0.013236
0.003225
0.002822
0.002016
0.004031
0.001545
0.012094
0.003359
0.003628
0.002956
0.002284
0.001612
0.002083
0.004569
0.001747
0.007592
0.001881
0.004300
0.001545
0.003628
0.003628
0.002687
0.001411
0.002352
0.003628
0.010145
0.002083
0.002419
0.001545
0.004166
0.000672
0.014781
0.002687
0.007458
0.001277
0.002687
0.001142
0.005308
0.001142
0.006316
0.001478
0.014848
0.001814
0.002687
0.001075
0.003158
0.002419
0.013773
0.002755
0.002889
0.002284
0.001814
0.001277
0.001680
0.013034
0.003292
0.003695
0.001948
0.003964
0.001881
0.002687
0.004233
0.003830
0.009406
0.002687
0.001814
0.002217
0.003830
0.005241
0.002889
0.008130
0.006383
0.002352
0.002486
0.000873
0.001680
0.002083
0.005980
0.001948
0.004770
0.008062
0.003964
0.001411
0.000806
0.002217
0.003897
0.003292
0.001142
0.003762
0.009003
0.004031
0.003292
0.002822
0.006316
0.001747
0.003158
0.006316
0.002822
0.003897
0.002150
0.005845
0.003359
0.002486
0.001411
0.002553
0.006584
0.003628
0.002486
0.001612
0.003561
0.001814
0.003091
0.006853
0.002419
0.001545
0.001478
0.006651
0.003830
0.004837
0.001008
0.002687
0.004569
0.002687
0.001209
0.002016
0.001680
0.001747
0.004367
0.008331
0.002352
0.002150
0.000672
0.002620
0.001612
0.004501
0.001747
0.002016
0.005509
0.001680
0.001814
0.003695
0.006383
0.002217
0.004837
0.002486
0.004501
0.002687
0.007726
0.002284
0.003023
0.002352
0.001612
0.002083
0.005711
0.000806
0.002553
0.001881
0.001814
0.000806
0.009137
0.003897
0.002687
0.001277
0.000806
0.001680
0.003292
0.002553
0.001814
0.001747
0.010011
0.002284
0.002150
0.001008
0.001344
0.002217
0.008398
0.005308
0.002217
0.002755
0.001680
0.001277
0.001814
0.006786
0.001478
0.002956
0.004300
0.005576
0.001142
0.003091
0.002284
0.001747
0.004636
0.003225
0.002687
0.001411
0.005576
0.001680
0.003359
0.003695
0.002352
0.002352
0.003964
