0.100040
0.001680
0.001747
0.004972
0.002755
0.002687
0.011690
0.004166
0.001814
0.002352
0.002755
0.002956
0.001680
0.002687
0.003897
0.014848
0.003091
0.002755
0.002150
0.004300
0.001680
0.002217
0.004703
0.003292
0.002150
0.003762
0.004569
0.003091
0.001948
0.002150
0.002755
0.007055
0.002486
0.002217
0.001814
0.005845
0.002419
0.001948
0.006719
0.002419
0.002083
0.005644
0.003695
0.003426
0.005980
0.002284
0.003359
0.003158
0.002755
0.001747
0.002150
0.002822
0.002687
0.001881
0.010817
0.003225
0.002419
0.003561
0.003292
0.001680
0.015318
0.002419
0.003023
0.003964
0.004031
0.001411
0.001814
0.005711
0.002889
0.007794
0.002419
0.003628
0.002755
0.004905
0.004166
0.003023
0.002217
0.004636
0.002620
0.012497
0.001881
0.002553
0.001881
0.004434
0.001948
0.011556
0.002150
0.003426
0.001680
0.003830
0.002217
0.003628
0.003158
0.003628
0.002150
0.014445
0.002687
0.002217
0.001814
0.002284
0.002755
0.012429
0.002553
0.002889
0.002956
0.003023
0.002419
0.001881
0.010078
0.003359
0.003023
0.003964
0.002687
0.002217
0.001747
0.005241
0.003091
0.004367
0.002352
0.002150
0.001277
0.004300
0.005509
0.002419
0.008062
0.002016
0.002150
0.002150
0.001881
0.002889
0.002083
0.004770
0.002150
0.005778
0.008936
0.003292
0.002016
0.001344
0.001411
0.002687
0.003561
0.002150
0.001680
0.008801
0.002284
0.003897
0.001747
0.005576
0.002352
0.004837
0.003561
0.001814
0.002553
0.002016
0.005845
0.002889
0.003158
0.001814
0.001680
0.006786
0.004837
0.002352
0.002016
0.003494
0.001612
0.004098
0.005375
0.002553
0.001612
0.001881
0.006181
0.003225
0.004031
0.001881
0.001478
0.004166
0.001545
0.002687
0.001344
0.002016
0.002419
0.005241
0.007592
0.002150
0.001142
0.001478
0.002150
0.002284
0.008130
0.001680
0.001747
0.006853
0.002419
0.001814
0.003023
0.007390
0.002486
0.006450
0.004098
0.003091
0.003023
0.008533
0.001545
0.003426
0.003897
0.002016
0.001411
0.006248
0.001814
0.002419
0.001948
0.002687
0.001814
0.007458
0.004636
0.002553
0.002419
0.002822
0.001545
0.002822
0.004636
0.001344
0.002419
0.010279
0.002889
0.002083
0.002553
0.001881
0.001948
0.008801
0.006383
0.002956
0.001612
0.001277
0.001612
0.002016
0.006450
0.001680
0.001680
0.005778
0.003762
0.002553
0.002486
0.002217
0.001881
0.003225
0.004434
0.002284
0.001545
0.004837
0.002553
0.003225
0.004636
0.001277
0.001948
0.004770
