0.096815
0.002553
0.003494
0.003426
0.001747
0.003494
0.012094
0.005106
0.001277
0.002687
0.002486
0.002755
0.001612
0.002889
0.003695
0.012497
0.002755
0.003762
0.002150
0.005576
0.001545
0.002889
0.007189
0.004031
0.002822
0.004837
0.004166
0.001612
0.001478
0.002889
0.002889
0.007189
0.002889
0.003695
0.001814
0.004770
0.001680
0.002150
0.007592
0.002889
0.001008
0.004098
0.002822
0.003964
0.003628
0.002284
0.004569
0.002687
0.001612
0.002755
0.002217
0.002755
0.002217
0.002419
0.010011
0.004031
0.001612
0.002755
0.003695
0.001814
0.010011
0.003158
0.004233
0.003292
0.003695
0.002553
0.003762
0.003695
0.001814
0.007256
0.002486
0.004300
0.003158
0.003292
0.003830
0.001747
0.001478
0.003628
0.003225
0.006987
0.002755
0.002956
0.001814
0.004233
0.001747
0.012228
0.002217
0.005442
0.001948
0.003158
0.002755
0.002486
0.001881
0.003695
0.002755
0.011287
0.001478
0.002419
0.001814
0.002956
0.002284
0.012228
0.004031
0.003695
0.001545
0.003695
0.002083
0.002016
0.009675
0.003762
0.003359
0.002956
0.003426
0.002687
0.004031
0.005711
0.001881
0.007390
0.001814
0.003292
0.002217
0.003628
0.004905
0.004905
0.004501
0.003628
0.002889
0.002956
0.001075
0.002284
0.002284
0.004837
0.002150
0.004703
0.009473
0.002755
0.001411
0.001209
0.001344
0.002419
0.003695
0.002217
0.002956
0.011153
0.001344
0.005039
0.002352
0.006316
0.001478
0.004972
0.003292
0.002352
0.003762
0.003359
0.007122
0.001948
0.003292
0.003158
0.001948
0.006383
0.003897
0.004233
0.001612
0.002150
0.001881
0.004703
0.004770
0.002755
0.000739
0.002083
0.005845
0.005308
0.003897
0.001881
0.003830
0.005644
0.001142
0.002083
0.002822
0.000873
0.002016
0.004501
0.008331
0.002486
0.001881
0.001277
0.002486
0.001747
0.006316
0.002217
0.002217
0.004770
0.001142
0.002553
0.004569
0.005442
0.002284
0.004837
0.005711
0.003091
0.003292
0.007122
0.003359
0.001814
0.002889
0.002419
0.002956
0.005912
0.001411
0.004098
0.001277
0.001545
0.002150
0.007592
0.003426
0.002217
0.001478
0.002755
0.001478
0.002822
0.004233
0.002083
0.002016
0.010212
0.002620
0.001814
0.001142
0.001411
0.002016
0.010011
0.006047
0.002083
0.002016
0.002016
0.000941
0.001948
0.005442
0.002419
0.002486
0.005912
0.002956
0.002419
0.005039
0.002486
0.002016
0.004905
0.004031
0.002822
0.001411
0.005106
0.003292
0.005375
0.004098
0.001881
0.002755
0.004770
