0.101586
0.001680
0.001747
0.003561
0.002755
0.002150
0.009272
0.004300
0.002217
0.002687
0.002889
0.003359
0.003292
0.002352
0.003561
0.014983
0.004569
0.001881
0.001209
0.003225
0.002419
0.002620
0.006450
0.003292
0.002553
0.004703
0.003897
0.001881
0.002553
0.001948
0.002755
0.006920
0.005039
0.002284
0.001814
0.003494
0.003292
0.002284
0.005039
0.002486
0.002284
0.005644
0.004905
0.002486
0.006920
0.001612
0.003561
0.002352
0.003830
0.002150
0.002553
0.002284
0.003628
0.002956
0.009944
0.003359
0.002687
0.002553
0.003158
0.002150
0.012900
0.003225
0.003494
0.003359
0.005442
0.002016
0.001680
0.002889
0.001612
0.006114
0.002687
0.003359
0.002486
0.004434
0.005106
0.002620
0.001881
0.002889
0.002284
0.009070
0.002687
0.002352
0.002150
0.003762
0.003023
0.009876
0.002150
0.003426
0.002553
0.002553
0.002217
0.003359
0.004098
0.003091
0.002486
0.012564
0.004703
0.002620
0.001478
0.002755
0.002150
0.009876
0.002083
0.002755
0.003225
0.004367
0.001545
0.002016
0.014378
0.002956
0.003359
0.002889
0.003695
0.001680
0.002486
0.004770
0.003628
0.005241
0.001680
0.003091
0.002419
0.003023
0.004098
0.003225
0.004434
0.003426
0.002284
0.002352
0.003091
0.002956
0.001814
0.004166
0.003091
0.003494
0.005980
0.002956
0.003628
0.001814
0.002083
0.001881
0.004972
0.001881
0.001881
0.010011
0.001948
0.002687
0.001680
0.004905
0.002150
0.003964
0.004031
0.002419
0.002822
0.001814
0.005375
0.002083
0.003897
0.001680
0.001747
0.003494
0.006517
0.003225
0.001478
0.002419
0.002486
0.003292
0.004501
0.003225
0.003023
0.003225
0.007458
0.003695
0.004905
0.002284
0.002553
0.004972
0.002755
0.002553
0.002419
0.002083
0.003292
0.006316
0.006719
0.002822
0.002150
0.002284
0.002687
0.002352
0.008465
0.002755
0.002016
0.002687
0.002889
0.002217
0.002687
0.004501
0.002553
0.004233
0.004233
0.002083
0.003292
0.007794
0.002889
0.002150
0.004501
0.001075
0.002217
0.005308
0.002553
0.002016
0.002889
0.001478
0.002352
0.008667
0.006450
0.002083
0.002553
0.002150
0.001747
0.001881
0.005375
0.002419
0.002016
0.007189
0.004233
0.002217
0.002755
0.002217
0.002217
0.006047
0.005845
0.002352
0.002687
0.001344
0.002352
0.002553
0.007323
0.001612
0.002150
0.005644
0.005711
0.002083
0.004233
0.002083
0.003225
0.005308
0.002755
0.003023
0.002016
0.003695
0.001948
0.004166
0.005106
0.002083
0.001814
0.004166
