0.093053
0.001344
0.004300
0.006450
0.002217
0.002284
0.012698
0.004098
0.001478
0.002016
0.003628
0.003023
0.001277
0.002352
0.005711
0.014848
0.002486
0.001814
0.002083
0.005375
0.002217
0.001344
0.008465
0.006316
0.001680
0.003628
0.004501
0.002352
0.001209
0.001680
0.007189
0.014714
0.003762
0.002016
0.003628
0.004367
0.004569
0.000739
0.007323
0.001612
0.001478
0.003426
0.006450
0.001545
0.005711
0.000739
0.006114
0.001142
0.001411
0.000806
0.002889
0.002284
0.003830
0.001344
0.015251
0.003426
0.002150
0.001411
0.003023
0.001545
0.013975
0.002352
0.006114
0.004031
0.004367
0.001881
0.002352
0.006987
0.001209
0.010347
0.001612
0.006786
0.002486
0.003561
0.004098
0.002217
0.001209
0.005173
0.001209
0.010145
0.001142
0.002083
0.000806
0.004501
0.002486
0.013840
0.004367
0.003762
0.001612
0.002083
0.002352
0.003023
0.002755
0.003762
0.004367
0.016662
0.002217
0.002083
0.001344
0.002352
0.003494
0.013101
0.001881
0.003091
0.001612
0.001814
0.002083
0.000941
0.012094
0.004367
0.002284
0.002755
0.003023
0.001142
0.001948
0.003628
0.003494
0.006047
0.002486
0.002553
0.001277
0.003426
0.003494
0.002016
0.007995
0.003158
0.002352
0.003091
0.001008
0.000806
0.004233
0.006517
0.001277
0.004703
0.008734
0.002217
0.000605
0.000537
0.003023
0.003158
0.002419
0.001948
0.003023
0.011086
0.001344
0.002889
0.002083
0.008130
0.001747
0.002419
0.004703
0.003158
0.002620
0.002083
0.003897
0.002822
0.002620
0.002150
0.004098
0.007995
0.004233
0.002553
0.005912
0.002889
0.002486
0.003292
0.003897
0.001277
0.001344
0.001612
0.008331
0.002956
0.004300
0.001612
0.004166
0.003964
0.002553
0.001075
0.002486
0.001008
0.002553
0.004166
0.010347
0.001680
0.001411
0.001209
0.001612
0.001277
0.007525
0.001344
0.003426
0.004569
0.001747
0.001277
0.003897
0.006248
0.000873
0.004972
0.002822
0.002889
0.003023
0.007525
0.002822
0.002956
0.002016
0.002553
0.002553
0.007323
0.000873
0.001277
0.001478
0.003158
0.001478
0.008062
0.004905
0.002956
0.000873
0.001478
0.001545
0.003494
0.005039
0.002217
0.003023
0.008264
0.003561
0.001612
0.002083
0.000941
0.002016
0.008801
0.003426
0.001948
0.001411
0.001411
0.001747
0.001814
0.006853
0.001277
0.001612
0.003964
0.004434
0.001075
0.002352
0.001747
0.002486
0.003494
0.003762
0.001814
0.001478
0.005644
0.001747
0.003023
0.004031
0.002217
0.002150
0.003158
