0.082169
0.001881
0.003762
0.002620
0.002620
0.003225
0.013169
0.004098
0.001814
0.000806
0.003023
0.002687
0.002956
0.002687
0.002889
0.009675
0.004233
0.003426
0.003023
0.002755
0.002352
0.002016
0.007794
0.004636
0.004905
0.005375
0.002956
0.001545
0.001747
0.002150
0.003023
0.008667
0.002822
0.002889
0.002822
0.003225
0.003023
0.002956
0.006517
0.002016
0.001545
0.002822
0.004972
0.002755
0.008465
0.002956
0.004031
0.002016
0.002755
0.001948
0.004031
0.002620
0.004367
0.001881
0.014378
0.002620
0.003426
0.002352
0.002889
0.002553
0.010884
0.001545
0.003695
0.002755
0.004434
0.001478
0.004300
0.003225
0.002217
0.009003
0.002822
0.003964
0.003225
0.002083
0.004972
0.001680
0.002284
0.003023
0.003158
0.006047
0.002822
0.003561
0.002822
0.002419
0.001545
0.010683
0.002755
0.003561
0.002284
0.002150
0.002755
0.002620
0.001747
0.003091
0.002822
0.012497
0.002150
0.001747
0.002016
0.001209
0.004501
0.014042
0.003628
0.003830
0.002150
0.001209
0.002284
0.002016
0.015318
0.003628
0.003091
0.002083
0.003964
0.001881
0.004636
0.004166
0.002687
0.005644
0.003359
0.002755
0.002553
0.003426
0.005039
0.004098
0.006786
0.002284
0.003561
0.002150
0.001209
0.001411
0.002889
0.002620
0.002419
0.005509
0.008734
0.003695
0.002083
0.001344
0.002553
0.002083
0.004501
0.002150
0.003897
0.008600
0.002755
0.005509
0.002284
0.003359
0.002889
0.003964
0.004434
0.003158
0.004703
0.003158
0.004501
0.002016
0.004636
0.002486
0.003628
0.005173
0.005778
0.003091
0.003091
0.002217
0.001209
0.006248
0.003897
0.003158
0.001344
0.001545
0.008734
0.003964
0.005308
0.002620
0.002822
0.004166
0.001478
0.001814
0.002889
0.000873
0.002956
0.002419
0.009205
0.002016
0.002956
0.001680
0.002956
0.002755
0.007525
0.000941
0.003695
0.004367
0.002419
0.000470
0.005509
0.004300
0.003091
0.005980
0.004166
0.003359
0.005375
0.003762
0.003561
0.000806
0.003964
0.002016
0.002956
0.004972
0.001814
0.002284
0.002755
0.001747
0.002016
0.007525
0.005375
0.002486
0.002687
0.001747
0.001747
0.002486
0.003762
0.001478
0.002284
0.007861
0.003359
0.001680
0.001881
0.000739
0.003964
0.009473
0.004501
0.002284
0.001612
0.000672
0.001680
0.002486
0.008465
0.001747
0.002889
0.003897
0.004972
0.001008
0.004569
0.002553
0.001881
0.004434
0.004703
0.002755
0.002486
0.004569
0.002620
0.005509
0.004501
0.000873
0.003359
0.003897
