0.085797
0.000873
0.002822
0.005912
0.002217
0.002620
0.009137
0.004703
0.000806
0.001277
0.003225
0.003426
0.001881
0.002553
0.003561
0.009944
0.003628
0.001747
0.001277
0.004501
0.001344
0.001411
0.010481
0.007928
0.000873
0.004905
0.002889
0.002486
0.001545
0.001612
0.006248
0.014378
0.005241
0.001142
0.001344
0.004569
0.003494
0.001411
0.007659
0.001612
0.002419
0.003292
0.005106
0.002352
0.006920
0.001814
0.005039
0.001344
0.005106
0.001209
0.000941
0.001814
0.005576
0.002217
0.010683
0.003426
0.002217
0.001209
0.001612
0.001209
0.013706
0.002553
0.005241
0.004031
0.003695
0.002889
0.001814
0.007525
0.001747
0.016595
0.001209
0.009675
0.001545
0.004636
0.003964
0.004166
0.001344
0.005173
0.001478
0.011220
0.001411
0.003426
0.000672
0.004636
0.002553
0.012765
0.003158
0.006987
0.001277
0.005509
0.001612
0.004166
0.002620
0.004166
0.002889
0.017200
0.003830
0.002217
0.001209
0.002755
0.003225
0.012765
0.000806
0.002083
0.001142
0.003426
0.001612
0.001545
0.012698
0.004837
0.001344
0.002553
0.004233
0.002083
0.000537
0.003426
0.003426
0.007726
0.002150
0.002284
0.001008
0.005644
0.002217
0.002217
0.010347
0.006450
0.001680
0.002150
0.000537
0.001209
0.002755
0.006719
0.001478
0.003897
0.004972
0.002553
0.000941
0.000941
0.002620
0.003695
0.004098
0.003158
0.001209
0.006987
0.001545
0.001612
0.000739
0.005845
0.001209
0.002284
0.007928
0.005308
0.001612
0.003292
0.004031
0.002419
0.002620
0.002150
0.003494
0.008062
0.006920
0.002150
0.003426
0.003964
0.003023
0.001344
0.004166
0.001142
0.002016
0.001411
0.007390
0.002150
0.006316
0.001344
0.002755
0.001814
0.003158
0.001747
0.001277
0.000672
0.001747
0.003628
0.005576
0.002486
0.002822
0.000672
0.000873
0.001142
0.008197
0.001747
0.002419
0.004233
0.003158
0.003359
0.001814
0.010884
0.001277
0.008465
0.001478
0.004367
0.002419
0.006651
0.003023
0.002687
0.002352
0.003964
0.000739
0.008264
0.000941
0.003359
0.000605
0.002620
0.001948
0.006920
0.004703
0.004905
0.001478
0.003426
0.000537
0.004972
0.003964
0.003426
0.001209
0.009540
0.003359
0.002217
0.001075
0.001814
0.001680
0.005711
0.003426
0.001680
0.001209
0.002620
0.000537
0.001814
0.006651
0.002553
0.000739
0.003225
0.006719
0.002419
0.000941
0.001612
0.001680
0.006047
0.001545
0.002822
0.001545
0.006316
0.001075
0.002687
0.005778
0.004098
0.001411
0.003023
