0.100443
0.000873
0.002553
0.005778
0.001478
0.001277
0.014714
0.004569
0.001142
0.002553
0.004501
0.003628
0.001209
0.002486
0.004434
0.017670
0.003359
0.001814
0.002620
0.004703
0.001814
0.001881
0.007726
0.004905
0.001277
0.003762
0.004031
0.002150
0.001142
0.002419
0.005711
0.009070
0.003561
0.002016
0.002284
0.005039
0.002419
0.002083
0.011354
0.001747
0.001277
0.004166
0.004770
0.002083
0.006114
0.002016
0.007189
0.001814
0.003023
0.000941
0.002486
0.002083
0.003964
0.002553
0.014176
0.002822
0.001814
0.002486
0.003023
0.001948
0.014512
0.002352
0.003561
0.003830
0.002755
0.001411
0.002083
0.005039
0.002217
0.006651
0.001478
0.005845
0.001411
0.005980
0.004569
0.001747
0.000941
0.003091
0.002956
0.009608
0.001881
0.002083
0.000941
0.003695
0.002822
0.016595
0.003158
0.004837
0.000873
0.002956
0.001277
0.002083
0.002553
0.002687
0.003023
0.015453
0.002553
0.002083
0.000470
0.001948
0.004300
0.014714
0.002486
0.002889
0.001411
0.002956
0.002352
0.001478
0.014512
0.002687
0.002755
0.002755
0.002553
0.001747
0.001814
0.004300
0.002419
0.007525
0.001209
0.001948
0.001277
0.003695
0.003225
0.002486
0.006719
0.003964
0.002755
0.001411
0.001075
0.001747
0.002822
0.005576
0.000941
0.004367
0.009675
0.002486
0.001277
0.001209
0.003561
0.002755
0.003359
0.001612
0.002083
0.009339
0.001612
0.003091
0.002352
0.008667
0.001142
0.003628
0.006047
0.004300
0.002822
0.001881
0.006316
0.002822
0.002486
0.001881
0.003091
0.005912
0.006047
0.003964
0.002822
0.002486
0.001008
0.003964
0.005576
0.002687
0.002150
0.003023
0.007525
0.003225
0.004367
0.001814
0.003091
0.003561
0.001344
0.001277
0.003561
0.001948
0.002016
0.004569
0.008331
0.001545
0.001680
0.001277
0.002016
0.001277
0.006248
0.001008
0.002889
0.004905
0.001344
0.001747
0.003426
0.006920
0.001680
0.004031
0.004031
0.002419
0.001881
0.013504
0.003494
0.002889
0.001814
0.001411
0.001612
0.005845
0.000672
0.003158
0.001344
0.002755
0.000873
0.009003
0.004501
0.002889
0.001277
0.001478
0.000470
0.002352
0.004300
0.001344
0.001478
0.009070
0.003494
0.002419
0.000941
0.001747
0.001075
0.007189
0.004031
0.001948
0.001277
0.003091
0.001612
0.001545
0.006584
0.001209
0.001478
0.004636
0.005845
0.001478
0.003628
0.001881
0.001814
0.004031
0.003561
0.001277
0.001411
0.006450
0.002016
0.003158
0.003225
0.001881
0.001344
0.003292
