0.098361
0.001948
0.002419
0.004166
0.002889
0.003292
0.011623
0.004905
0.002150
0.001747
0.002284
0.003494
0.003897
0.002284
0.003695
0.012161
0.005845
0.003830
0.002352
0.004434
0.002217
0.001612
0.008600
0.005039
0.003830
0.004569
0.002822
0.002889
0.002687
0.001411
0.003830
0.006584
0.003158
0.002822
0.002217
0.005912
0.001881
0.002150
0.005644
0.003158
0.001209
0.003762
0.003494
0.004636
0.004837
0.001612
0.003426
0.003359
0.003494
0.001680
0.002553
0.002755
0.001814
0.002016
0.009944
0.003695
0.001545
0.002150
0.002217
0.002419
0.010279
0.001948
0.004837
0.002956
0.002755
0.001680
0.004031
0.005039
0.002553
0.007189
0.002150
0.004501
0.002486
0.003023
0.004636
0.002217
0.002284
0.003225
0.002150
0.005711
0.002486
0.002687
0.002486
0.003695
0.001814
0.010615
0.003023
0.004300
0.001814
0.003494
0.001881
0.003091
0.002016
0.003225
0.002553
0.012967
0.001680
0.002822
0.002284
0.003292
0.002687
0.011556
0.002889
0.003628
0.001612
0.002217
0.002284
0.001478
0.011623
0.003897
0.002687
0.002889
0.004636
0.002486
0.004166
0.004501
0.002956
0.004569
0.002352
0.002620
0.001747
0.003494
0.003426
0.003158
0.004501
0.002687
0.002956
0.002687
0.001881
0.001142
0.002822
0.004703
0.001814
0.004501
0.008197
0.003158
0.001411
0.001142
0.002217
0.002284
0.005711
0.001814
0.004098
0.009473
0.002889
0.003964
0.002284
0.006786
0.001814
0.004501
0.004972
0.002284
0.003964
0.002956
0.005039
0.002553
0.003897
0.002217
0.002956
0.005576
0.003628
0.003628
0.001747
0.003695
0.002284
0.004434
0.003964
0.003426
0.001478
0.001478
0.006114
0.005778
0.004098
0.002284
0.003023
0.005375
0.002083
0.001612
0.002755
0.002352
0.002083
0.003359
0.007323
0.003292
0.002284
0.001277
0.002016
0.001277
0.005778
0.001344
0.002553
0.006517
0.001747
0.002217
0.005442
0.006853
0.002016
0.004367
0.003426
0.002486
0.003292
0.006114
0.003359
0.002150
0.004166
0.002352
0.002620
0.005912
0.001747
0.002352
0.001142
0.002150
0.001747
0.006920
0.004300
0.003359
0.001344
0.002016
0.001881
0.003225
0.004166
0.002486
0.002150
0.008398
0.002553
0.003158
0.001344
0.001814
0.002956
0.006383
0.004233
0.002687
0.001881
0.000941
0.001142
0.002419
0.008734
0.003158
0.002889
0.006248
0.007458
0.001948
0.003091
0.002553
0.001814
0.003158
0.004636
0.003426
0.001680
0.006316
0.003091
0.003762
0.003695
0.001680
0.002620
0.005576
