0.105012
0.001680
0.002620
0.003023
0.004434
0.002486
0.012564
0.003023
0.001881
0.002284
0.003964
0.001747
0.004300
0.002822
0.004098
0.013840
0.005778
0.001680
0.002553
0.003426
0.003158
0.002150
0.009137
0.002620
0.001545
0.005980
0.003830
0.001277
0.002687
0.002016
0.001948
0.005912
0.004098
0.002150
0.001478
0.003762
0.005711
0.001411
0.009272
0.001747
0.002956
0.004031
0.003897
0.002016
0.009473
0.001680
0.002889
0.001545
0.004166
0.001747
0.001680
0.002956
0.004434
0.002956
0.013169
0.002889
0.001747
0.002687
0.002822
0.002083
0.010347
0.003292
0.003762
0.002956
0.004031
0.002217
0.001075
0.002687
0.002687
0.008465
0.002083
0.002822
0.002150
0.002553
0.003897
0.001881
0.001814
0.004166
0.002150
0.006248
0.002620
0.001277
0.001680
0.002956
0.003091
0.014983
0.003292
0.004300
0.002217
0.003695
0.001948
0.002150
0.002956
0.005375
0.002016
0.012967
0.004300
0.002889
0.002150
0.001814
0.003897
0.013975
0.002620
0.002620
0.003359
0.004233
0.002687
0.001545
0.012765
0.004166
0.002687
0.003023
0.004770
0.003023
0.001881
0.005375
0.003628
0.011287
0.001680
0.002016
0.002083
0.005509
0.003830
0.001948
0.007323
0.003964
0.001209
0.001545
0.002755
0.002553
0.002083
0.003225
0.003091
0.004233
0.006786
0.001545
0.002822
0.002150
0.003359
0.002083
0.007256
0.002284
0.002352
0.006248
0.004434
0.002687
0.002486
0.005644
0.002150
0.002822
0.003628
0.001209
0.002553
0.002822
0.005173
0.001814
0.002620
0.002150
0.001344
0.003359
0.005711
0.002822
0.001344
0.002486
0.003897
0.002620
0.004166
0.002217
0.002217
0.002822
0.006047
0.001948
0.005980
0.002083
0.002486
0.003225
0.003494
0.001948
0.001680
0.002016
0.001680
0.004300
0.005845
0.002217
0.002284
0.002419
0.002419
0.001747
0.006584
0.002016
0.001411
0.003561
0.001814
0.001948
0.002016
0.004031
0.001948
0.004233
0.003023
0.001747
0.002150
0.006853
0.002620
0.001881
0.002755
0.001881
0.001814
0.003158
0.002956
0.002150
0.001411
0.003091
0.002217
0.007861
0.003897
0.001277
0.001948
0.004031
0.001612
0.002284
0.004098
0.002016
0.001545
0.006248
0.004972
0.003023
0.001612
0.002217
0.002620
0.007995
0.004434
0.002822
0.002755
0.002553
0.001545
0.002486
0.009205
0.002755
0.002486
0.003762
0.008062
0.002956
0.003091
0.001948
0.002352
0.005980
0.001814
0.001881
0.002822
0.007794
0.003292
0.001948
0.004166
0.002620
0.001545
0.003023
