0.093926
0.001612
0.001142
0.002687
0.003023
0.001881
0.007525
0.003695
0.001411
0.002889
0.002889
0.001747
0.003359
0.003158
0.001277
0.009406
0.005241
0.002083
0.001008
0.003964
0.002352
0.001747
0.006181
0.004367
0.002217
0.004166
0.003695
0.001545
0.001612
0.001612
0.004703
0.012967
0.007323
0.002016
0.000941
0.003494
0.010347
0.001680
0.008130
0.001478
0.003426
0.005039
0.004972
0.000941
0.010951
0.001881
0.003158
0.001008
0.005845
0.001545
0.001344
0.002352
0.005241
0.003897
0.008936
0.002352
0.002889
0.002016
0.004770
0.001344
0.010481
0.002822
0.003830
0.003158
0.004703
0.003158
0.000941
0.004166
0.002083
0.007189
0.001209
0.004703
0.002284
0.005644
0.004501
0.001814
0.001478
0.006114
0.001277
0.008264
0.002419
0.002352
0.000806
0.003762
0.002889
0.012161
0.002620
0.003897
0.001545
0.003695
0.001612
0.002889
0.002553
0.005778
0.001478
0.012228
0.004703
0.003023
0.000739
0.001008
0.004300
0.011287
0.001612
0.002419
0.003695
0.004636
0.002083
0.001277
0.014915
0.004300
0.001948
0.002553
0.007995
0.001814
0.001209
0.003964
0.005576
0.006719
0.002352
0.002150
0.002956
0.005173
0.003292
0.001680
0.008197
0.004837
0.000873
0.001612
0.001814
0.001881
0.001948
0.003695
0.001680
0.004501
0.004367
0.001948
0.001747
0.002083
0.001075
0.003091
0.004972
0.002687
0.001478
0.006114
0.002284
0.003426
0.001411
0.004770
0.002016
0.002083
0.004972
0.002687
0.002150
0.003292
0.003359
0.001545
0.003158
0.002217
0.001209
0.005308
0.008130
0.002889
0.002083
0.003695
0.004501
0.003158
0.005644
0.001948
0.003762
0.002889
0.006651
0.002620
0.008734
0.002419
0.001612
0.001344
0.009070
0.002553
0.001008
0.001142
0.003964
0.004972
0.007323
0.002822
0.003158
0.001747
0.003158
0.000605
0.008197
0.002284
0.001478
0.004501
0.002956
0.004300
0.001545
0.006383
0.001814
0.004905
0.001881
0.002620
0.002755
0.008533
0.002016
0.002217
0.003091
0.003897
0.001277
0.005241
0.002150
0.003561
0.001209
0.002419
0.001814
0.007055
0.004770
0.001747
0.001478
0.003561
0.000739
0.002755
0.004367
0.003695
0.001277
0.007525
0.006114
0.003158
0.000873
0.002217
0.002687
0.006719
0.003359
0.001680
0.003628
0.003494
0.001277
0.001680
0.006853
0.002352
0.001142
0.004031
0.008398
0.002553
0.001209
0.001411
0.003561
0.006114
0.002956
0.001277
0.002687
0.006450
0.001680
0.002217
0.006786
0.003628
0.000941
0.002486
