0.088014
0.001277
0.003964
0.002352
0.003830
0.001948
0.013169
0.004233
0.002620
0.000873
0.004098
0.003426
0.003359
0.001008
0.005173
0.012765
0.003964
0.002284
0.002956
0.003830
0.002352
0.001277
0.008869
0.004501
0.003762
0.004031
0.004770
0.002889
0.003158
0.001545
0.004501
0.007995
0.003561
0.001411
0.002486
0.003897
0.005442
0.001948
0.007055
0.002352
0.002352
0.004367
0.005644
0.002352
0.007659
0.001344
0.003897
0.002284
0.003426
0.001142
0.003426
0.002687
0.003561
0.001747
0.013101
0.003158
0.003494
0.001478
0.004166
0.002083
0.012429
0.001545
0.005576
0.003091
0.004031
0.001881
0.003762
0.003695
0.002956
0.006450
0.002889
0.002822
0.002889
0.003561
0.005576
0.002956
0.002284
0.002352
0.003292
0.007122
0.003292
0.002352
0.002553
0.003091
0.003225
0.009876
0.003023
0.002687
0.002486
0.001747
0.003023
0.002687
0.002889
0.001478
0.004434
0.010615
0.002419
0.001680
0.002755
0.003023
0.004770
0.009608
0.004569
0.002553
0.003292
0.001478
0.003695
0.001612
0.009205
0.001277
0.004300
0.003225
0.003897
0.001209
0.002956
0.003762
0.003830
0.004837
0.002083
0.002016
0.002822
0.002687
0.005509
0.002284
0.006584
0.001612
0.003628
0.001747
0.001948
0.001411
0.002822
0.003091
0.002419
0.004233
0.010145
0.002889
0.002016
0.001142
0.002419
0.002217
0.004837
0.001075
0.003561
0.006383
0.003225
0.002553
0.002217
0.005442
0.002419
0.002687
0.006248
0.003359
0.003964
0.001478
0.007189
0.002016
0.004972
0.001344
0.004501
0.004703
0.005576
0.002016
0.002755
0.002352
0.003426
0.002217
0.007055
0.002687
0.001545
0.002217
0.008533
0.002956
0.007256
0.001478
0.003426
0.004837
0.002419
0.001612
0.003494
0.001814
0.002419
0.004367
0.009339
0.002419
0.003762
0.000605
0.002284
0.001478
0.008398
0.002217
0.003292
0.004569
0.002352
0.001142
0.003762
0.005442
0.003762
0.004636
0.004837
0.002755
0.002822
0.007256
0.003023
0.001411
0.004031
0.001209
0.001545
0.004166
0.001680
0.002083
0.002486
0.002956
0.002755
0.005509
0.006450
0.002755
0.002352
0.001277
0.002217
0.002150
0.005308
0.001747
0.003628
0.006450
0.002822
0.001209
0.003762
0.001209
0.002956
0.005375
0.006248
0.002083
0.002889
0.001008
0.002687
0.000873
0.007592
0.001075
0.002687
0.004905
0.004636
0.000672
0.004770
0.001948
0.002083
0.002822
0.004837
0.002284
0.002419
0.006248
0.003628
0.002620
0.004501
0.001075
0.003292
0.003225
