0.084117
0.000537
0.003426
0.004501
0.003091
0.001478
0.014311
0.003023
0.000941
0.001277
0.003426
0.001142
0.002620
0.001814
0.004972
0.010884
0.005106
0.001075
0.002217
0.004233
0.001612
0.000403
0.008331
0.003964
0.001008
0.004636
0.003964
0.000134
0.001142
0.000806
0.006651
0.004367
0.005644
0.000672
0.004166
0.003359
0.010817
0.000672
0.024120
0.001478
0.001478
0.003023
0.004569
0.000873
0.016259
0.001478
0.010145
0.002083
0.006786
0.000470
0.006450
0.001814
0.005173
0.002284
0.014176
0.001814
0.002486
0.000672
0.004501
0.000269
0.010279
0.002217
0.004367
0.001478
0.003561
0.001209
0.000941
0.005173
0.003091
0.013504
0.000806
0.003628
0.000605
0.004972
0.002016
0.001344
0.001680
0.007592
0.000806
0.008465
0.002284
0.002150
0.000403
0.003628
0.002419
0.013034
0.003023
0.003695
0.000605
0.005644
0.000806
0.001344
0.001747
0.004569
0.001545
0.010548
0.004905
0.002889
0.001142
0.001612
0.005845
0.017603
0.002016
0.001344
0.001948
0.004972
0.001209
0.000537
0.012026
0.006584
0.002553
0.002016
0.006047
0.002083
0.001344
0.003695
0.005442
0.014243
0.000537
0.001411
0.001075
0.007323
0.003695
0.000941
0.008062
0.007794
0.001411
0.001478
0.001075
0.000873
0.002217
0.003762
0.001545
0.004098
0.005912
0.000806
0.000941
0.000403
0.002755
0.001612
0.005375
0.001209
0.003292
0.006181
0.002889
0.001411
0.002217
0.004166
0.000806
0.001209
0.003292
0.000806
0.002486
0.001814
0.006987
0.000403
0.002889
0.001411
0.004905
0.003964
0.005778
0.001948
0.003091
0.002284
0.004905
0.001142
0.011220
0.000470
0.001814
0.002016
0.006316
0.001478
0.011825
0.000605
0.007458
0.002956
0.006450
0.001075
0.005980
0.001680
0.002620
0.003292
0.007055
0.001344
0.003158
0.000672
0.005778
0.001008
0.006651
0.000941
0.003964
0.003830
0.002284
0.001277
0.001209
0.006584
0.000941
0.009205
0.000806
0.001680
0.001612
0.006920
0.001075
0.001142
0.003359
0.003695
0.000739
0.005644
0.001008
0.003359
0.000470
0.002553
0.001008
0.007861
0.002150
0.000873
0.000605
0.002956
0.000941
0.001545
0.004031
0.001747
0.001075
0.007256
0.004367
0.002016
0.000873
0.002083
0.001411
0.009540
0.003830
0.000739
0.002553
0.002150
0.000806
0.000672
0.010615
0.002889
0.001612
0.003830
0.006450
0.003292
0.002352
0.003091
0.002553
0.009944
0.001545
0.000739
0.002553
0.007055
0.001680
0.002083
0.006316
0.003762
0.001478
0.003091
