0.086402
0.001478
0.001612
0.002956
0.002755
0.003897
0.011892
0.003023
0.000941
0.002553
0.002419
0.002687
0.001948
0.005912
0.003494
0.012833
0.003023
0.003292
0.001344
0.005576
0.001881
0.002419
0.009540
0.004703
0.002553
0.003426
0.004367
0.001680
0.001612
0.002016
0.004098
0.008197
0.004031
0.001881
0.001545
0.003897
0.004972
0.002284
0.010414
0.003225
0.002486
0.004098
0.003426
0.001814
0.007794
0.002016
0.004233
0.002016
0.002419
0.001747
0.002284
0.001881
0.003964
0.002486
0.013572
0.002352
0.002553
0.002217
0.003225
0.000941
0.015318
0.002822
0.003830
0.001680
0.003225
0.002889
0.001814
0.003292
0.002217
0.010414
0.001612
0.002822
0.002755
0.004233
0.003359
0.002016
0.001478
0.006920
0.002217
0.008667
0.001881
0.004367
0.000672
0.003897
0.003158
0.012765
0.002284
0.004434
0.001814
0.003561
0.001680
0.002016
0.002486
0.004367
0.002687
0.012698
0.002687
0.003292
0.001545
0.001277
0.004837
0.013840
0.002419
0.003426
0.003628
0.003091
0.001008
0.001411
0.015520
0.006114
0.002889
0.003292
0.003561
0.003628
0.001948
0.004972
0.006047
0.008398
0.000739
0.001680
0.002687
0.005173
0.004434
0.001881
0.008801
0.006584
0.001209
0.001008
0.001545
0.001680
0.001680
0.004837
0.002419
0.004367
0.008600
0.001545
0.001075
0.001478
0.002419
0.002419
0.003494
0.003426
0.001814
0.008398
0.002016
0.003897
0.002352
0.005442
0.001948
0.002822
0.005576
0.001881
0.003628
0.003494
0.006248
0.002016
0.003964
0.002284
0.001814
0.004636
0.003695
0.003091
0.001411
0.001814
0.002217
0.003695
0.006651
0.001277
0.001881
0.002419
0.006920
0.002620
0.004233
0.002486
0.002150
0.002889
0.002150
0.002486
0.001545
0.000739
0.002486
0.004233
0.009473
0.001277
0.002352
0.000941
0.002217
0.001680
0.007995
0.001814
0.001814
0.003695
0.002083
0.001814
0.002687
0.004434
0.002284
0.005039
0.003897
0.002284
0.003830
0.005912
0.003292
0.001680
0.003023
0.003964
0.001680
0.005106
0.001008
0.003158
0.001008
0.002419
0.001680
0.009339
0.004905
0.001411
0.001344
0.003628
0.001277
0.002486
0.003628
0.002822
0.001814
0.007659
0.003897
0.002687
0.001545
0.000941
0.004031
0.009003
0.004905
0.002217
0.003225
0.002687
0.001142
0.001075
0.008197
0.002956
0.001814
0.004166
0.004636
0.003426
0.002620
0.001411
0.003225
0.005442
0.003494
0.001881
0.001948
0.007122
0.002755
0.002822
0.004636
0.003762
0.002016
0.002486
