0.068127
0.002553
0.003292
0.004770
0.002016
0.003023
0.011825
0.005509
0.002352
0.001948
0.002822
0.003225
0.002016
0.002822
0.003561
0.014714
0.003426
0.003494
0.002352
0.004300
0.001680
0.002486
0.007122
0.007189
0.002419
0.004636
0.004166
0.002889
0.001747
0.001948
0.003494
0.008936
0.002956
0.003695
0.001814
0.006047
0.002419
0.002016
0.004905
0.002889
0.001344
0.004098
0.003964
0.004434
0.004434
0.002284
0.003359
0.002956
0.001545
0.002016
0.002150
0.002419
0.002620
0.001411
0.013706
0.004501
0.001545
0.002352
0.002150
0.002755
0.011354
0.003762
0.003628
0.004501
0.003225
0.001948
0.003561
0.005912
0.001411
0.007861
0.001948
0.005173
0.003426
0.004233
0.004501
0.002016
0.001545
0.004031
0.002755
0.009540
0.001344
0.002284
0.002083
0.003292
0.002083
0.013706
0.003023
0.005644
0.001411
0.002889
0.001747
0.001881
0.001881
0.004434
0.002687
0.014848
0.001612
0.002553
0.001344
0.003158
0.001680
0.014647
0.002150
0.003830
0.001545
0.003292
0.002352
0.002956
0.009675
0.004031
0.003359
0.003091
0.003158
0.001814
0.003561
0.003292
0.002016
0.006316
0.002486
0.003426
0.001277
0.004367
0.004434
0.003695
0.005912
0.003695
0.003494
0.003359
0.000873
0.001612
0.002889
0.004703
0.001277
0.004233
0.009137
0.003359
0.001277
0.000941
0.002352
0.003023
0.003695
0.001612
0.002755
0.010347
0.002486
0.005308
0.001612
0.005375
0.001948
0.004434
0.005106
0.003359
0.004501
0.002755
0.005845
0.002217
0.003225
0.002352
0.002956
0.008600
0.004636
0.005308
0.001277
0.003494
0.001209
0.004905
0.003897
0.002284
0.001142
0.002284
0.006316
0.006047
0.003494
0.002889
0.002822
0.004905
0.001814
0.002016
0.002687
0.001612
0.002217
0.003897
0.007726
0.002889
0.001209
0.001277
0.001008
0.001277
0.005980
0.002352
0.002419
0.006786
0.002284
0.001814
0.005644
0.008600
0.001814
0.004972
0.004434
0.003091
0.004569
0.006517
0.002956
0.002822
0.003158
0.002620
0.002620
0.005912
0.000873
0.003359
0.001478
0.003023
0.002284
0.009944
0.004770
0.002956
0.000605
0.001948
0.001008
0.001814
0.003897
0.003023
0.001747
0.012161
0.002083
0.002016
0.001948
0.002553
0.001478
0.009205
0.004703
0.002822
0.001881
0.001142
0.001344
0.001545
0.005980
0.002150
0.002419
0.004098
0.005509
0.001612
0.003628
0.002620
0.001948
0.003964
0.004300
0.003830
0.001008
0.006316
0.001545
0.004636
0.003158
0.002486
0.002687
0.005644
