0.082841
0.000672
0.001344
0.003762
0.002016
0.003158
0.011086
0.004770
0.000739
0.002553
0.004166
0.003628
0.001209
0.003426
0.002956
0.016528
0.004031
0.001142
0.000470
0.003964
0.000806
0.001411
0.004434
0.006987
0.000941
0.004972
0.003426
0.002352
0.000806
0.001478
0.003561
0.007592
0.005509
0.000873
0.000806
0.002217
0.007323
0.001747
0.008600
0.000806
0.000806
0.003292
0.005711
0.001209
0.014378
0.002284
0.003426
0.000941
0.005980
0.000336
0.001142
0.000941
0.003964
0.001881
0.010750
0.001814
0.001948
0.002150
0.003225
0.000605
0.012161
0.002352
0.003292
0.002956
0.003091
0.001344
0.000873
0.004905
0.001411
0.016393
0.002150
0.010750
0.000739
0.005308
0.003426
0.003628
0.001075
0.011959
0.000941
0.022104
0.001411
0.002956
0.000202
0.005106
0.002150
0.010279
0.001411
0.004703
0.000605
0.006651
0.002352
0.006651
0.002284
0.005845
0.001881
0.013236
0.005442
0.001612
0.000470
0.001411
0.005980
0.012900
0.002486
0.002284
0.002150
0.004703
0.001612
0.001209
0.018006
0.006517
0.001545
0.002083
0.006316
0.001075
0.001075
0.003292
0.008398
0.007794
0.001478
0.001545
0.001478
0.006047
0.003964
0.001142
0.015050
0.005912
0.001612
0.000537
0.000605
0.000941
0.001814
0.004166
0.001209
0.005980
0.006584
0.003426
0.001008
0.001344
0.002083
0.002284
0.003561
0.001277
0.000537
0.006383
0.001814
0.002419
0.000269
0.006719
0.001008
0.003292
0.003695
0.004434
0.002016
0.003561
0.003695
0.001680
0.000941
0.000672
0.001209
0.003561
0.005375
0.001612
0.001142
0.001075
0.003830
0.003359
0.005980
0.000806
0.001142
0.001747
0.007928
0.001008
0.008533
0.001008
0.001209
0.000806
0.003023
0.000470
0.001612
0.000537
0.001545
0.003695
0.006719
0.001747
0.002889
0.000941
0.002486
0.000470
0.007794
0.001075
0.000873
0.002284
0.001545
0.002083
0.001612
0.005509
0.001075
0.011556
0.002755
0.006383
0.002352
0.006853
0.002620
0.003091
0.000739
0.005173
0.000873
0.010884
0.000873
0.003091
0.000941
0.004703
0.001411
0.006920
0.003695
0.003695
0.001075
0.006987
0.000873
0.005509
0.003225
0.001747
0.001277
0.008331
0.003628
0.002822
0.000873
0.000672
0.002956
0.010279
0.003897
0.001881
0.002352
0.002889
0.001948
0.001075
0.009070
0.001478
0.000739
0.004098
0.007592
0.002419
0.001814
0.001680
0.003964
0.005845
0.002755
0.001344
0.003225
0.006719
0.003158
0.002016
0.010951
0.002217
0.000605
0.001075
