0.105012
0.001680
0.002083
0.002956
0.005173
0.002620
0.012161
0.003158
0.002016
0.002150
0.003897
0.001680
0.005576
0.003225
0.003561
0.011287
0.005845
0.002352
0.002553
0.002956
0.002620
0.001881
0.007055
0.001478
0.001948
0.005308
0.003426
0.001008
0.001881
0.002419
0.002956
0.005778
0.005173
0.001881
0.001680
0.003628
0.004905
0.001277
0.006920
0.001814
0.002419
0.003225
0.004837
0.001545
0.009406
0.001814
0.002419
0.001881
0.003762
0.002284
0.001747
0.002956
0.003426
0.002889
0.013639
0.003292
0.002016
0.002755
0.003091
0.002083
0.009944
0.002956
0.003023
0.002620
0.004501
0.002889
0.001075
0.002822
0.002553
0.007794
0.001747
0.002486
0.001680
0.002687
0.003830
0.001814
0.002486
0.004300
0.001545
0.006114
0.002889
0.002486
0.001814
0.003023
0.003292
0.015184
0.003695
0.003225
0.002083
0.003897
0.002217
0.001948
0.003359
0.004300
0.001680
0.012698
0.005106
0.003695
0.001948
0.002083
0.003695
0.014512
0.002956
0.002553
0.002419
0.004569
0.002553
0.001478
0.012967
0.004367
0.002822
0.002553
0.005778
0.003830
0.001545
0.005241
0.003830
0.010548
0.001612
0.002150
0.002553
0.005442
0.003628
0.001747
0.006517
0.004972
0.001209
0.001612
0.002822
0.002755
0.002284
0.002956
0.002956
0.003628
0.006786
0.001747
0.002755
0.002016
0.004031
0.001881
0.007122
0.002620
0.001747
0.005980
0.004905
0.002352
0.002553
0.005576
0.002284
0.002553
0.004300
0.001142
0.002687
0.003091
0.005576
0.001814
0.002822
0.002217
0.001344
0.003091
0.006114
0.002620
0.001545
0.002620
0.003359
0.002486
0.003561
0.002284
0.002687
0.002553
0.006719
0.001881
0.005308
0.002284
0.002083
0.002822
0.003426
0.002284
0.001612
0.002016
0.001881
0.004233
0.005308
0.001680
0.002016
0.002150
0.002755
0.001747
0.007189
0.002217
0.001344
0.003897
0.002284
0.002553
0.002150
0.003897
0.001747
0.003628
0.003023
0.001478
0.002352
0.007458
0.002822
0.001948
0.003494
0.002419
0.002083
0.003225
0.002553
0.002419
0.001478
0.002553
0.002016
0.007390
0.003359
0.001612
0.001948
0.003628
0.002016
0.002284
0.004905
0.002486
0.001747
0.005845
0.005308
0.003628
0.001747
0.002352
0.003091
0.008398
0.004233
0.002755
0.002352
0.003158
0.001545
0.002620
0.008801
0.002956
0.002352
0.003695
0.009809
0.003091
0.003023
0.001881
0.002486
0.005711
0.001881
0.001814
0.002284
0.008600
0.003494
0.001948
0.005039
0.003628
0.001612
0.003225
