0.092381
0.001209
0.003695
0.002150
0.003897
0.002419
0.015050
0.003091
0.000806
0.001612
0.004098
0.002553
0.002822
0.002755
0.005845
0.022171
0.004233
0.001747
0.002486
0.003628
0.001747
0.001411
0.012026
0.005912
0.003292
0.004300
0.004233
0.001411
0.001881
0.002486
0.007390
0.016528
0.003762
0.001747
0.001545
0.002486
0.007055
0.002016
0.011354
0.002217
0.000672
0.003561
0.004770
0.001209
0.008600
0.001344
0.008331
0.001545
0.004233
0.001344
0.003225
0.002284
0.002620
0.001680
0.015587
0.001814
0.003695
0.001680
0.004031
0.001008
0.012094
0.002620
0.004300
0.002486
0.002620
0.001344
0.001277
0.002553
0.002352
0.009876
0.001680
0.004972
0.002083
0.003426
0.004569
0.001075
0.001411
0.003292
0.002217
0.010884
0.001075
0.002150
0.001545
0.002486
0.002620
0.015654
0.002284
0.003695
0.001411
0.003897
0.001075
0.002956
0.001814
0.003023
0.003225
0.015117
0.003158
0.002822
0.001478
0.001209
0.005106
0.016259
0.001747
0.003225
0.001680
0.002419
0.002822
0.001075
0.014579
0.003628
0.004367
0.002553
0.004166
0.002217
0.001948
0.002016
0.002553
0.006450
0.001142
0.001209
0.002419
0.005241
0.004501
0.001411
0.008130
0.003225
0.001948
0.001142
0.001411
0.001209
0.002755
0.004300
0.002217
0.006114
0.011354
0.001075
0.001344
0.001411
0.003225
0.002620
0.004703
0.001814
0.002687
0.008600
0.001948
0.003964
0.003158
0.005644
0.001411
0.003225
0.007458
0.002687
0.004367
0.001747
0.004636
0.001344
0.003023
0.001344
0.002889
0.005375
0.004905
0.002284
0.001680
0.001881
0.003561
0.003561
0.006987
0.001948
0.001411
0.001948
0.007726
0.002150
0.006450
0.001545
0.002553
0.002352
0.002419
0.001478
0.004905
0.001277
0.001948
0.003897
0.009540
0.001478
0.003023
0.001142
0.002956
0.001411
0.005576
0.001344
0.002217
0.003158
0.002016
0.001142
0.002755
0.004972
0.002217
0.004636
0.002822
0.002150
0.001948
0.006584
0.001814
0.001008
0.002419
0.000941
0.002150
0.003628
0.001142
0.003023
0.001344
0.002620
0.001209
0.007592
0.004636
0.002217
0.001008
0.004636
0.000873
0.004837
0.003359
0.001881
0.000941
0.007055
0.004770
0.001948
0.001747
0.000672
0.002956
0.008869
0.004972
0.001344
0.002016
0.002016
0.000941
0.000941
0.007928
0.001008
0.002217
0.003091
0.005106
0.001545
0.003628
0.001747
0.001209
0.003091
0.002419
0.001612
0.001747
0.008197
0.002486
0.002889
0.002822
0.002083
0.000873
0.002083
