0.079549
0.001478
0.003292
0.003830
0.002822
0.001344
0.012564
0.003762
0.001478
0.002217
0.003426
0.002352
0.003292
0.001277
0.005778
0.013773
0.003628
0.001814
0.002016
0.005106
0.002217
0.001277
0.007861
0.004703
0.002553
0.003762
0.005980
0.001814
0.002016
0.001948
0.005442
0.008062
0.003897
0.001747
0.002419
0.006651
0.003695
0.001612
0.007458
0.002687
0.001478
0.003023
0.005308
0.004569
0.007794
0.001881
0.005912
0.002352
0.003158
0.000941
0.003225
0.002620
0.003494
0.001478
0.013975
0.004031
0.002419
0.001545
0.004300
0.001948
0.014176
0.002352
0.004770
0.003695
0.003225
0.001209
0.004233
0.006786
0.002217
0.003762
0.002755
0.003426
0.002352
0.003830
0.005845
0.001881
0.002620
0.001344
0.003695
0.006853
0.001411
0.001142
0.002150
0.002217
0.003561
0.012161
0.003964
0.004636
0.001142
0.002217
0.002217
0.001545
0.001747
0.001881
0.004636
0.014848
0.003225
0.001344
0.002284
0.003292
0.003359
0.011892
0.002553
0.003494
0.001814
0.001814
0.002217
0.001881
0.015184
0.002217
0.003762
0.001545
0.004098
0.000941
0.002822
0.004636
0.004300
0.005912
0.002352
0.002083
0.001814
0.003762
0.005308
0.002889
0.007794
0.001680
0.002620
0.001344
0.001008
0.001948
0.003023
0.004569
0.002553
0.003964
0.009003
0.002016
0.001814
0.000941
0.002486
0.002352
0.003695
0.001478
0.003225
0.009406
0.002352
0.003426
0.002284
0.007928
0.002217
0.003359
0.005106
0.002822
0.004636
0.001142
0.007458
0.001478
0.003695
0.001008
0.003494
0.006853
0.007525
0.003426
0.002083
0.003628
0.001948
0.003091
0.006114
0.003359
0.001344
0.001142
0.010212
0.005509
0.004300
0.001680
0.003628
0.005711
0.002553
0.000941
0.003023
0.001411
0.001680
0.003561
0.008936
0.003023
0.002284
0.000672
0.002620
0.001680
0.008197
0.001411
0.004367
0.006517
0.001411
0.001142
0.004367
0.007995
0.001814
0.002755
0.003494
0.001948
0.003225
0.008062
0.003628
0.001478
0.003359
0.000806
0.002889
0.004837
0.001008
0.001881
0.001814
0.003023
0.001747
0.007458
0.006383
0.003091
0.001680
0.001747
0.001411
0.001881
0.003091
0.001075
0.002956
0.011086
0.003494
0.001209
0.001680
0.001545
0.002419
0.005778
0.004703
0.001747
0.002016
0.001612
0.001277
0.001545
0.008734
0.000941
0.002889
0.004703
0.005980
0.000739
0.003762
0.001948
0.001814
0.003695
0.004233
0.002620
0.001881
0.007390
0.002083
0.003158
0.004098
0.001277
0.002687
0.004703
