0.084520
0.001545
0.002956
0.002620
0.002755
0.002687
0.013706
0.005039
0.001680
0.001680
0.002889
0.002687
0.002755
0.002822
0.005241
0.015520
0.004233
0.001344
0.003426
0.004031
0.001814
0.002150
0.007256
0.003426
0.000806
0.003897
0.002956
0.002687
0.001948
0.001747
0.004300
0.008600
0.005509
0.001612
0.002217
0.005173
0.003225
0.002150
0.007189
0.003023
0.001411
0.004569
0.003494
0.001948
0.007055
0.001478
0.003695
0.002083
0.004031
0.001478
0.004233
0.002620
0.003964
0.002016
0.013236
0.003091
0.002486
0.001612
0.003494
0.001008
0.016326
0.001612
0.004166
0.002016
0.005375
0.002352
0.001948
0.003695
0.002016
0.008667
0.002217
0.005308
0.001680
0.003023
0.003897
0.001948
0.002956
0.004098
0.002620
0.009809
0.001478
0.003023
0.001209
0.005375
0.002822
0.014983
0.002150
0.003762
0.001008
0.002016
0.001881
0.003292
0.002620
0.003964
0.003426
0.014243
0.004905
0.003091
0.001680
0.003762
0.003695
0.011489
0.001948
0.003292
0.002755
0.002956
0.002083
0.001209
0.012295
0.003830
0.003359
0.004166
0.003964
0.003091
0.001612
0.004837
0.006786
0.009406
0.001478
0.002687
0.001008
0.003762
0.003359
0.001814
0.010011
0.003561
0.002150
0.001680
0.001411
0.001545
0.002352
0.002889
0.001545
0.003897
0.007659
0.002217
0.002083
0.001344
0.001948
0.001814
0.004233
0.002352
0.002486
0.010750
0.002150
0.002553
0.003426
0.005241
0.001411
0.002486
0.004636
0.001814
0.001881
0.001545
0.005039
0.001478
0.003628
0.001680
0.001747
0.006316
0.005644
0.001948
0.002016
0.003762
0.001545
0.002083
0.004972
0.002016
0.001948
0.002016
0.007928
0.003628
0.004905
0.002016
0.002419
0.003695
0.002352
0.002755
0.003695
0.002083
0.002217
0.004166
0.007928
0.001478
0.001948
0.001075
0.002083
0.001747
0.008331
0.001209
0.001881
0.005039
0.002016
0.001747
0.003225
0.004770
0.001277
0.004166
0.003494
0.001747
0.002553
0.007323
0.002217
0.001142
0.003426
0.002620
0.002486
0.005442
0.001277
0.002553
0.002016
0.003494
0.001747
0.007390
0.004098
0.001680
0.002217
0.002889
0.001747
0.003628
0.005576
0.002553
0.002217
0.009608
0.004569
0.001747
0.002755
0.001814
0.002822
0.006987
0.003897
0.001209
0.004098
0.001680
0.000806
0.002284
0.007323
0.002889
0.002217
0.004636
0.004905
0.002150
0.003964
0.004300
0.003561
0.005576
0.002419
0.001680
0.002083
0.005241
0.003426
0.004166
0.006584
0.002217
0.002352
0.003695
