0.090769
0.001747
0.003695
0.003695
0.002016
0.001747
0.016729
0.004569
0.000470
0.002016
0.004300
0.003158
0.001814
0.002956
0.005106
0.011825
0.002822
0.002419
0.001545
0.004098
0.001478
0.002083
0.010615
0.005845
0.001277
0.004569
0.005509
0.001344
0.001881
0.002083
0.006181
0.007189
0.003359
0.002016
0.002822
0.005778
0.004031
0.001209
0.010817
0.002217
0.000470
0.003897
0.005106
0.002822
0.006517
0.001142
0.008869
0.002687
0.002419
0.000941
0.003762
0.001277
0.004166
0.002956
0.018745
0.003292
0.001209
0.001478
0.004972
0.001411
0.014311
0.002352
0.004501
0.002419
0.003426
0.001881
0.002083
0.005711
0.001747
0.008264
0.002419
0.004501
0.001948
0.004098
0.003292
0.002150
0.001209
0.005308
0.002553
0.009540
0.001142
0.001680
0.001008
0.003091
0.001478
0.015251
0.003158
0.005778
0.001209
0.002419
0.002150
0.003225
0.003426
0.003359
0.002620
0.014848
0.003426
0.000941
0.001814
0.002083
0.002083
0.012833
0.002822
0.004031
0.001344
0.002620
0.002284
0.001075
0.010347
0.003695
0.003964
0.002016
0.003225
0.001344
0.002083
0.002553
0.002486
0.008264
0.001814
0.002150
0.000806
0.004501
0.004166
0.001344
0.007726
0.003561
0.002083
0.002486
0.000672
0.001948
0.002687
0.004434
0.000605
0.003561
0.009339
0.002687
0.001344
0.001680
0.004636
0.004972
0.003359
0.002486
0.003426
0.009137
0.001680
0.003830
0.001881
0.005039
0.000873
0.003292
0.007256
0.002419
0.002755
0.002620
0.007323
0.001545
0.002083
0.001881
0.003561
0.005039
0.006316
0.003225
0.003023
0.002217
0.001680
0.003091
0.006853
0.002822
0.001411
0.001344
0.007189
0.003494
0.005106
0.001411
0.004972
0.003964
0.002016
0.001344
0.004031
0.001008
0.001545
0.004098
0.012161
0.001612
0.002016
0.001277
0.003359
0.001747
0.007592
0.001209
0.003964
0.004703
0.002620
0.001209
0.003426
0.008936
0.001277
0.004031
0.002822
0.002150
0.002553
0.008130
0.002284
0.001814
0.002687
0.002755
0.002016
0.004501
0.000537
0.001344
0.001344
0.002553
0.000806
0.008533
0.004703
0.001881
0.000672
0.002620
0.001680
0.002419
0.004098
0.001747
0.002419
0.009675
0.003830
0.002620
0.002083
0.000873
0.001075
0.008533
0.004233
0.001881
0.001747
0.002352
0.001075
0.001814
0.006047
0.002016
0.002217
0.002755
0.004300
0.001008
0.003494
0.001680
0.001612
0.004434
0.003494
0.001881
0.000336
0.006181
0.002419
0.003695
0.003762
0.001948
0.002486
0.004569
