0.093792
0.001008
0.001411
0.001545
0.001881
0.003426
0.012228
0.004098
0.000873
0.002352
0.002687
0.001612
0.002150
0.002687
0.003225
0.013975
0.003023
0.002016
0.001478
0.003762
0.002687
0.002284
0.007995
0.003292
0.001747
0.003292
0.002755
0.001209
0.001881
0.003023
0.003426
0.006114
0.005576
0.001747
0.001545
0.003561
0.006383
0.001411
0.006786
0.000941
0.003628
0.004703
0.003494
0.002217
0.006584
0.001881
0.004703
0.001277
0.003023
0.001277
0.002083
0.001478
0.006047
0.004569
0.015587
0.002284
0.003023
0.001747
0.001612
0.000941
0.014983
0.003359
0.003830
0.001277
0.003695
0.001814
0.002419
0.003830
0.001277
0.010414
0.000873
0.005308
0.002352
0.006584
0.005039
0.002083
0.002352
0.007189
0.001075
0.010279
0.002217
0.003561
0.001814
0.001948
0.004703
0.015789
0.002822
0.003494
0.001209
0.004367
0.001277
0.001814
0.003695
0.004972
0.003292
0.012564
0.003225
0.002620
0.000806
0.001545
0.005375
0.014983
0.001680
0.002284
0.004367
0.005980
0.001277
0.001075
0.012967
0.004636
0.002217
0.001814
0.005039
0.001814
0.001948
0.003897
0.007122
0.012564
0.001545
0.001612
0.001948
0.007256
0.002419
0.001344
0.008264
0.005442
0.001948
0.001142
0.001612
0.001680
0.002352
0.003292
0.001612
0.003964
0.006651
0.001142
0.002150
0.001344
0.002352
0.001814
0.002822
0.002284
0.001344
0.008600
0.002083
0.003830
0.001478
0.005308
0.002687
0.003023
0.004098
0.001612
0.002620
0.001881
0.004098
0.001209
0.004166
0.001411
0.001881
0.003964
0.007122
0.003158
0.001209
0.001075
0.003561
0.003359
0.003158
0.001411
0.006047
0.002755
0.005980
0.002687
0.004703
0.001747
0.002352
0.003091
0.001747
0.000941
0.001411
0.001277
0.003964
0.004703
0.006987
0.001411
0.002284
0.000873
0.002150
0.001209
0.010347
0.001881
0.002755
0.003561
0.003225
0.002352
0.002419
0.006584
0.002016
0.007726
0.001948
0.002419
0.003091
0.007995
0.001680
0.001075
0.003359
0.002486
0.001747
0.004300
0.001814
0.002822
0.000941
0.002083
0.002553
0.009205
0.004770
0.002150
0.001545
0.003292
0.001344
0.001612
0.004233
0.001814
0.001344
0.008667
0.004905
0.002419
0.000941
0.000806
0.003359
0.012228
0.002620
0.001948
0.004434
0.004569
0.000941
0.001075
0.008264
0.002620
0.001680
0.004569
0.004233
0.002889
0.002284
0.002419
0.004031
0.008734
0.002755
0.001814
0.002419
0.007458
0.001612
0.002822
0.005039
0.003359
0.001277
0.002822
