0.084655
0.000806
0.001612
0.003897
0.003628
0.002755
0.010145
0.004098
0.002083
0.001747
0.004233
0.002889
0.003158
0.003023
0.003897
0.010615
0.004300
0.001612
0.000941
0.005980
0.002150
0.001411
0.006651
0.007726
0.001680
0.003561
0.005845
0.001814
0.001814
0.001545
0.003897
0.011825
0.004233
0.001075
0.001612
0.003426
0.007659
0.001545
0.010414
0.001075
0.002553
0.002755
0.004569
0.002083
0.010212
0.001411
0.007055
0.000873
0.005375
0.001075
0.001948
0.001612
0.005308
0.002083
0.013370
0.003292
0.003158
0.001344
0.003292
0.000873
0.010145
0.001612
0.003830
0.002486
0.003158
0.001545
0.001411
0.005375
0.001680
0.013572
0.001478
0.007189
0.001612
0.003964
0.003695
0.002620
0.001814
0.006383
0.002352
0.008600
0.002217
0.002016
0.000537
0.004300
0.002352
0.007055
0.003561
0.005711
0.000537
0.003359
0.002284
0.002284
0.002486
0.002217
0.003292
0.009944
0.003158
0.001277
0.001209
0.001747
0.004703
0.011758
0.003225
0.002889
0.001008
0.003023
0.003158
0.001545
0.011153
0.003830
0.003964
0.002889
0.006517
0.002016
0.001680
0.003964
0.010951
0.013572
0.002217
0.001008
0.002419
0.006383
0.004434
0.001008
0.010011
0.005845
0.002083
0.001411
0.001075
0.000739
0.001680
0.004031
0.001747
0.004031
0.007323
0.002083
0.001478
0.000739
0.004837
0.003225
0.004972
0.002419
0.001747
0.007794
0.003023
0.002150
0.001680
0.007525
0.001747
0.001680
0.005106
0.003762
0.004300
0.003628
0.008130
0.001612
0.003091
0.001277
0.002016
0.007055
0.006786
0.000941
0.001612
0.001545
0.003695
0.001814
0.006316
0.000873
0.002889
0.001209
0.007995
0.002419
0.007794
0.001612
0.003292
0.001478
0.004770
0.001008
0.003023
0.000605
0.003359
0.004098
0.007390
0.001411
0.004300
0.000873
0.005039
0.000672
0.006248
0.000941
0.002284
0.004972
0.001680
0.000873
0.002150
0.006920
0.002016
0.008062
0.002687
0.003426
0.001142
0.006450
0.002553
0.004031
0.002419
0.002687
0.001680
0.008062
0.000873
0.002016
0.001209
0.002284
0.001612
0.005442
0.004031
0.002620
0.001008
0.004233
0.001411
0.002889
0.003762
0.001008
0.001814
0.006517
0.003762
0.001008
0.001344
0.001142
0.002217
0.006651
0.005173
0.001344
0.002419
0.003628
0.001142
0.001478
0.007256
0.002284
0.002755
0.004770
0.007458
0.001209
0.002150
0.001411
0.003561
0.007458
0.003292
0.001008
0.004367
0.007995
0.002284
0.001411
0.006114
0.001680
0.001948
0.001747
