0.089761
0.001344
0.004300
0.003359
0.002419
0.003561
0.009608
0.004569
0.000873
0.001814
0.004972
0.002956
0.002217
0.002822
0.005912
0.014176
0.002352
0.001277
0.001612
0.005106
0.000873
0.002284
0.009070
0.006786
0.001277
0.003762
0.004098
0.002687
0.001478
0.001545
0.005106
0.013572
0.003359
0.001612
0.003091
0.003628
0.006920
0.001545
0.011825
0.001142
0.001411
0.002687
0.004837
0.001344
0.013437
0.002620
0.007726
0.001344
0.004031
0.001008
0.002150
0.001344
0.004569
0.002956
0.011758
0.002822
0.002016
0.002352
0.003897
0.000739
0.011220
0.002822
0.003830
0.002217
0.003762
0.002217
0.001209
0.004837
0.001612
0.016259
0.001344
0.007390
0.001142
0.005711
0.002822
0.002016
0.001680
0.010481
0.001680
0.010078
0.001612
0.004031
0.001209
0.004031
0.002083
0.010884
0.002687
0.004703
0.001008
0.008465
0.001881
0.003292
0.002016
0.005308
0.001948
0.011623
0.002419
0.003225
0.001142
0.002083
0.004098
0.011623
0.002822
0.002956
0.001277
0.004569
0.001209
0.000941
0.012564
0.006584
0.002217
0.002083
0.003225
0.002419
0.001478
0.003494
0.005241
0.007659
0.000873
0.001411
0.001948
0.005039
0.003091
0.000739
0.009876
0.004837
0.001680
0.001411
0.000941
0.000806
0.003897
0.004098
0.001008
0.004098
0.006114
0.002284
0.000806
0.001747
0.003695
0.003695
0.003830
0.001478
0.002016
0.006114
0.001747
0.002150
0.002284
0.006920
0.000806
0.002352
0.006450
0.003695
0.001680
0.002016
0.006786
0.002486
0.001881
0.001545
0.004233
0.006383
0.005576
0.002553
0.003292
0.001478
0.001881
0.002150
0.007995
0.001209
0.001142
0.002687
0.008465
0.001612
0.006047
0.001612
0.004636
0.001545
0.002889
0.001209
0.001478
0.001277
0.001814
0.003964
0.006383
0.001411
0.002150
0.001075
0.004770
0.000806
0.006517
0.001747
0.001814
0.003762
0.002284
0.002150
0.001881
0.005912
0.001277
0.010011
0.002016
0.003225
0.003091
0.007055
0.001478
0.003023
0.001747
0.004300
0.001008
0.006181
0.001008
0.004972
0.001209
0.004636
0.000873
0.007928
0.003897
0.001881
0.001209
0.006450
0.001545
0.005039
0.003158
0.002352
0.000941
0.006047
0.003426
0.002822
0.001075
0.001008
0.001948
0.007659
0.003561
0.001747
0.002150
0.003494
0.001277
0.001277
0.005778
0.003426
0.000873
0.003426
0.006047
0.003359
0.001948
0.001680
0.002822
0.004837
0.001142
0.000941
0.002284
0.006987
0.002150
0.001948
0.004501
0.002083
0.000739
0.001747
