0.062080
0.001948
0.002284
0.005241
0.002956
0.002956
0.013236
0.005778
0.001075
0.001344
0.002419
0.002687
0.003628
0.003292
0.003695
0.017065
0.004434
0.001747
0.001680
0.005039
0.002217
0.002150
0.005845
0.006987
0.002083
0.004098
0.003091
0.001948
0.001881
0.002150
0.004367
0.011959
0.004300
0.001075
0.001142
0.003762
0.006248
0.001814
0.008936
0.002016
0.002217
0.003292
0.003023
0.001142
0.011623
0.001881
0.004098
0.001612
0.005778
0.001478
0.002150
0.001680
0.006719
0.002889
0.008533
0.002553
0.003830
0.001948
0.003897
0.001008
0.012833
0.002553
0.003158
0.002956
0.003897
0.002150
0.001277
0.004770
0.001747
0.011623
0.001680
0.009137
0.002016
0.003830
0.004770
0.003359
0.001948
0.006853
0.001680
0.016662
0.001948
0.003158
0.001008
0.007592
0.001142
0.014109
0.001008
0.005308
0.001344
0.005173
0.001478
0.003091
0.002284
0.003628
0.002083
0.015453
0.003695
0.002217
0.000672
0.001948
0.004166
0.012833
0.002486
0.002755
0.002217
0.003628
0.001680
0.001612
0.013236
0.004434
0.001344
0.003830
0.005509
0.001478
0.001075
0.004569
0.004636
0.012295
0.000806
0.001545
0.002352
0.004569
0.005039
0.001344
0.007256
0.004770
0.002016
0.002150
0.001209
0.001545
0.002083
0.004770
0.001881
0.003897
0.007525
0.002620
0.001344
0.001277
0.001881
0.004098
0.004434
0.002150
0.001612
0.010481
0.002150
0.001344
0.000806
0.005912
0.001545
0.001948
0.003158
0.002956
0.002687
0.001881
0.005106
0.001612
0.002553
0.001747
0.003091
0.007390
0.007122
0.001747
0.001680
0.001881
0.003830
0.003023
0.005576
0.001478
0.002150
0.002284
0.005173
0.002553
0.006920
0.000941
0.001344
0.002419
0.004972
0.001277
0.002016
0.001545
0.002755
0.004166
0.004837
0.001209
0.004233
0.000941
0.002620
0.002083
0.007390
0.001545
0.001814
0.003494
0.002083
0.001680
0.002217
0.006181
0.001881
0.006719
0.001545
0.004770
0.001008
0.006047
0.001478
0.003426
0.002822
0.004434
0.001747
0.012564
0.001008
0.003091
0.001142
0.004837
0.001344
0.007323
0.003359
0.002755
0.001612
0.004434
0.001277
0.003225
0.004098
0.002486
0.001545
0.010481
0.004501
0.001881
0.001411
0.001478
0.002620
0.007726
0.005509
0.001478
0.001680
0.002956
0.001142
0.001612
0.007458
0.002956
0.001344
0.004166
0.007592
0.002284
0.001545
0.002016
0.003426
0.005106
0.002620
0.001814
0.002352
0.006920
0.001948
0.002352
0.005039
0.002822
0.001881
0.003158
