0.075181
0.001545
0.003695
0.004166
0.003426
0.001344
0.016125
0.004636
0.001209
0.002150
0.004233
0.004569
0.002687
0.003091
0.003897
0.014311
0.003292
0.002352
0.002150
0.004501
0.001209
0.001344
0.011959
0.008801
0.001814
0.003158
0.005241
0.002150
0.000806
0.001747
0.007055
0.013370
0.003561
0.001612
0.002486
0.003426
0.005576
0.002419
0.007794
0.002150
0.001344
0.003023
0.006316
0.002822
0.007189
0.001814
0.004434
0.001680
0.002352
0.001277
0.002352
0.001411
0.002419
0.002083
0.015453
0.003292
0.003091
0.000806
0.004501
0.001478
0.013572
0.002620
0.004837
0.003964
0.002956
0.001545
0.002419
0.004031
0.000941
0.008062
0.001814
0.005576
0.002083
0.002486
0.004770
0.003762
0.001344
0.004703
0.002352
0.008869
0.001142
0.002016
0.001277
0.003762
0.002217
0.015722
0.003158
0.007323
0.001344
0.002150
0.002486
0.002755
0.001411
0.004972
0.003225
0.020761
0.002217
0.001680
0.001411
0.002083
0.002352
0.014915
0.001814
0.002150
0.001747
0.001881
0.001881
0.001478
0.015654
0.005442
0.002016
0.002620
0.002956
0.002284
0.001680
0.003494
0.004098
0.004703
0.002284
0.002016
0.002016
0.002889
0.004367
0.001680
0.006450
0.005778
0.001612
0.002150
0.000403
0.001277
0.006383
0.004972
0.001747
0.004166
0.009205
0.002620
0.001612
0.001209
0.005173
0.004972
0.003426
0.001747
0.002217
0.008600
0.002083
0.003023
0.001344
0.005845
0.001814
0.002755
0.007122
0.005106
0.002755
0.002352
0.005644
0.002889
0.002822
0.001612
0.002956
0.008062
0.005644
0.003023
0.004098
0.002486
0.002956
0.002822
0.005173
0.002217
0.000739
0.001411
0.009608
0.003830
0.004501
0.001680
0.001747
0.002889
0.002755
0.001209
0.002889
0.001411
0.001478
0.002889
0.009205
0.002687
0.001881
0.000806
0.003158
0.001344
0.007055
0.001545
0.002016
0.004569
0.001747
0.002217
0.003897
0.005980
0.001545
0.004972
0.003359
0.002419
0.003023
0.005241
0.002150
0.003023
0.002822
0.002217
0.001411
0.005173
0.000672
0.001948
0.001209
0.002083
0.000806
0.007995
0.004367
0.003494
0.001142
0.002217
0.000806
0.001948
0.002486
0.002687
0.001881
0.013437
0.002889
0.001948
0.002016
0.001075
0.003091
0.008130
0.004166
0.001747
0.001411
0.001277
0.001209
0.001948
0.008264
0.002486
0.001411
0.003964
0.005241
0.001411
0.003695
0.001881
0.002755
0.004031
0.003561
0.002217
0.001814
0.005173
0.002352
0.002553
0.003225
0.002217
0.001747
0.003494
