0.100914
0.002620
0.002889
0.003023
0.002150
0.003628
0.007458
0.003897
0.002083
0.003897
0.001478
0.002956
0.002620
0.004837
0.002352
0.011153
0.004233
0.003494
0.001478
0.004434
0.003091
0.002822
0.007592
0.004837
0.001344
0.004031
0.002956
0.003091
0.002083
0.003762
0.004031
0.009205
0.004569
0.003023
0.002150
0.003158
0.003830
0.003695
0.003830
0.002150
0.001881
0.004367
0.002620
0.002016
0.005980
0.003762
0.002822
0.002016
0.003964
0.002889
0.001344
0.002755
0.003762
0.003561
0.007794
0.002486
0.001814
0.003830
0.001747
0.001948
0.008734
0.003762
0.003292
0.002284
0.004569
0.003964
0.001344
0.003964
0.001612
0.006920
0.001142
0.005106
0.002956
0.005442
0.002620
0.003158
0.001478
0.005576
0.001881
0.008062
0.003158
0.005173
0.001277
0.004837
0.003762
0.010817
0.002150
0.003091
0.001545
0.004905
0.001680
0.003762
0.003695
0.004098
0.001948
0.012295
0.003695
0.003762
0.001344
0.002620
0.002687
0.009742
0.001209
0.003426
0.002956
0.004098
0.001680
0.003225
0.011220
0.005039
0.002217
0.003426
0.004031
0.003897
0.000873
0.005711
0.003762
0.006450
0.001411
0.002620
0.001814
0.005711
0.003091
0.002217
0.005644
0.005509
0.001478
0.002419
0.000941
0.002217
0.001344
0.004434
0.001747
0.005173
0.004434
0.002889
0.001545
0.003561
0.001881
0.002083
0.005644
0.005241
0.001680
0.006920
0.001747
0.003964
0.001209
0.005980
0.001478
0.005106
0.004434
0.003695
0.002150
0.003762
0.003494
0.003426
0.003225
0.003292
0.001277
0.006517
0.006719
0.004501
0.001478
0.002083
0.002016
0.003964
0.002419
0.002217
0.001881
0.003561
0.005442
0.001948
0.004031
0.002620
0.000806
0.003426
0.001948
0.002217
0.001344
0.001411
0.002553
0.005644
0.005442
0.002016
0.002419
0.003494
0.001209
0.001478
0.006248
0.003628
0.002352
0.004233
0.002150
0.002620
0.001209
0.005308
0.001881
0.005173
0.002486
0.004031
0.002889
0.007861
0.001411
0.002150
0.002889
0.004636
0.001612
0.006517
0.001478
0.003426
0.000873
0.003359
0.003023
0.006316
0.003561
0.003762
0.001747
0.004233
0.001209
0.003158
0.005778
0.003628
0.001948
0.007055
0.004837
0.004837
0.001142
0.002284
0.001948
0.007256
0.003561
0.002822
0.002889
0.003830
0.001142
0.001747
0.006383
0.004972
0.001075
0.007256
0.005375
0.003292
0.001881
0.002822
0.004098
0.005308
0.001277
0.002956
0.002352
0.005912
0.001545
0.003897
0.004636
0.003830
0.001747
0.003225
