0.077063
0.001142
0.002687
0.003964
0.002620
0.003628
0.008734
0.003426
0.001344
0.002419
0.003561
0.004569
0.003762
0.003695
0.003292
0.007659
0.005442
0.002217
0.002016
0.004972
0.003091
0.002150
0.007323
0.006181
0.001478
0.004636
0.004166
0.002620
0.002217
0.001814
0.002755
0.006517
0.003426
0.002083
0.002217
0.004031
0.004972
0.000873
0.005980
0.001747
0.002083
0.003091
0.005711
0.003091
0.008398
0.002217
0.003158
0.002486
0.004233
0.001209
0.003158
0.002889
0.003628
0.002687
0.012094
0.004569
0.002352
0.001948
0.004166
0.001411
0.010212
0.003628
0.002486
0.003561
0.004233
0.002620
0.001747
0.005711
0.002083
0.008062
0.001612
0.004972
0.002150
0.003964
0.005375
0.003426
0.002419
0.004031
0.002217
0.006719
0.003225
0.004300
0.001411
0.003628
0.002755
0.009070
0.004569
0.005912
0.001008
0.004972
0.002956
0.002352
0.002687
0.004434
0.003494
0.012295
0.003628
0.002889
0.001411
0.003359
0.003225
0.009406
0.002687
0.004233
0.002553
0.002956
0.003225
0.001814
0.009540
0.004905
0.002150
0.003964
0.004905
0.002822
0.002217
0.004569
0.003964
0.007390
0.001814
0.002687
0.001478
0.003897
0.003561
0.001814
0.009070
0.005845
0.003225
0.002687
0.001277
0.001948
0.004031
0.004166
0.002620
0.004434
0.006047
0.001478
0.000806
0.001209
0.002755
0.003292
0.005845
0.002150
0.001948
0.007189
0.002217
0.003494
0.002150
0.006383
0.002822
0.004031
0.006248
0.003561
0.002755
0.003158
0.005106
0.002755
0.004031
0.002486
0.002284
0.006181
0.005241
0.002352
0.002755
0.002553
0.002419
0.002620
0.005308
0.001612
0.001948
0.002889
0.008936
0.003292
0.005644
0.001680
0.002419
0.003964
0.003158
0.001209
0.002620
0.001209
0.002419
0.005173
0.006987
0.002217
0.002620
0.001881
0.002889
0.001814
0.005375
0.001948
0.002150
0.004703
0.002150
0.002687
0.003695
0.006450
0.001142
0.004703
0.003225
0.003561
0.002755
0.007390
0.003762
0.003494
0.003494
0.002620
0.002486
0.006047
0.001008
0.003426
0.001881
0.002822
0.002284
0.006719
0.005845
0.002822
0.001814
0.003426
0.001478
0.002150
0.004367
0.002956
0.002687
0.008062
0.003494
0.003225
0.001277
0.002150
0.002352
0.006316
0.004233
0.001680
0.002150
0.002553
0.002083
0.003023
0.008398
0.002889
0.002083
0.005576
0.005912
0.002083
0.002284
0.003023
0.002016
0.005442
0.003359
0.002083
0.001142
0.005442
0.002419
0.002486
0.005442
0.002687
0.002016
0.003158
